Volume (pixel^3)	Surface (pixel^2)	Nb of obj. voxels	Nb of surf. voxels	IntDen	Mean	StdDev	Median	Min	Max	X	Y	Z	Mean dist. to surf. (pixel)	SD dist. to surf. (pixel)	Median dist. to surf. (pixel)	XM	YM	ZM	BX	BY	BZ	B-width	B-height	B-depth
21754	21754	21754	10558	5547270	255	0	255	255	255	765.023	591.765	0	739.551	117.231	758.356	765.022	591.754	0	0	0	0	1548	1183	0
253	253	253	49	64515	255	0	255	255	255	1115.846	149.273	0	8.628	1.110	8.876	1115.847	149.273	0	1107	140	0	19	19	0
742	742	742	97	189210	255	0	255	255	255	1139.532	167.434	0	14.817	2.792	15.194	1139.534	167.434	0	1124	151	0	33	38	0
164	164	164	41	41820	255	0	255	255	255	1099.976	166.476	0	6.753	0.745	6.806	1099.977	166.476	0	1093	161	0	16	13	0
331	331	331	60	84405	255	0	255	255	255	1113.024	196.502	0	9.844	1.266	9.919	1113.025	196.502	0	1102	188	0	22	18	0
219	219	219	45	55845	255	0	255	255	255	1072.055	208.251	0	8.049	1.182	8.251	1072.056	208.251	0	1064	200	0	17	18	0
66	66	66	25	16830	255	0	255	255	255	1048.106	224.106	0	4.128	0.361	4.107	1048.106	224.106	0	1044	220	0	9	9	0
181	181	181	48	46155	255	0	255	255	255	1089.580	227.923	0	7.388	2.364	7.650	1089.581	227.923	0	1080	220	0	19	17	0
647	647	647	89	164985	255	0	255	255	255	120.569	248.564	0	14.174	3.158	14.896	120.569	248.564	0	104	235	0	34	28	0
82	82	82	27	20910	255	0	255	255	255	1077.793	249.061	0	4.657	0.389	4.685	1077.793	249.061	0	1073	244	0	11	10	0
274	274	274	56	69870	255	0	255	255	255	147.555	262.215	0	8.975	1.574	9.059	147.555	262.216	0	137	253	0	21	18	0
185	185	185	44	47175	255	0	255	255	255	172.238	283.854	0	7.222	0.849	7.277	172.238	283.854	0	164	278	0	17	14	0
161	161	161	38	41055	255	0	255	255	255	112.360	294.689	0	6.735	0.535	6.730	112.360	294.689	0	105	288	0	15	15	0
164	164	164	40	41820	255	0	255	255	255	194.823	299.945	0	6.897	1.173	7.124	194.823	299.945	0	188	292	0	16	16	0
740	740	740	115	188700	255	0	255	255	255	138.000	310.119	0	15.104	3.979	16.191	138.001	310.119	0	122	293	0	32	37	0
616	616	616	83	157080	255	0	255	255	255	989.636	314.002	0	13.744	2.322	13.697	989.638	314.002	0	976	299	0	30	30	0
437	437	437	84	111435	255	0	255	255	255	174.199	318.762	0	12.359	4.736	12.146	174.199	318.762	0	156	307	0	36	24	0
429	429	429	72	109395	255	0	255	255	255	959.902	333.131	0	11.410	2.637	11.585	959.903	333.131	0	949	318	0	22	29	0
400	400	400	64	102000	255	0	255	255	255	152.280	354.310	0	10.881	1.326	10.499	152.280	354.310	0	140	344	0	24	23	0
1453	1453	1453	138	370515	255	0	255	255	255	208.145	371.882	0	20.990	4.367	21.878	208.146	371.881	0	187	346	0	44	54	0
382	382	382	63	97410	255	0	255	255	255	928.427	361.228	0	10.729	1.608	10.576	928.428	361.228	0	918	349	0	22	25	0
1571	1571	1571	208	400605	255	0	255	255	255	250.290	406.499	0	24.666	10.382	21.912	250.291	406.499	0	235	366	0	34	82	0
294	294	294	56	74970	255	0	255	255	255	873.112	388.952	0	9.240	1.297	9.347	873.114	388.952	0	862	379	0	22	19	0
363	363	363	63	92565	255	0	255	255	255	289.410	410.824	0	10.355	1.556	10.435	289.411	410.824	0	279	398	0	20	25	0
334	334	334	59	85170	255	0	255	255	255	199.183	417.446	0	9.903	0.912	9.725	199.183	417.446	0	189	408	0	21	20	0
158	158	158	39	40290	255	0	255	255	255	889.544	416.297	0	6.715	0.831	6.878	889.545	416.297	0	883	409	0	14	16	0
356	356	356	62	90780	255	0	255	255	255	303.986	434.360	0	10.235	1.268	10.371	303.987	434.360	0	292	424	0	24	20	0
146	146	146	36	37230	255	0	255	255	255	354.637	451.932	0	6.383	0.382	6.374	354.637	451.932	0	348	445	0	14	14	0
341	341	341	82	86955	255	0	255	255	255	827.185	467.375	0	10.197	4.448	10.310	827.186	467.376	0	819	452	0	18	33	0
309	309	309	57	78795	255	0	255	255	255	865.152	464.136	0	9.473	1.104	9.570	865.153	464.136	0	857	455	0	19	22	0
431	431	431	84	109905	255	0	255	255	255	274.299	472.680	0	11.931	3.999	12.358	274.300	472.680	0	265	457	0	17	35	0
410	410	410	64	104550	255	0	255	255	255	304.022	468.656	0	10.972	0.864	11.031	304.023	468.656	0	292	457	0	24	23	0
83	83	83	28	21165	255	0	255	255	255	239.651	467.928	0	4.688	0.378	4.720	239.651	467.928	0	235	463	0	10	11	0
1218	1218	1218	144	310590	255	0	255	255	255	518.316	489.548	0	19.394	4.419	19.561	518.317	489.549	0	498	466	0	39	53	0
133	133	133	36	33915	255	0	255	255	255	334.526	473.421	0	6.029	0.382	6.009	334.526	473.421	0	329	467	0	12	13	0
597	597	597	116	152235	255	0	255	255	255	362.360	484.472	0	14.619	6.123	14.744	362.361	484.473	0	340	470	0	45	31	0
84	84	84	29	21420	255	0	255	255	255	250.405	487.393	0	4.707	0.439	4.674	250.405	487.393	0	245	483	0	11	10	0
99	99	99	31	25245	255	0	255	255	255	321.253	492.273	0	5.158	0.531	5.237	321.253	492.273	0	316	488	0	12	10	0
908	908	908	156	231540	255	0	255	255	255	284.306	518.587	0	17.479	6.941	16.653	284.307	518.587	0	269	493	0	31	57	0
399	399	399	90	101745	255	0	255	255	255	401.965	522.271	0	11.984	5.071	11.440	401.966	522.271	0	391	503	0	22	37	0
265	265	265	53	67575	255	0	255	255	255	774.566	516.249	0	8.834	1.571	8.563	774.567	516.249	0	767	506	0	16	22	0
245	245	245	67	62475	255	0	255	255	255	367.641	513.971	0	8.979	3.484	9.279	367.641	513.971	0	355	508	0	28	12	0
118	118	118	33	30090	255	0	255	255	255	838.034	518.203	0	5.686	0.460	5.699	838.034	518.203	0	833	512	0	11	13	0
125	125	125	33	31875	255	0	255	255	255	325.656	526.128	0	5.896	0.717	5.958	325.656	526.128	0	319	520	0	14	13	0
209	209	209	48	53295	255	0	255	255	255	351.010	537.833	0	7.735	1.338	8.033	351.010	537.833	0	344	528	0	14	19	0
35	35	35	21	8925	255	0	255	255	255	514.657	533.600	0	2.968	1.008	3.083	514.657	533.600	0	513	530	0	5	9	0
112	112	112	32	28560	255	0	255	255	255	778.196	548.259	0	5.565	0.550	5.519	778.197	548.259	0	773	543	0	12	12	0
136	136	136	36	34680	255	0	255	255	255	425.897	558.449	0	6.169	0.600	6.245	425.897	558.448	0	420	552	0	13	14	0
160	160	160	40	40800	255	0	255	255	255	794.956	564.888	0	6.859	1.233	7.122	794.957	564.888	0	788	558	0	15	15	0
1894	1894	1894	233	482970	255	0	255	255	255	365.224	600.720	0	29.444	12.056	28.531	365.225	600.718	0	325	562	0	83	68	0
430	430	430	73	109650	255	0	255	255	255	407.635	575.453	0	11.130	1.794	11.644	407.636	575.454	0	395	562	0	25	26	0
149	149	149	36	37995	255	0	255	255	255	814.946	571.993	0	6.455	0.418	6.374	814.947	571.993	0	809	565	0	13	15	0
24	24	24	16	6120	255	0	255	255	255	707.917	572.875	0	2.361	0.732	2.350	707.917	572.875	0	706	570	0	5	7	0
189	189	189	45	48195	255	0	255	255	255	755.132	579.185	0	7.301	0.876	7.295	755.133	579.185	0	749	571	0	14	17	0
121	121	121	53	30855	255	0	255	255	255	529.570	585.207	0	5.981	2.363	6.235	529.570	585.207	0	523	579	0	17	14	0
73	73	73	25	18615	255	0	255	255	255	471.781	593.699	0	4.383	0.396	4.415	471.781	593.699	0	468	589	0	9	10	0
104	104	104	31	26520	255	0	255	255	255	801.144	594.788	0	5.284	0.369	5.256	801.144	594.788	0	796	590	0	11	11	0
116	116	116	32	29580	255	0	255	255	255	715.319	602.052	0	5.648	0.389	5.655	715.319	602.052	0	710	596	0	12	13	0
59	59	59	29	15045	255	0	255	255	255	527.254	606.763	0	3.982	1.061	3.945	527.254	606.763	0	522	602	0	11	9	0
111	111	111	32	28305	255	0	255	255	255	468.198	614.802	0	5.488	0.333	5.502	468.198	614.802	0	463	609	0	12	12	0
131	131	131	35	33405	255	0	255	255	255	436.168	620.519	0	6.035	0.568	6.017	436.168	620.519	0	431	614	0	12	14	0
758	758	758	148	193290	255	0	255	255	255	521.785	644.203	0	13.308	4.841	14.152	521.786	644.203	0	502	624	0	40	38	0
15	15	15	12	3825	255	0	255	255	255	543.067	627.933	0	1.860	0.688	2.001	543.067	627.933	0	541	625	0	5	6	0
132	132	132	36	33660	255	0	255	255	255	709.500	631.500	0	6.034	0.461	6.042	709.500	631.500	0	704	625	0	12	14	0
12	12	12	10	3060	255	0	255	255	255	501.833	631.167	0	1.508	0.449	1.434	501.833	631.167	0	501	629	0	3	5	0
1118	1118	1118	198	285090	255	0	255	255	255	688.481	657.248	0	17.911	7.735	18.737	688.482	657.248	0	670	632	0	38	55	0
276	276	276	52	70380	255	0	255	255	255	417.275	656.004	0	8.943	0.519	9.009	417.276	656.003	0	408	647	0	19	20	0
179	179	179	43	45645	255	0	255	255	255	448.682	657.201	0	7.228	1.294	7.208	448.682	657.201	0	441	649	0	16	18	0
1385	1385	1385	156	353175	255	0	255	255	255	492.097	677.653	0	20.600	6.636	23.081	492.099	677.651	0	464	656	0	57	43	0
97	97	97	30	24735	255	0	255	255	255	733.433	661.825	0	5.097	0.404	5.106	733.433	661.825	0	729	656	0	10	12	0
798	798	798	100	203490	255	0	255	255	255	650.238	684.192	0	15.695	3.880	16.247	650.240	684.191	0	631	668	0	39	34	0
152	152	152	38	38760	255	0	255	255	255	415.539	678.428	0	6.551	0.585	6.598	415.539	678.428	0	409	672	0	14	14	0
611	611	611	97	155805	255	0	255	255	255	449.534	693.894	0	13.832	3.726	13.349	449.535	693.893	0	435	674	0	27	38	0
98	98	98	29	24990	255	0	255	255	255	731.184	682.796	0	5.148	0.325	5.188	731.184	682.796	0	726	677	0	11	12	0
45	45	45	21	11475	255	0	255	255	255	567.267	683.667	0	3.423	0.666	3.413	567.267	683.667	0	564	680	0	9	9	0
27	27	27	16	6885	255	0	255	255	255	525.963	685.037	0	2.544	0.787	2.286	525.963	685.037	0	522	683	0	8	5	0
127	127	127	36	32385	255	0	255	255	255	561.063	695.677	0	5.896	0.659	6.019	561.063	695.677	0	555	690	0	13	13	0
104	104	104	31	26520	255	0	255	255	255	687.183	700.087	0	5.303	0.341	5.239	687.183	700.087	0	682	695	0	11	12	0
74	74	74	25	18870	255	0	255	255	255	599.905	703.122	0	4.441	0.495	4.321	599.905	703.122	0	596	698	0	9	11	0
132	132	132	35	33660	255	0	255	255	255	790.689	703.765	0	6.080	0.633	5.987	790.690	703.765	0	785	698	0	13	13	0
229	229	229	48	58395	255	0	255	255	255	767.956	709.803	0	8.138	0.946	8.021	767.957	709.804	0	759	702	0	18	16	0
79	79	79	28	20145	255	0	255	255	255	813.937	706.557	0	4.562	0.563	4.563	813.937	706.557	0	809	702	0	10	10	0
85	85	85	28	21675	255	0	255	255	255	596.059	716.706	0	4.754	0.315	4.771	596.059	716.706	0	591	712	0	11	10	0
20	20	20	15	5100	255	0	255	255	255	666.000	714.250	0	2.177	0.749	2.136	666.000	714.250	0	663	712	0	6	5	0
496	496	496	75	126480	255	0	255	255	255	513.819	725.897	0	12.311	2.681	12.000	513.820	725.896	0	497	717	0	34	20	0
171	171	171	42	43605	255	0	255	255	255	677.807	723.778	0	6.913	0.416	6.899	677.808	723.778	0	671	717	0	15	14	0
147	147	147	37	37485	255	0	255	255	255	792.959	723.905	0	6.408	0.525	6.303	792.960	723.905	0	786	718	0	15	13	0
122	122	122	34	31110	255	0	255	255	255	548.795	724.811	0	5.870	1.078	6.145	548.795	724.811	0	542	719	0	14	13	0
14	14	14	11	3570	255	0	255	255	255	752.643	723.429	0	1.719	0.512	1.698	752.643	723.429	0	751	721	0	4	5	0
191	191	191	45	48705	255	0	255	255	255	461.817	730.707	0	7.700	2.063	8.285	461.817	730.707	0	453	723	0	19	17	0
555	555	555	87	141525	255	0	255	255	255	715.611	743.836	0	13.097	3.771	13.704	715.612	743.836	0	707	726	0	18	37	0
354	354	354	64	90270	255	0	255	255	255	664.989	744.619	0	10.199	1.347	10.383	664.990	744.619	0	655	733	0	20	23	0
1810	1810	1810	176	461550	255	0	255	255	255	624.462	768.110	0	23.758	5.358	23.925	624.465	768.114	0	597	735	0	53	61	0
481	481	481	81	122655	255	0	255	255	255	481.730	754.630	0	12.614	3.900	12.021	481.731	754.630	0	467	741	0	29	31	0
893	893	893	135	227715	255	0	255	255	255	518.026	756.137	0	16.362	4.495	16.134	518.027	756.136	0	495	741	0	47	33	0
148	148	148	38	37740	255	0	255	255	255	566.345	749.034	0	6.415	0.824	6.458	566.345	749.034	0	561	741	0	12	16	0
156	156	156	41	39780	255	0	255	255	255	810.782	757.846	0	6.763	1.728	7.074	810.783	757.846	0	805	749	0	14	18	0
61	61	61	26	15555	255	0	255	255	255	743.787	756.049	0	4.001	1.085	4.096	743.787	756.049	0	741	750	0	7	12	0
89	89	89	28	22695	255	0	255	255	255	688.865	755.225	0	4.873	0.316	4.908	688.865	755.225	0	684	751	0	11	10	0
378	378	378	76	96390	255	0	255	255	255	674.511	779.495	0	10.569	2.533	10.693	674.512	779.494	0	661	767	0	24	27	0
40	40	40	20	10200	255	0	255	255	255	552.450	773.500	0	3.184	0.624	2.950	552.450	773.500	0	550	769	0	6	9	0
524	524	524	79	133620	255	0	255	255	255	570.557	789.034	0	12.693	1.823	12.710	570.559	789.034	0	557	777	0	28	27	0
354	354	354	90	90270	255	0	255	255	255	521.912	799.828	0	10.820	4.262	10.934	521.914	799.827	0	513	782	0	18	34	0
67	67	67	24	17085	255	0	255	255	255	698.761	786.657	0	4.207	0.449	4.238	698.761	786.657	0	695	782	0	9	10	0
251	251	251	49	64005	255	0	255	255	255	650.649	793.872	0	8.481	0.630	8.650	650.650	793.872	0	643	785	0	16	19	0
39	39	39	18	9945	255	0	255	255	255	591.564	791.256	0	3.087	0.422	3.099	591.564	791.256	0	589	788	0	6	8	0
115	115	115	33	29325	255	0	255	255	255	684.191	814.461	0	5.940	1.561	5.990	684.192	814.461	0	678	807	0	13	15	0
419	419	419	90	106845	255	0	255	255	255	707.379	834.649	0	12.474	5.128	12.362	707.381	834.648	0	697	813	0	19	39	0
157	157	157	37	40035	255	0	255	255	255	569.809	824.076	0	6.649	0.501	6.809	569.809	824.077	0	563	817	0	15	15	0
85	85	85	28	21675	255	0	255	255	255	556.435	835.753	0	4.766	0.369	4.751	556.435	835.753	0	552	831	0	10	11	0
30	30	30	15	7650	255	0	255	255	255	613.633	841.633	0	2.659	0.215	2.708	613.633	841.633	0	611	839	0	6	6	0
350	350	350	78	89250	255	0	255	255	255	582.011	876.863	0	11.055	4.802	11.742	582.012	876.863	0	574	860	0	17	35	0
26	26	26	15	6630	255	0	255	255	255	647.885	976.154	0	2.426	0.359	2.328	647.885	976.154	0	646	974	0	5	6	0
