Volume (pixel^3)	Surface (pixel^2)	Nb of obj. voxels	Nb of surf. voxels	IntDen	Mean	StdDev	Median	Min	Max	X	Y	Z	Mean dist. to surf. (pixel)	SD dist. to surf. (pixel)	Median dist. to surf. (pixel)	XM	YM	ZM	BX	BY	BZ	B-width	B-height	B-depth
372	372	372	323	94860	255	0	255	255	255	1373.656	9.839	0	40.886	23.693	40.402	1373.656	9.839	0	1265	0	0	160	43	0
854	854	854	733	217770	255	0	255	255	255	1044.818	9.061	0	119.086	67.748	121.854	1044.820	9.061	0	785	3	0	479	13	0
323	323	323	282	82365	255	0	255	255	255	713.034	16.793	0	41.674	28.652	37.987	713.035	16.793	0	601	15	0	183	5	0
233	233	233	194	59415	255	0	255	255	255	555.189	20.356	0	24.401	14.243	24.194	555.190	20.356	0	502	19	0	98	5	0
819	819	819	810	208845	255	0	255	255	255	211.938	24.545	0	101.527	58.861	101.064	211.939	24.545	0	5	24	0	412	4	0
2409	2409	2409	2149	614295	255	0	255	255	255	1.435	554.711	0	257.022	153.088	255.712	1.435	554.712	0	0	27	0	20	1049	0
50	50	50	27	12750	255	0	255	255	255	397.360	33.080	0	3.910	1.739	3.937	397.360	33.080	0	391	30	0	13	7	0
1825	1825	1825	295	465375	255	0	255	255	255	444.859	97.434	0	32.403	16.249	31.327	444.861	97.434	0	424	46	0	45	119	0
241	241	241	212	61455	255	0	255	255	255	1422.577	104.365	0	26.682	15.620	26.521	1422.573	104.365	0	1420	55	0	5	110	0
129	129	129	54	32895	255	0	255	255	255	368.612	68.512	0	6.430	2.598	7.041	368.612	68.512	0	360	59	0	18	17	0
299	299	299	79	76245	255	0	255	255	255	414.147	78.391	0	10.034	2.832	10.266	414.148	78.391	0	402	67	0	25	23	0
28	28	28	17	7140	255	0	255	255	255	340.893	79.250	0	2.797	1.148	2.578	340.893	79.250	0	338	75	0	7	9	0
212	212	212	63	54060	255	0	255	255	255	352.613	92.858	0	8.280	3.750	8.431	352.613	92.858	0	343	81	0	21	24	0
13	13	13	9	3315	255	0	255	255	255	412.385	99.385	0	1.627	0.169	1.661	412.385	99.385	0	411	98	0	4	4	0
257	257	257	56	65535	255	0	255	255	255	365.031	105.638	0	8.679	1.791	8.925	365.032	105.638	0	355	99	0	23	15	0
127	127	127	34	32385	255	0	255	255	255	347.307	114.764	0	5.947	0.582	5.868	347.307	114.764	0	341	109	0	13	13	0
138	138	138	49	35190	255	0	255	255	255	328.514	132.746	0	6.450	2.249	6.490	328.514	132.746	0	318	128	0	20	12	0
441	441	441	79	112455	255	0	255	255	255	362.943	138.252	0	11.422	2.676	11.567	362.944	138.252	0	348	128	0	29	24	0
6408	6408	6408	738	1634040	255	0	255	255	255	1256.704	193.782	0	58.751	30.191	57.222	1256.706	193.782	0	1158	128	0	185	147	0
108	108	108	40	27540	255	0	255	255	255	417.343	136.667	0	5.978	2.371	6.024	417.343	136.667	0	408	132	0	18	11	0
238	238	238	51	60690	255	0	255	255	255	346.076	155.038	0	8.358	1.471	8.147	346.076	155.038	0	335	148	0	22	15	0
54	54	54	28	13770	255	0	255	255	255	421.537	152.519	0	4.016	1.922	4.149	421.537	152.519	0	416	148	0	12	10	0
121	121	121	40	30855	255	0	255	255	255	316.198	154.463	0	6.020	2.110	6.180	316.198	154.463	0	310	149	0	16	14	0
30	30	30	15	7650	255	0	255	255	255	411.367	152.633	0	2.659	0.215	2.708	411.367	152.633	0	409	150	0	6	6	0
87	87	87	33	22185	255	0	255	255	255	400.988	168.161	0	4.911	1.738	5.123	400.988	168.161	0	398	161	0	7	15	0
575	575	575	99	146625	255	0	255	255	255	421.878	178.842	0	13.602	2.667	13.292	421.880	178.842	0	408	161	0	29	39	0
689	689	689	152	175695	255	0	255	255	255	315.196	194.940	0	16.447	7.375	14.856	315.197	194.941	0	301	170	0	33	54	0
22	22	22	13	5610	255	0	255	255	255	309.091	172.909	0	2.201	0.208	2.199	309.091	172.909	0	307	171	0	5	5	0
212	212	212	53	54060	255	0	255	255	255	358.566	181.708	0	8.121	2.451	7.597	358.566	181.708	0	348	174	0	22	16	0
100	100	100	35	25500	255	0	255	255	255	341.780	196.270	0	5.331	1.808	5.734	341.780	196.270	0	336	190	0	13	14	0
10	10	10	8	2550	255	0	255	255	255	391.500	192.800	0	1.364	0.301	1.407	391.500	192.800	0	390	192	0	4	3	0
103	103	103	41	26265	255	0	255	255	255	289.951	216.505	0	6.096	2.429	5.594	289.951	216.505	0	284	207	0	13	18	0
137	137	137	43	34935	255	0	255	255	255	417.482	214.102	0	6.307	2.047	6.575	417.482	214.102	0	409	208	0	17	13	0
195	195	195	49	49725	255	0	255	255	255	1177.133	217.303	0	8.102	2.597	8.163	1177.135	217.303	0	1168	210	0	21	18	0
10	10	10	8	2550	255	0	255	255	255	364.200	213.500	0	1.364	0.301	1.407	364.200	213.500	0	363	212	0	3	4	0
12027	12027	12027	1152	3066885	255	0	255	255	255	1041.693	309.253	0	69.314	34.398	64.627	1041.639	309.263	0	919	225	0	246	154	0
221	221	221	56	56355	255	0	255	255	255	322.389	238.118	0	7.964	2.374	8.012	322.389	238.118	0	312	232	0	24	15	0
135	135	135	39	34425	255	0	255	255	255	380.689	238.541	0	6.265	1.292	5.928	380.689	238.541	0	373	234	0	17	12	0
176	176	176	47	44880	255	0	255	255	255	282.068	248.716	0	7.540	2.345	7.716	282.068	248.716	0	275	238	0	15	21	0
229	229	229	59	58395	255	0	255	255	255	356.135	258.559	0	8.600	2.602	8.645	356.136	258.559	0	344	250	0	24	19	0
208	208	208	202	53040	255	0	255	255	255	1418.447	300.457	0	25.287	14.636	25.462	1418.446	300.457	0	1416	250	0	5	103	0
25	25	25	14	6375	255	0	255	255	255	301.000	258.520	0	2.401	0.461	2.512	301.000	258.520	0	299	256	0	5	7	0
87	87	87	36	22185	255	0	255	255	255	402.092	264.575	0	5.527	2.069	4.988	402.092	264.575	0	398	257	0	10	17	0
165	165	165	51	42075	255	0	255	255	255	1052.364	268.455	0	8.008	3.412	7.947	1052.365	268.455	0	1043	259	0	22	18	0
105	105	105	45	26775	255	0	255	255	255	296.324	270.219	0	5.296	1.855	5.263	296.324	270.219	0	292	264	0	10	16	0
215	215	215	75	54825	255	0	255	255	255	265.009	285.377	0	10.264	5.264	10.511	265.009	285.377	0	256	268	0	19	34	0
371	371	371	69	94605	255	0	255	255	255	327.137	279.814	0	10.764	2.422	11.139	327.138	279.814	0	315	269	0	25	22	0
115	115	115	42	29325	255	0	255	255	255	363.957	285.513	0	6.057	2.345	6.104	363.957	285.513	0	355	281	0	20	11	0
8866	8866	8866	1063	2260830	255	0	255	255	255	446.247	425.435	0	67.456	33.168	67.531	446.251	425.437	0	386	291	0	90	262	0
19	19	19	12	4845	255	0	255	255	255	462.947	293.842	0	2.116	0.618	2.189	462.947	293.842	0	461	291	0	5	6	0
229	229	229	54	58395	255	0	255	255	255	57.297	301.445	0	8.499	2.115	8.590	57.297	301.445	0	47	292	0	21	19	0
70	70	70	25	17850	255	0	255	255	255	469.857	297.386	0	4.325	0.551	4.202	469.857	297.386	0	466	292	0	9	11	0
121	121	121	39	30855	255	0	255	255	255	371.620	302.083	0	6.057	2.279	6.471	371.620	302.083	0	365	295	0	15	16	0
99	99	99	43	25245	255	0	255	255	255	304.182	303.293	0	5.448	2.097	5.322	304.182	303.293	0	296	297	0	17	12	0
115	115	115	41	29325	255	0	255	255	255	394.522	308.243	0	6.046	2.210	5.879	394.522	308.243	0	390	300	0	11	18	0
196	196	196	48	49980	255	0	255	255	255	346.332	318.571	0	7.447	1.110	7.531	346.332	318.571	0	338	311	0	18	15	0
15	15	15	10	3825	255	0	255	255	255	26.067	320.600	0	1.778	0.306	1.806	26.067	320.600	0	24	319	0	5	4	0
581	581	581	118	148155	255	0	255	255	255	85.749	334.189	0	14.468	6.488	14.176	85.749	334.189	0	67	319	0	41	33	0
258	258	258	64	65790	255	0	255	255	255	270.132	330.961	0	8.885	2.072	9.088	270.132	330.961	0	260	321	0	23	22	0
146	146	146	39	37230	255	0	255	255	255	378.692	333.705	0	6.421	0.757	6.360	378.692	333.705	0	372	326	0	14	16	0
83	83	83	27	21165	255	0	255	255	255	247.916	334.145	0	4.723	0.450	4.834	247.916	334.145	0	243	329	0	11	11	0
25	25	25	14	6375	255	0	255	255	255	34.800	338.560	0	2.404	0.354	2.415	34.800	338.560	0	33	336	0	5	6	0
62	62	62	29	15810	255	0	255	255	255	320.532	342.581	0	4.157	1.917	4.451	320.532	342.581	0	316	337	0	10	13	0
25	25	25	15	6375	255	0	255	255	255	47.880	342.400	0	2.378	0.495	2.403	47.880	342.400	0	45	340	0	6	6	0
50	50	50	23	12750	255	0	255	255	255	17.660	345.900	0	3.623	0.878	3.389	17.660	345.900	0	15	341	0	7	10	0
62	62	62	30	15810	255	0	255	255	255	363.258	351.339	0	4.235	1.848	4.546	363.258	351.339	0	360	344	0	7	14	0
91	91	91	36	23205	255	0	255	255	255	77.143	352.956	0	5.074	1.493	5.101	77.143	352.956	0	72	345	0	10	14	0
169	169	169	41	43095	255	0	255	255	255	865.136	352.237	0	6.969	1.018	7.140	865.137	352.237	0	858	345	0	15	16	0
577	577	577	116	147135	255	0	255	255	255	881.801	363.790	0	16.594	8.244	16.828	881.802	363.791	0	861	346	0	48	38	0
79	79	79	29	20145	255	0	255	255	255	349.215	355.190	0	4.568	0.868	4.719	349.215	355.190	0	344	349	0	11	12	0
82	82	82	27	20910	255	0	255	255	255	264.573	354.732	0	4.668	0.329	4.631	264.573	354.732	0	260	350	0	11	10	0
269	269	269	69	68595	255	0	255	255	255	113.048	366.580	0	10.032	3.891	9.793	113.048	366.580	0	105	354	0	20	29	0
103	103	103	35	26265	255	0	255	255	255	277.524	362.854	0	5.317	1.618	5.441	277.524	362.854	0	274	356	0	8	15	0
65	65	65	29	16575	255	0	255	255	255	30.277	360.954	0	4.321	1.627	4.403	30.277	360.954	0	24	357	0	13	9	0
61	61	61	23	15555	255	0	255	255	255	237.066	361.984	0	4.002	0.427	4.064	237.066	361.984	0	233	358	0	9	9	0
9931	9931	9931	1145	2532405	255	0	255	255	255	833.985	419.639	0	65.655	32.574	60.325	833.994	419.623	0	729	360	0	229	152	0
44	44	44	20	11220	255	0	255	255	255	1017.545	364.341	0	3.352	0.524	3.432	1017.545	364.341	0	1014	361	0	8	7	0
110	110	110	41	28050	255	0	255	255	255	93.882	368.200	0	5.899	1.969	5.945	93.882	368.200	0	87	362	0	15	15	0
326	326	326	89	83130	255	0	255	255	255	57.383	377.258	0	11.903	5.505	12.204	57.383	377.258	0	39	366	0	39	25	0
90	90	90	35	22950	255	0	255	255	255	997.178	372.956	0	5.441	2.156	5.178	997.178	372.956	0	989	368	0	17	10	0
25	25	25	14	6375	255	0	255	255	255	231.680	372.880	0	2.410	0.410	2.410	231.680	372.880	0	229	370	0	6	6	0
343	343	343	89	87465	255	0	255	255	255	367.309	387.956	0	11.703	4.925	11.872	367.310	387.956	0	358	370	0	18	38	0
38	38	38	18	9690	255	0	255	255	255	284.500	380.000	0	3.009	0.302	3.041	284.500	380.000	0	282	377	0	6	7	0
463	463	463	98	118065	255	0	255	255	255	312.989	389.819	0	11.751	3.369	11.552	312.990	389.818	0	297	378	0	35	26	0
74	74	74	25	18870	255	0	255	255	255	253.703	383.135	0	4.409	0.313	4.383	253.703	383.135	0	249	379	0	10	9	0
11	11	11	9	2805	255	0	255	255	255	339.636	383.909	0	1.418	0.316	1.367	339.636	383.909	0	338	383	0	4	3	0
238	238	238	67	60690	255	0	255	255	255	48.500	397.832	0	8.278	2.581	8.578	48.500	397.832	0	40	387	0	21	21	0
156	156	156	41	39780	255	0	255	255	255	121.532	397.551	0	6.641	0.904	6.628	121.532	397.551	0	115	390	0	14	16	0
101	101	101	33	25755	255	0	255	255	255	271.960	395.921	0	5.268	1.351	5.573	271.960	395.921	0	265	392	0	15	9	0
206	206	206	46	52530	255	0	255	255	255	83.150	402.655	0	7.747	1.102	7.589	83.150	402.655	0	73	395	0	20	16	0
130	130	130	41	33150	255	0	255	255	255	147.438	415.815	0	6.250	1.439	5.975	147.438	415.815	0	139	409	0	16	15	0
92	92	92	40	23460	255	0	255	255	255	256.674	414.674	0	5.035	2.412	5.633	256.674	414.674	0	249	409	0	16	12	0
111	111	111	42	28305	255	0	255	255	255	281.649	415.928	0	5.864	2.109	6.196	281.649	415.928	0	273	411	0	18	12	0
124	124	124	43	31620	255	0	255	255	255	49.395	421.016	0	5.747	1.945	6.395	49.395	421.016	0	43	414	0	15	16	0
33	33	33	16	8415	255	0	255	255	255	362.909	417.697	0	2.811	0.281	2.878	362.909	417.697	0	360	415	0	7	6	0
36	36	36	18	9180	255	0	255	255	255	106.694	419.556	0	2.929	0.384	2.825	106.694	419.556	0	104	417	0	7	6	0
373	373	373	64	95115	255	0	255	255	255	737.072	431.619	0	10.461	1.858	11.010	737.074	431.619	0	725	420	0	26	23	0
150	150	150	49	38250	255	0	255	255	255	343.060	432.440	0	7.140	2.607	6.812	343.060	432.440	0	338	421	0	11	22	0
50	50	50	27	12750	255	0	255	255	255	129.180	430.860	0	3.823	1.793	4.036	129.180	430.860	0	124	427	0	12	9	0
214	214	214	61	54570	255	0	255	255	255	208.897	441.089	0	7.929	2.850	8.368	208.897	441.089	0	198	434	0	23	16	0
11	11	11	10	2805	255	0	255	255	255	88.727	436.727	0	1.488	0.481	1.466	88.727	436.727	0	87	435	0	4	4	0
26	26	26	19	6630	255	0	255	255	255	318.154	439.885	0	2.835	1.314	2.980	318.154	439.885	0	314	437	0	9	6	0
202	202	202	53	51510	255	0	255	255	255	253.936	448.807	0	7.653	1.690	7.465	253.936	448.807	0	248	439	0	14	21	0
163	163	163	45	41565	255	0	255	255	255	60.129	451.166	0	7.296	2.561	7.167	60.129	451.166	0	53	441	0	15	21	0
535	535	535	113	136425	255	0	255	255	255	115.041	457.036	0	12.615	4.759	13.036	115.041	457.035	0	101	441	0	34	31	0
160	160	160	45	40800	255	0	255	255	255	77.519	451.244	0	7.001	2.084	6.733	77.519	451.244	0	69	444	0	17	16	0
446	446	446	442	113730	255	0	255	255	255	1414.518	553.036	0	55.261	31.933	55.038	1414.519	553.036	0	1414	444	0	3	221	0
1494	1494	1494	253	380970	255	0	255	255	255	672.515	474.201	0	27.629	14.449	28.629	672.516	474.200	0	640	445	0	83	67	0
184	184	184	44	46920	255	0	255	255	255	154.946	459.082	0	7.243	1.075	7.214	154.946	459.081	0	147	451	0	17	16	0
20	20	20	14	5100	255	0	255	255	255	358.500	457.500	0	2.126	0.537	2.121	358.500	457.500	0	357	455	0	4	6	0
343	343	343	61	87465	255	0	255	255	255	279.574	469.399	0	10.036	1.339	9.902	279.575	469.399	0	270	457	0	20	25	0
22	22	22	16	5610	255	0	255	255	255	723.500	461.727	0	2.307	0.848	2.421	723.500	461.727	0	721	460	0	7	5	0
118	118	118	37	30090	255	0	255	255	255	26.178	467.686	0	5.712	1.145	6.191	26.178	467.686	0	22	461	0	11	14	0
116	116	116	37	29580	255	0	255	255	255	810.379	472.741	0	6.277	2.290	6.311	810.380	472.741	0	802	466	0	17	14	0
103	103	103	38	26265	255	0	255	255	255	311.311	475.107	0	5.315	1.480	5.368	311.311	475.107	0	305	468	0	13	14	0
103	103	103	33	26265	255	0	255	255	255	179.252	477.728	0	5.321	0.713	5.365	179.252	477.728	0	173	472	0	13	12	0
479	479	479	102	122145	255	0	255	255	255	705.541	484.781	0	12.905	4.010	12.548	705.542	484.781	0	688	474	0	34	28	0
48	48	48	22	12240	255	0	255	255	255	61.771	482.792	0	3.572	0.954	3.300	61.771	482.792	0	59	478	0	7	10	0
259	259	259	53	66045	255	0	255	255	255	141.556	491.795	0	8.637	0.917	8.707	141.556	491.796	0	132	484	0	20	16	0
120	120	120	37	30600	255	0	255	255	255	325.625	492.383	0	5.791	1.550	6.098	325.625	492.383	0	321	485	0	10	16	0
112	112	112	41	28560	255	0	255	255	255	10.545	492.670	0	5.529	1.401	5.688	10.545	492.670	0	5	486	0	13	14	0
137	137	137	38	34935	255	0	255	255	255	242.562	491.635	0	6.317	1.261	6.043	242.562	491.635	0	235	486	0	17	13	0
547	547	547	110	139485	255	0	255	255	255	613.572	506.923	0	14.398	6.835	13.851	613.573	506.923	0	597	487	0	34	41	0
91	91	91	32	23205	255	0	255	255	255	107.495	493.549	0	5.086	1.370	4.744	107.495	493.549	0	102	489	0	13	11	0
218	218	218	54	55590	255	0	255	255	255	287.697	498.096	0	8.314	2.456	8.435	287.697	498.096	0	278	489	0	19	20	0
305	305	305	56	77775	255	0	255	255	255	167.098	510.364	0	9.415	0.723	9.404	167.098	510.363	0	158	500	0	19	21	0
337	337	337	66	85935	255	0	255	255	255	221.555	512.187	0	9.909	1.523	10.194	221.555	512.187	0	211	502	0	23	21	0
143	143	143	59	36465	255	0	255	255	255	259.622	515.874	0	7.481	3.556	7.308	259.622	515.874	0	252	503	0	15	25	0
577	577	577	130	147135	255	0	255	255	255	659.153	520.484	0	15.385	6.979	15.070	659.154	520.484	0	636	506	0	51	31	0
47	47	47	24	11985	255	0	255	255	255	694.915	514.191	0	3.620	1.487	4.003	694.915	514.191	0	690	510	0	10	10	0
123	123	123	39	31365	255	0	255	255	255	537.862	517.805	0	6.342	2.074	6.141	537.862	517.805	0	530	511	0	17	14	0
605	605	605	150	154275	255	0	255	255	255	568.628	530.033	0	16.032	8.728	13.867	568.629	530.033	0	544	512	0	51	43	0
17	17	17	12	4335	255	0	255	255	255	188.588	515.294	0	1.876	0.352	1.780	188.588	515.294	0	187	513	0	4	5	0
15	15	15	10	3825	255	0	255	255	255	8.667	516.533	0	1.790	0.319	1.701	8.667	516.533	0	7	515	0	5	4	0
98	98	98	32	24990	255	0	255	255	255	79.643	522.582	0	5.133	1.058	5.343	79.643	522.582	0	76	516	0	9	14	0
228	228	228	51	58140	255	0	255	255	255	710.890	525.022	0	8.646	2.475	8.604	710.891	525.022	0	702	516	0	20	20	0
18	18	18	12	4590	255	0	255	255	255	301.500	522.500	0	1.923	0.387	1.851	301.500	522.500	0	299	521	0	6	4	0
113	113	113	34	28815	255	0	255	255	255	41.000	529.221	0	5.547	0.605	5.617	41.000	529.221	0	36	523	0	11	13	0
121	121	121	37	30855	255	0	255	255	255	122.967	528.612	0	5.897	1.341	5.980	122.967	528.612	0	116	523	0	16	12	0
87	87	87	33	22185	255	0	255	255	255	622.161	532.954	0	4.973	1.302	4.868	622.161	532.954	0	618	526	0	9	15	0
88	88	88	41	22440	255	0	255	255	255	207.136	530.545	0	5.790	2.711	5.448	207.136	530.545	0	196	527	0	20	7	0
696	696	696	181	177480	255	0	255	255	255	292.954	556.649	0	18.140	7.585	18.007	292.955	556.649	0	275	528	0	32	62	0
154	154	154	44	39270	255	0	255	255	255	376.234	537.188	0	6.785	2.300	7.213	376.234	537.188	0	367	529	0	19	16	0
310	310	310	72	79050	255	0	255	255	255	683.748	537.726	0	9.372	3.365	10.243	683.750	537.726	0	671	529	0	28	19	0
95	95	95	33	24225	255	0	255	255	255	157.200	537.179	0	5.102	1.211	5.146	157.200	537.179	0	154	531	0	8	14	0
140	140	140	42	35700	255	0	255	255	255	226.021	540.386	0	6.325	1.278	6.516	226.021	540.386	0	219	534	0	15	14	0
38	38	38	20	9690	255	0	255	255	255	587.342	537.211	0	3.073	0.886	3.216	587.342	537.211	0	584	534	0	7	8	0
109	109	109	51	27795	255	0	255	255	255	528.422	540.780	0	6.699	3.040	6.537	528.422	540.780	0	517	536	0	23	11	0
78	78	78	33	19890	255	0	255	255	255	418.833	543.949	0	4.799	1.713	4.834	418.833	543.949	0	413	538	0	12	12	0
68	68	68	27	17340	255	0	255	255	255	73.603	541.809	0	4.334	1.089	4.487	73.603	541.809	0	69	539	0	12	8	0
207	207	207	46	52785	255	0	255	255	255	94.237	546.744	0	7.671	0.791	7.735	94.237	546.744	0	85	539	0	19	16	0
92	92	92	36	23460	255	0	255	255	255	267.109	544.630	0	5.177	1.947	5.411	267.109	544.630	0	260	540	0	15	10	0
213	213	213	60	54315	255	0	255	255	255	648.075	551.648	0	6.981	2.468	7.775	648.076	551.648	0	639	543	0	19	19	0
135	135	135	38	34425	255	0	255	255	255	148.948	549.859	0	6.187	1.161	5.897	148.948	549.859	0	141	544	0	17	12	0
211	211	211	63	53805	255	0	255	255	255	478.664	558.218	0	8.915	3.614	9.508	478.664	558.218	0	468	547	0	23	25	0
184	184	184	50	46920	255	0	255	255	255	179.136	556.446	0	7.192	1.503	7.276	179.136	556.445	0	170	548	0	17	16	0
51	51	51	26	13005	255	0	255	255	255	503.353	552.412	0	3.711	1.400	4.046	503.353	552.412	0	501	548	0	7	11	0
529	529	529	80	134895	255	0	255	255	255	119.365	560.660	0	12.614	1.955	12.711	119.365	560.660	0	105	549	0	31	24	0
14	14	14	10	3570	255	0	255	255	255	190.714	550.857	0	1.677	0.382	1.720	190.714	550.857	0	189	549	0	5	4	0
246	246	246	55	62730	255	0	255	255	255	250.602	560.195	0	8.550	1.805	8.682	250.602	560.195	0	242	550	0	20	20	0
504	504	504	85	128520	255	0	255	255	255	663.313	566.149	0	13.852	5.442	13.859	663.315	566.149	0	646	550	0	37	32	0
23	23	23	13	5865	255	0	255	255	255	385.435	555.087	0	2.280	0.324	2.391	385.435	555.087	0	383	553	0	6	5	0
1113	1113	1113	257	283815	255	0	255	255	255	411.853	588.457	0	21.556	9.069	20.455	411.854	588.457	0	378	553	0	54	62	0
77	77	77	28	19635	255	0	255	255	255	537.156	558.416	0	4.559	0.789	4.494	537.156	558.416	0	533	553	0	9	12	0
113	113	113	33	28815	255	0	255	255	255	577.150	558.619	0	5.553	0.322	5.507	577.150	558.619	0	571	553	0	13	12	0
281	281	281	72	71655	255	0	255	255	255	626.434	564.907	0	9.578	3.456	10.571	626.435	564.907	0	614	553	0	25	24	0
115	115	115	38	29325	255	0	255	255	255	200.939	560.930	0	5.702	1.429	5.746	200.939	560.930	0	193	556	0	16	11	0
23	23	23	13	5865	255	0	255	255	255	527.435	558.348	0	2.290	0.379	2.388	527.435	558.348	0	525	556	0	6	6	0
13	13	13	12	3315	255	0	255	255	255	346.538	560.846	0	1.664	0.700	1.617	346.538	560.846	0	344	560	0	6	3	0
330	330	330	63	84150	255	0	255	255	255	151.218	575.627	0	9.808	1.098	9.659	151.218	575.627	0	140	566	0	22	20	0
31	31	31	16	7905	255	0	255	255	255	174.548	571.226	0	2.713	0.370	2.687	174.548	571.226	0	172	568	0	6	7	0
29	29	29	16	7395	255	0	255	255	255	333.966	571.138	0	2.659	0.683	2.663	333.966	571.138	0	331	569	0	7	6	0
943	943	943	204	240465	255	0	255	255	255	252.979	603.560	0	18.557	8.470	19.827	252.980	603.560	0	236	570	0	31	59	0
303	303	303	65	77265	255	0	255	255	255	495.667	583.479	0	10.541	3.897	10.903	495.668	583.479	0	484	571	0	25	26	0
120	120	120	42	30600	255	0	255	255	255	436.533	577.858	0	5.833	1.420	6.074	436.533	577.858	0	430	572	0	16	13	0
101	101	101	34	25755	255	0	255	255	255	551.842	579.049	0	5.253	1.083	5.128	551.842	579.049	0	547	572	0	11	14	0
47	47	47	20	11985	255	0	255	255	255	20.702	577.553	0	3.436	0.291	3.489	20.702	577.553	0	17	574	0	8	8	0
27	27	27	21	6885	255	0	255	255	255	390.556	578.407	0	2.811	1.340	2.630	390.556	578.407	0	388	574	0	7	10	0
183	183	183	50	46665	255	0	255	255	255	371.366	589.279	0	7.447	1.890	7.685	371.366	589.279	0	366	578	0	14	20	0
89	89	89	29	22695	255	0	255	255	255	641.461	587.112	0	5.097	1.256	5.339	641.461	587.112	0	636	582	0	12	12	0
14	14	14	10	3570	255	0	255	255	255	539.500	585.714	0	1.666	0.217	1.661	539.500	585.714	0	538	584	0	4	4	0
47	47	47	25	11985	255	0	255	255	255	62.553	592.660	0	3.576	1.517	3.640	62.553	592.660	0	60	587	0	6	12	0
152	152	152	42	38760	255	0	255	255	255	505.816	595.375	0	6.691	1.796	7.160	505.816	595.375	0	498	589	0	17	14	0
29	29	29	15	7395	255	0	255	255	255	221.414	595.724	0	2.603	0.226	2.679	221.414	595.724	0	219	593	0	6	6	0
724	724	724	144	184620	255	0	255	255	255	533.302	618.010	0	14.843	4.524	15.343	533.304	618.010	0	515	595	0	36	40	0
83	83	83	28	21165	255	0	255	255	255	321.349	600.325	0	4.859	0.980	5.051	321.349	600.325	0	316	596	0	12	11	0
304	304	304	77	77520	255	0	255	255	255	469.095	607.924	0	9.588	3.484	10.138	469.096	607.924	0	457	597	0	28	21	0
240	240	240	51	61200	255	0	255	255	255	213.446	606.033	0	8.405	1.280	8.078	213.446	606.033	0	204	598	0	21	16	0
326	326	326	60	83130	255	0	255	255	255	603.767	609.126	0	9.723	0.992	9.665	603.768	609.126	0	594	599	0	21	21	0
160	160	160	49	40800	255	0	255	255	255	445.487	607.037	0	6.940	1.455	6.778	445.488	607.037	0	436	600	0	17	14	0
39	39	39	21	9945	255	0	255	255	255	174.590	608.590	0	3.274	1.178	3.435	174.590	608.590	0	170	606	0	10	6	0
139	139	139	40	35445	255	0	255	255	255	582.432	614.216	0	6.479	1.537	6.245	582.432	614.216	0	574	609	0	18	12	0
308	308	308	67	78540	255	0	255	255	255	1354.782	619.334	0	9.885	3.351	9.945	1354.784	619.334	0	1341	613	0	30	13	0
179	179	179	43	45645	255	0	255	255	255	287.039	623.039	0	7.121	1.033	6.961	287.039	623.039	0	281	615	0	13	17	0
11	11	11	10	2805	255	0	255	255	255	1393.455	618.091	0	1.595	0.750	1.806	1393.455	618.091	0	1392	616	0	4	5	0
113	113	113	36	28815	255	0	255	255	255	57.027	625.212	0	5.630	1.224	5.299	57.027	625.212	0	52	618	0	11	15	0
108	108	108	31	27540	255	0	255	255	255	1325.685	624.232	0	5.435	0.570	5.442	1325.686	624.232	0	1320	619	0	12	12	0
705	705	705	153	179775	255	0	255	255	255	418.148	636.938	0	15.551	6.696	16.748	418.149	636.938	0	393	620	0	53	36	0
1329	1329	1329	247	338895	255	0	255	255	255	1293.999	637.813	0	25.316	10.699	24.300	1294.003	637.815	0	1252	621	0	82	41	0
353	353	353	113	90015	255	0	255	255	255	1364.586	641.768	0	11.115	5.554	10.658	1364.587	641.768	0	1349	628	0	32	31	0
526	526	526	108	134130	255	0	255	255	255	1210.682	637.279	0	13.781	5.645	13.489	1210.682	637.279	0	1190	629	0	44	22	0
43	43	43	21	10965	255	0	255	255	255	1244.581	631.442	0	3.255	0.518	3.437	1244.581	631.442	0	1241	629	0	8	6	0
60	60	60	28	15300	255	0	255	255	255	10.983	634.700	0	4.102	1.552	4.261	10.983	634.700	0	4	632	0	14	7	0
37	37	37	20	9435	255	0	255	255	255	90.027	636.027	0	2.992	0.684	2.997	90.027	636.027	0	88	632	0	5	9	0
90	90	90	32	22950	255	0	255	255	255	565.100	637.589	0	5.058	1.472	5.352	565.100	637.589	0	559	632	0	13	13	0
110	110	110	32	28050	255	0	255	255	255	173.255	638.209	0	5.460	0.420	5.426	173.255	638.209	0	167	633	0	13	11	0
14	14	14	9	3570	255	0	255	255	255	471.643	635.786	0	1.731	0.274	1.821	471.643	635.786	0	470	634	0	4	5	0
352	352	352	78	89760	255	0	255	255	255	1153.054	641.139	0	11.276	4.399	11.219	1153.056	641.139	0	1138	634	0	34	19	0
25	25	25	16	6375	255	0	255	255	255	214.800	639.160	0	2.405	0.724	2.531	214.800	639.160	0	212	637	0	7	5	0
50	50	50	25	12750	255	0	255	255	255	382.380	641.500	0	3.754	1.455	3.654	382.380	641.500	0	377	638	0	11	9	0
185	185	185	57	47175	255	0	255	255	255	342.638	645.432	0	7.633	2.502	7.375	342.638	645.432	0	333	639	0	23	13	0
16	16	16	10	4080	255	0	255	255	255	473.312	641.875	0	1.861	0.291	1.901	473.312	641.875	0	471	640	0	5	5	0
271	271	271	67	69105	255	0	255	255	255	513.720	650.398	0	9.060	2.787	9.016	513.720	650.399	0	500	640	0	25	20	0
47	47	47	22	11985	255	0	255	255	255	73.191	647.404	0	3.572	0.997	3.448	73.191	647.404	0	71	642	0	6	11	0
303	303	303	74	77265	255	0	255	255	255	1108.927	651.116	0	9.648	3.012	9.484	1108.928	651.115	0	1094	642	0	27	17	0
169	169	169	40	43095	255	0	255	255	255	544.852	651.036	0	6.917	0.759	7.027	544.853	651.036	0	537	644	0	16	15	0
15	15	15	12	3825	255	0	255	255	255	120.333	647.000	0	1.785	0.559	1.667	120.333	647.000	0	119	645	0	5	5	0
331	331	331	59	84405	255	0	255	255	255	198.088	655.079	0	9.829	0.890	9.955	198.088	655.079	0	188	645	0	21	20	0
461	461	461	96	117555	255	0	255	255	255	1165.100	657.289	0	12.337	5.280	13.264	1165.101	657.289	0	1144	645	0	41	22	0
145	145	145	44	36975	255	0	255	255	255	1211.786	652.393	0	6.449	1.411	6.165	1211.787	652.393	0	1204	646	0	17	13	0
639	639	639	117	162945	255	0	255	255	255	1310.296	671.477	0	15.341	5.768	15.415	1310.295	671.477	0	1295	647	0	35	41	0
508	508	508	104	129540	255	0	255	255	255	241.691	665.199	0	12.521	5.322	13.894	241.692	665.199	0	224	649	0	30	37	0
198	198	198	56	50490	255	0	255	255	255	1242.288	658.495	0	7.581	1.945	7.287	1242.289	658.495	0	1235	649	0	15	20	0
159	159	159	51	40545	255	0	255	255	255	486.252	658.025	0	6.657	2.206	7.031	486.252	658.025	0	478	650	0	17	18	0
184	184	184	56	46920	255	0	255	255	255	557.397	658.734	0	8.086	2.814	8.221	557.397	658.734	0	547	651	0	22	18	0
538	538	538	110	137190	255	0	255	255	255	1076.786	665.086	0	13.285	5.913	14.097	1076.787	665.086	0	1058	651	0	36	33	0
176	176	176	46	44880	255	0	255	255	255	170.818	659.739	0	7.374	1.756	7.533	170.818	659.739	0	161	652	0	19	15	0
122	122	122	36	31110	255	0	255	255	255	104.492	660.516	0	5.868	0.872	5.715	104.492	660.516	0	98	653	0	13	15	0
13	13	13	9	3315	255	0	255	255	255	273.615	656.615	0	1.627	0.169	1.661	273.615	656.615	0	272	655	0	4	4	0
145	145	145	41	36975	255	0	255	255	255	1028.876	663.483	0	6.439	1.529	6.379	1028.877	663.483	0	1021	658	0	18	11	0
432	432	432	92	110160	255	0	255	255	255	361.590	670.192	0	11.232	3.986	11.460	361.591	670.192	0	345	659	0	34	25	0
80	80	80	34	20400	255	0	255	255	255	1342.113	664.088	0	4.623	1.465	4.699	1342.113	664.088	0	1336	660	0	13	9	0
13	13	13	10	3315	255	0	255	255	255	299.000	663.000	0	1.613	0.470	1.414	299.000	663.000	0	298	661	0	3	5	0
349	349	349	86	88995	255	0	255	255	255	400.968	673.324	0	10.883	3.675	10.146	400.969	673.324	0	391	662	0	28	26	0
66	66	66	24	16830	255	0	255	255	255	1047.242	667.485	0	4.194	0.569	4.272	1047.243	667.485	0	1043	663	0	10	10	0
29	29	29	15	7395	255	0	255	255	255	1379.586	665.276	0	2.603	0.226	2.679	1379.586	665.276	0	1377	663	0	6	6	0
93	93	93	35	23715	255	0	255	255	255	321.581	667.000	0	5.092	1.799	5.369	321.581	667.000	0	315	664	0	15	8	0
488	488	488	80	124440	255	0	255	255	255	1007.893	674.516	0	12.273	3.070	12.164	1007.895	674.516	0	991	664	0	33	23	0
73	73	73	28	18615	255	0	255	255	255	177.000	673.794	0	4.425	1.111	4.726	177.000	673.794	0	172	669	0	11	10	0
52	52	52	21	13260	255	0	255	255	255	434.788	672.250	0	3.657	0.562	3.529	434.788	672.250	0	430	669	0	10	7	0
261	261	261	71	66555	255	0	255	255	255	1120.180	676.065	0	8.572	2.872	9.399	1120.182	676.065	0	1109	669	0	26	17	0
78	78	78	31	19890	255	0	255	255	255	112.141	674.282	0	4.655	1.746	4.690	112.141	674.282	0	106	670	0	14	9	0
376	376	376	82	95880	255	0	255	255	255	965.955	678.189	0	11.590	4.182	10.966	965.956	678.190	0	948	670	0	38	17	0
82	82	82	33	20910	255	0	255	255	255	1196.707	673.390	0	4.790	1.825	5.024	1196.708	673.390	0	1190	670	0	15	7	0
735	735	735	187	187425	255	0	255	255	255	1267.498	688.367	0	19.556	9.743	19.223	1267.499	688.368	0	1230	670	0	70	34	0
83	83	83	33	21165	255	0	255	255	255	1387.952	674.217	0	4.961	1.867	5.099	1387.953	674.217	0	1381	671	0	16	8	0
33	33	33	17	8415	255	0	255	255	255	476.091	676.182	0	2.835	0.475	2.899	476.091	676.182	0	473	673	0	7	7	0
512	512	512	84	130560	255	0	255	255	255	453.932	686.781	0	12.562	2.584	12.663	453.933	686.780	0	441	674	0	26	31	0
388	388	388	105	98940	255	0	255	255	255	1216.474	687.160	0	11.067	5.521	10.173	1216.475	687.160	0	1197	675	0	37	26	0
68	68	68	24	17340	255	0	255	255	255	1372.338	678.500	0	4.224	0.585	4.190	1372.339	678.500	0	1367	675	0	11	8	0
686	686	686	131	174930	255	0	255	255	255	312.163	699.344	0	15.039	5.604	14.543	312.164	699.345	0	296	676	0	31	49	0
159	159	159	53	40545	255	0	255	255	255	920.396	685.403	0	7.821	3.185	8.233	920.397	685.403	0	911	678	0	23	17	0
131	131	131	48	33405	255	0	255	255	255	516.855	683.489	0	6.469	2.555	6.178	516.855	683.488	0	506	679	0	21	11	0
226	226	226	59	57630	255	0	255	255	255	1184.456	690.376	0	8.139	2.039	7.799	1184.457	690.376	0	1175	680	0	17	22	0
255	255	255	72	65025	255	0	255	255	255	1153.424	693.090	0	9.129	3.659	9.720	1153.424	693.090	0	1141	682	0	25	24	0
146	146	146	43	37230	255	0	255	255	255	1062.240	690.322	0	6.422	1.337	6.016	1062.241	690.322	0	1054	684	0	17	13	0
36	36	36	22	9180	255	0	255	255	255	144.444	686.889	0	3.087	1.267	3.202	144.444	686.889	0	140	685	0	10	5	0
524	524	524	97	133620	255	0	255	255	255	232.998	703.571	0	13.147	5.075	14.090	232.999	703.570	0	219	685	0	29	37	0
426	426	426	112	108630	255	0	255	255	255	488.894	702.531	0	12.398	4.023	11.417	488.896	702.530	0	474	686	0	27	35	0
93	93	93	30	23715	255	0	255	255	255	900.849	690.806	0	5.095	1.030	4.976	900.850	690.806	0	894	686	0	14	10	0
294	294	294	62	74970	255	0	255	255	255	180.102	696.041	0	9.191	1.703	9.318	180.102	696.041	0	168	687	0	25	20	0
236	236	236	59	60180	255	0	255	255	255	417.712	698.653	0	8.346	1.771	7.696	417.712	698.653	0	410	688	0	19	19	0
183	183	183	54	46665	255	0	255	255	255	933.732	695.557	0	7.842	2.718	7.286	933.733	695.558	0	924	689	0	22	16	0
11	11	11	9	2805	255	0	255	255	255	213.636	694.909	0	1.418	0.316	1.367	213.636	694.909	0	212	694	0	4	3	0
475	475	475	120	121125	255	0	255	255	255	372.484	706.636	0	12.766	5.174	13.177	372.485	706.636	0	353	694	0	40	27	0
62	62	62	28	15810	255	0	255	255	255	537.613	697.081	0	4.139	1.503	4.281	537.613	697.081	0	532	694	0	13	7	0
43	43	43	19	10965	255	0	255	255	255	1093.186	698.163	0	3.252	0.280	3.266	1093.186	698.163	0	1090	695	0	7	8	0
175	175	175	51	44625	255	0	255	255	255	75.520	706.451	0	7.327	2.445	7.534	75.520	706.452	0	67	697	0	20	18	0
66	66	66	30	16830	255	0	255	255	255	104.212	700.773	0	4.197	1.332	4.392	104.212	700.773	0	99	698	0	12	8	0
100	100	100	35	25500	255	0	255	255	255	565.180	701.320	0	5.457	1.662	5.349	565.180	701.320	0	557	698	0	16	9	0
29	29	29	20	7395	255	0	255	255	255	855.655	700.276	0	2.696	1.121	3.056	855.655	700.276	0	852	698	0	8	5	0
426	426	426	111	108630	255	0	255	255	255	988.897	721.622	0	12.352	5.419	11.656	988.898	721.623	0	979	699	0	20	43	0
43	43	43	19	10965	255	0	255	255	255	1074.884	702.116	0	3.244	0.250	3.239	1074.884	702.116	0	1072	699	0	7	7	0
614	614	614	122	156570	255	0	255	255	255	1116.476	719.171	0	16.085	7.236	16.897	1116.477	719.171	0	1095	699	0	44	41	0
303	303	303	83	77265	255	0	255	255	255	202.624	710.911	0	8.996	2.495	9.041	202.624	710.911	0	190	700	0	26	22	0
63	63	63	24	16065	255	0	255	255	255	581.889	703.873	0	4.065	0.773	4.155	581.889	703.873	0	577	701	0	11	7	0
162	162	162	41	41310	255	0	255	255	255	1099.735	710.994	0	6.862	1.547	7.257	1099.735	710.994	0	1092	703	0	17	16	0
473	473	473	94	120615	255	0	255	255	255	142.970	717.025	0	12.432	3.755	12.596	142.970	717.026	0	128	704	0	32	27	0
50	50	50	23	12750	255	0	255	255	255	828.500	706.140	0	3.571	0.944	3.799	828.500	706.140	0	824	704	0	10	6	0
247	247	247	60	62985	255	0	255	255	255	918.842	712.571	0	8.421	1.804	8.668	918.843	712.571	0	911	704	0	18	21	0
47	47	47	21	11985	255	0	255	255	255	443.766	708.298	0	3.455	0.894	3.485	443.766	708.298	0	439	706	0	10	6	0
61	61	61	29	15555	255	0	255	255	255	890.213	708.689	0	4.156	1.596	4.413	890.213	708.689	0	884	706	0	13	6	0
250	250	250	56	63750	255	0	255	255	255	1039.200	714.256	0	8.576	1.655	8.524	1039.201	714.255	0	1028	706	0	23	16	0
23	23	23	15	5865	255	0	255	255	255	62.870	709.261	0	2.287	0.550	2.255	62.870	709.261	0	61	707	0	5	6	0
298	298	298	59	75990	255	0	255	255	255	1144.352	717.943	0	9.337	1.520	9.705	1144.354	717.943	0	1135	707	0	20	22	0
24	24	24	15	6120	255	0	255	255	255	522.250	709.583	0	2.307	0.578	2.324	522.250	709.583	0	519	708	0	7	4	0
81	81	81	30	20655	255	0	255	255	255	1175.333	712.025	0	4.752	1.422	4.948	1175.334	712.025	0	1169	708	0	13	9	0
93	93	93	46	23715	255	0	255	255	255	275.118	716.677	0	5.760	2.385	6.090	275.118	716.677	0	267	709	0	16	16	0
33	33	33	18	8415	255	0	255	255	255	570.818	712.970	0	2.922	0.819	2.988	570.818	712.970	0	568	709	0	6	8	0
58	58	58	24	14790	255	0	255	255	255	547.759	713.828	0	3.880	0.652	3.866	547.759	713.828	0	544	710	0	8	10	0
115	115	115	37	29325	255	0	255	255	255	797.635	713.765	0	5.816	1.538	5.581	797.635	713.766	0	790	710	0	17	9	0
11	11	11	9	2805	255	0	255	255	255	603.091	712.364	0	1.418	0.316	1.367	603.091	712.364	0	602	711	0	3	4	0
64	64	64	29	16320	255	0	255	255	255	1005.969	717.812	0	4.154	1.547	4.356	1005.969	717.812	0	1003	712	0	8	13	0
541	541	541	506	137955	255	0	255	255	255	1418.612	906.250	0	77.555	54.036	66.511	1418.611	906.250	0	1416	712	0	6	371	0
90	90	90	35	22950	255	0	255	255	255	500.422	717.644	0	5.208	1.614	4.905	500.422	717.644	0	492	714	0	16	8	0
48	48	48	25	12240	255	0	255	255	255	578.562	720.104	0	3.574	1.109	3.785	578.562	720.104	0	575	716	0	7	11	0
554	554	554	110	141270	255	0	255	255	255	413.805	733.760	0	14.796	5.382	14.945	413.806	733.761	0	399	718	0	36	38	0
14	14	14	11	3570	255	0	255	255	255	871.143	718.929	0	1.659	0.477	1.567	871.143	718.929	0	869	718	0	5	3	0
1060	1060	1060	181	270300	255	0	255	255	255	1053.597	738.804	0	20.970	9.989	18.948	1053.598	738.802	0	1015	719	0	69	41	0
174	174	174	53	44370	255	0	255	255	255	833.374	728.310	0	6.958	1.511	6.747	833.374	728.311	0	825	720	0	19	18	0
154	154	154	38	39270	255	0	255	255	255	942.045	726.883	0	6.609	0.760	6.436	942.046	726.883	0	934	721	0	17	13	0
51	51	51	33	13005	255	0	255	255	255	522.510	725.275	0	4.235	1.970	4.568	522.510	725.275	0	515	722	0	15	7	0
215	215	215	62	54825	255	0	255	255	255	885.721	732.837	0	7.876	1.430	7.870	885.722	732.838	0	877	724	0	19	19	0
416	416	416	76	106080	255	0	255	255	255	260.495	734.601	0	11.441	2.660	11.516	260.496	734.600	0	247	725	0	31	21	0
53	53	53	26	13515	255	0	255	255	255	338.811	731.981	0	3.681	1.304	4.043	338.811	731.981	0	335	727	0	8	11	0
697	697	697	140	177735	255	0	255	255	255	163.826	754.653	0	15.478	5.969	14.582	163.827	754.653	0	149	728	0	28	50	0
213	213	213	60	54315	255	0	255	255	255	592.418	733.878	0	8.462	2.408	8.441	592.419	733.878	0	579	728	0	25	13	0
40	40	40	21	10200	255	0	255	255	255	50.275	733.700	0	3.147	1.152	3.235	50.275	733.700	0	48	729	0	5	10	0
67	67	67	32	17085	255	0	255	255	255	370.642	734.478	0	4.299	1.668	4.523	370.642	734.478	0	365	729	0	13	11	0
356	356	356	87	90780	255	0	255	255	255	1007.056	746.244	0	11.070	4.060	10.797	1007.057	746.244	0	995	731	0	27	30	0
78	78	78	32	19890	255	0	255	255	255	961.218	738.167	0	4.612	1.801	5.074	961.218	738.167	0	956	733	0	12	12	0
340	340	340	69	86700	255	0	255	255	255	481.691	748.165	0	9.932	2.130	10.169	481.692	748.165	0	472	735	0	23	26	0
284	284	284	69	72420	255	0	255	255	255	642.327	747.746	0	9.569	2.378	9.312	642.329	747.746	0	629	739	0	28	17	0
45	45	45	22	11475	255	0	255	255	255	570.289	746.689	0	3.631	1.178	3.816	570.289	746.689	0	567	741	0	8	11	0
64	64	64	27	16320	255	0	255	255	255	614.641	746.094	0	4.166	0.883	3.958	614.641	746.094	0	610	741	0	9	11	0
284	284	284	68	72420	255	0	255	255	255	523.511	752.504	0	9.064	1.832	9.192	523.512	752.503	0	512	742	0	24	21	0
10	10	10	8	2550	255	0	255	255	255	856.200	744.000	0	1.341	0.278	1.281	856.200	744.000	0	855	743	0	4	3	0
46	46	46	20	11730	255	0	255	255	255	668.587	747.065	0	3.400	0.441	3.323	668.587	747.065	0	665	744	0	9	7	0
655	655	655	116	167025	255	0	255	255	255	967.525	759.264	0	14.087	4.228	13.903	967.527	759.264	0	946	744	0	38	30	0
45	45	45	20	11475	255	0	255	255	255	600.378	749.044	0	3.473	1.040	3.403	600.378	749.044	0	597	745	0	8	10	0
429	429	429	73	109395	255	0	255	255	255	930.972	755.420	0	11.435	1.964	11.172	930.974	755.419	0	918	745	0	25	25	0
383	383	383	85	97665	255	0	255	255	255	690.765	755.901	0	11.347	4.176	11.799	690.766	755.900	0	677	748	0	34	19	0
171	171	171	42	43605	255	0	255	255	255	439.754	756.918	0	6.996	0.935	6.894	439.755	756.918	0	432	749	0	16	16	0
827	827	827	195	210885	255	0	255	255	255	306.921	771.660	0	16.014	4.652	15.615	306.923	771.661	0	285	750	0	40	42	0
25	25	25	20	6375	255	0	255	255	255	358.760	753.520	0	2.883	1.517	2.747	358.760	753.520	0	353	751	0	11	5	0
17	17	17	11	4335	255	0	255	255	255	557.882	753.588	0	1.895	0.277	1.927	557.882	753.588	0	556	752	0	5	4	0
191	191	191	59	48705	255	0	255	255	255	727.958	760.696	0	8.415	3.213	7.989	727.959	760.696	0	714	755	0	27	12	0
113	113	113	43	28815	255	0	255	255	255	393.876	764.124	0	5.766	2.144	5.661	393.876	764.124	0	385	759	0	19	11	0
277	277	277	62	70635	255	0	255	255	255	631.939	770.274	0	9.227	1.994	9.227	631.939	770.274	0	622	760	0	20	25	0
21	21	21	12	5355	255	0	255	255	255	327.524	762.619	0	2.166	0.384	2.207	327.524	762.619	0	325	761	0	6	5	0
41	41	41	24	10455	255	0	255	255	255	111.463	765.878	0	3.225	0.852	3.240	111.463	765.878	0	107	763	0	9	7	0
117	117	117	34	29835	255	0	255	255	255	462.761	768.060	0	5.806	1.238	5.593	462.761	768.060	0	456	763	0	15	11	0
90	90	90	32	22950	255	0	255	255	255	655.967	770.478	0	5.012	1.662	5.289	655.967	770.478	0	649	765	0	14	12	0
36	36	36	17	9180	255	0	255	255	255	222.139	770.389	0	2.940	0.301	2.926	222.139	770.389	0	219	768	0	7	6	0
185	185	185	69	47175	255	0	255	255	255	603.957	775.524	0	6.591	2.040	7.119	603.957	775.524	0	595	768	0	18	18	0
426	426	426	79	108630	255	0	255	255	255	495.425	780.824	0	11.226	3.044	11.899	495.426	780.825	0	482	769	0	29	22	0
198	198	198	57	50490	255	0	255	255	255	29.606	778.677	0	7.933	2.646	8.163	29.606	778.677	0	19	771	0	24	16	0
1211	1211	1211	203	308805	255	0	255	255	255	555.824	793.457	0	20.746	7.053	20.657	555.825	793.459	0	528	771	0	52	55	0
173	173	173	65	44115	255	0	255	255	255	748.613	777.162	0	8.662	3.821	8.705	748.614	777.162	0	733	771	0	29	15	0
243	243	243	73	61965	255	0	255	255	255	361.519	781.317	0	9.256	3.533	9.247	361.519	781.317	0	347	775	0	29	15	0
119	119	119	48	30345	255	0	255	255	255	922.059	780.143	0	6.542	2.974	6.465	922.059	780.143	0	912	776	0	22	9	0
18	18	18	13	4590	255	0	255	255	255	739.167	780.722	0	2.099	0.785	2.184	739.167	780.722	0	737	778	0	5	7	0
48	48	48	22	12240	255	0	255	255	255	582.938	784.417	0	3.480	0.682	3.513	582.938	784.417	0	579	780	0	8	9	0
25	25	25	15	6375	255	0	255	255	255	772.760	783.200	0	2.354	0.552	2.379	772.760	783.200	0	770	781	0	7	5	0
53	53	53	23	13515	255	0	255	255	255	408.887	785.755	0	3.823	1.171	3.916	408.887	785.755	0	404	782	0	10	9	0
12	12	12	9	3060	255	0	255	255	255	51.333	784.250	0	1.525	0.283	1.530	51.333	784.250	0	50	783	0	4	4	0
145	145	145	42	36975	255	0	255	255	255	153.821	791.166	0	6.371	1.257	6.202	153.821	791.166	0	148	783	0	14	17	0
123	123	123	49	31365	255	0	255	255	255	94.309	791.350	0	5.729	2.075	5.478	94.309	791.350	0	88	784	0	14	16	0
662	662	662	129	168810	255	0	255	255	255	451.718	793.106	0	17.167	7.906	16.576	451.719	793.105	0	426	784	0	58	20	0
2485	2485	2485	408	633675	255	0	255	255	255	678.274	806.999	0	28.828	11.923	26.935	678.275	807.004	0	624	785	0	108	50	0
11	11	11	9	2805	255	0	255	255	255	910.091	786.636	0	1.418	0.316	1.367	910.091	786.636	0	909	785	0	3	4	0
632	632	632	102	161160	255	0	255	255	255	265.622	802.392	0	14.206	3.696	14.650	265.623	802.392	0	249	786	0	36	34	0
42	42	42	25	10710	255	0	255	255	255	229.738	789.929	0	3.457	1.670	3.852	229.738	789.929	0	224	787	0	12	7	0
89	89	89	31	22695	255	0	255	255	255	760.404	795.506	0	4.958	0.839	4.780	760.404	795.505	0	755	791	0	13	10	0
386	386	386	110	98430	255	0	255	255	255	606.806	806.534	0	13.222	6.069	12.094	606.807	806.534	0	583	792	0	42	26	0
97	97	97	33	24735	255	0	255	255	255	128.289	801.289	0	5.108	1.024	5.297	128.289	801.289	0	124	796	0	11	13	0
61	61	61	33	15555	255	0	255	255	255	385.115	799.771	0	4.470	2.005	4.479	385.115	799.771	0	378	797	0	15	7	0
95	95	95	36	24225	255	0	255	255	255	786.495	807.063	0	5.263	1.656	5.445	786.495	807.063	0	781	802	0	14	12	0
90	90	90	32	22950	255	0	255	255	255	518.678	808.656	0	4.986	1.124	5.138	518.678	808.656	0	511	804	0	14	9	0
65	65	65	43	16575	255	0	255	255	255	104.892	811.185	0	4.324	1.354	4.593	104.892	811.185	0	100	805	0	12	14	0
50	50	50	31	12750	255	0	255	255	255	345.880	810.420	0	3.466	1.247	3.687	345.880	810.420	0	342	807	0	10	8	0
184	184	184	47	46920	255	0	255	255	255	468.446	816.212	0	7.348	1.446	6.884	468.446	816.212	0	462	807	0	14	19	0
149	149	149	38	37995	255	0	255	255	255	805.597	816.101	0	6.460	0.554	6.527	805.598	816.101	0	799	810	0	15	13	0
49	49	49	24	12495	255	0	255	255	255	314.408	816.735	0	3.484	1.307	3.469	314.408	816.735	0	311	812	0	7	11	0
190	190	190	63	48450	255	0	255	255	255	195.279	818.758	0	7.053	2.488	6.667	195.279	818.758	0	184	813	0	23	14	0
459	459	459	82	117045	255	0	255	255	255	525.266	832.336	0	11.913	2.929	11.990	525.267	832.336	0	513	815	0	25	30	0
1347	1347	1347	252	343485	255	0	255	255	255	760.106	841.253	0	20.866	10.359	19.638	760.108	841.254	0	725	815	0	70	47	0
109	109	109	34	27795	255	0	255	255	255	498.908	822.789	0	5.476	1.104	5.863	498.908	822.789	0	493	817	0	14	12	0
401	401	401	88	102255	255	0	255	255	255	833.870	829.616	0	11.954	4.743	11.781	833.872	829.616	0	816	818	0	36	23	0
188	188	188	60	47940	255	0	255	255	255	132.963	827.479	0	6.827	2.936	6.897	132.963	827.479	0	123	821	0	21	13	0
692	692	692	118	176460	255	0	255	255	255	245.408	836.620	0	14.631	4.040	14.236	245.408	836.620	0	227	823	0	40	30	0
193	193	193	46	49215	255	0	255	255	255	623.984	832.223	0	7.442	1.277	7.172	623.985	832.223	0	617	824	0	15	18	0
19	19	19	13	4845	255	0	255	255	255	368.053	828.947	0	2.006	0.469	2.166	368.053	828.947	0	366	827	0	5	5	0
163	163	163	46	41565	255	0	255	255	255	335.098	836.890	0	7.014	1.748	7.105	335.098	836.889	0	326	828	0	16	18	0
83	83	83	31	21165	255	0	255	255	255	794.349	831.422	0	4.728	1.558	4.978	794.349	831.422	0	788	828	0	14	8	0
831	831	831	127	211905	255	0	255	255	255	710.123	845.517	0	15.959	5.130	15.631	710.125	845.518	0	689	829	0	46	33	0
97	97	97	32	24735	255	0	255	255	255	591.495	834.320	0	5.243	0.883	4.915	591.495	834.320	0	585	830	0	14	10	0
102	102	102	36	26010	255	0	255	255	255	103.618	839.725	0	5.357	1.148	5.406	103.618	839.726	0	98	833	0	11	14	0
59	59	59	25	15045	255	0	255	255	255	175.627	838.661	0	3.993	1.333	4.355	175.627	838.661	0	171	834	0	10	11	0
226	226	226	53	57630	255	0	255	255	255	418.827	843.571	0	8.200	1.714	7.597	418.828	843.571	0	411	834	0	16	20	0
504	504	504	91	128520	255	0	255	255	255	655.196	847.796	0	12.627	3.212	13.220	655.198	847.795	0	641	834	0	34	28	0
186	186	186	50	47430	255	0	255	255	255	867.694	843.952	0	8.035	3.007	7.589	867.694	843.952	0	857	836	0	23	16	0
77	77	77	30	19635	255	0	255	255	255	59.987	845.312	0	4.570	1.312	4.893	59.987	845.312	0	53	841	0	13	9	0
115	115	115	41	29325	255	0	255	255	255	806.096	847.287	0	5.895	1.701	5.687	806.096	847.287	0	800	841	0	16	16	0
162	162	162	43	41310	255	0	255	255	255	498.864	849.846	0	6.755	1.210	7.108	498.865	849.846	0	491	842	0	15	16	0
12	12	12	10	3060	255	0	255	255	255	77.000	846.500	0	1.468	0.323	1.500	77.000	846.500	0	76	845	0	3	4	0
16	16	16	11	4080	255	0	255	255	255	134.812	848.688	0	1.827	0.332	1.839	134.812	848.688	0	133	847	0	5	4	0
192	192	192	50	48960	255	0	255	255	255	308.339	857.922	0	7.554	1.769	6.915	308.339	857.922	0	302	848	0	14	21	0
207	207	207	47	52785	255	0	255	255	255	840.502	854.995	0	7.776	1.561	7.569	840.503	854.995	0	831	848	0	20	14	0
242	242	242	58	61710	255	0	255	255	255	452.781	858.587	0	8.538	1.978	8.160	452.782	858.587	0	441	852	0	24	15	0
119	119	119	36	30345	255	0	255	255	255	592.403	859.378	0	5.747	1.053	5.593	592.403	859.378	0	587	853	0	12	14	0
39	39	39	18	9945	255	0	255	255	255	174.590	856.667	0	3.081	0.415	3.048	174.590	856.667	0	171	854	0	8	6	0
78	78	78	34	19890	255	0	255	255	255	340.231	859.692	0	4.846	1.950	5.064	340.231	859.692	0	333	855	0	15	10	0
378	378	378	60	96390	255	0	255	255	255	385.690	866.455	0	10.639	1.470	10.885	385.691	866.455	0	375	855	0	24	24	0
370	370	370	73	94350	255	0	255	255	255	566.286	870.965	0	10.776	2.397	10.847	566.288	870.965	0	557	855	0	21	28	0
234	234	234	72	59670	255	0	255	255	255	482.949	865.773	0	8.959	3.140	8.888	482.949	865.773	0	469	856	0	29	17	0
750	750	750	100	191250	255	0	255	255	255	621.848	872.363	0	15.053	1.908	15.107	621.850	872.364	0	607	856	0	33	33	0
456	456	456	97	116280	255	0	255	255	255	524.550	870.059	0	11.773	3.145	11.472	524.552	870.059	0	510	857	0	28	32	0
251	251	251	68	64005	255	0	255	255	255	218.669	866.498	0	9.167	2.636	8.684	218.669	866.498	0	206	859	0	26	16	0
2774	2774	2774	412	707370	255	0	255	255	255	900.055	906.984	0	32.251	13.972	31.363	900.057	906.961	0	861	859	0	88	89	0
166	166	166	41	42330	255	0	255	255	255	807.801	868.777	0	6.888	1.247	6.845	807.802	868.777	0	801	860	0	15	17	0
118	118	118	37	30090	255	0	255	255	255	159.186	869.059	0	5.868	1.074	5.580	159.186	869.059	0	154	861	0	12	16	0
43	43	43	22	10965	255	0	255	255	255	416.093	867.070	0	3.509	1.133	3.399	416.093	867.070	0	413	862	0	7	10	0
180	180	180	45	45900	255	0	255	255	255	325.528	871.722	0	7.097	0.930	7.201	325.528	871.722	0	318	864	0	15	16	0
23	23	23	13	5865	255	0	255	255	255	132.087	869.783	0	2.275	0.251	2.229	132.087	869.783	0	130	867	0	5	6	0
19	19	19	12	4845	255	0	255	255	255	239.211	869.632	0	2.034	0.520	1.862	239.211	869.632	0	237	867	0	5	6	0
21	21	21	13	5355	255	0	255	255	255	438.143	869.190	0	2.134	0.263	2.151	438.143	869.190	0	436	867	0	5	5	0
151	151	151	45	38505	255	0	255	255	255	109.861	877.914	0	6.517	1.785	7.035	109.861	877.914	0	102	869	0	14	17	0
96	96	96	42	24480	255	0	255	255	255	841.302	874.708	0	5.718	2.448	5.545	841.302	874.708	0	831	870	0	19	11	0
151	151	151	37	38505	255	0	255	255	255	293.821	881.907	0	6.527	0.572	6.445	293.821	881.907	0	287	876	0	15	13	0
177	177	177	59	45135	255	0	255	255	255	586.469	886.294	0	7.360	2.502	7.262	586.470	886.293	0	579	876	0	16	21	0
510	510	510	124	130050	255	0	255	255	255	435.631	886.786	0	15.806	7.295	15.660	435.633	886.787	0	411	877	0	54	26	0
176	176	176	46	44880	255	0	255	255	255	364.381	885.812	0	7.131	1.307	6.897	364.381	885.813	0	356	880	0	18	14	0
212	212	212	49	54060	255	0	255	255	255	332.528	890.274	0	7.807	1.187	7.599	332.528	890.273	0	323	882	0	18	18	0
94	94	94	28	23970	255	0	255	255	255	280.862	889.660	0	5.062	0.426	5.075	280.862	889.660	0	275	884	0	12	12	0
28	28	28	14	7140	255	0	255	255	255	844.393	887.071	0	2.577	0.331	2.587	844.393	887.071	0	842	884	0	6	7	0
302	302	302	65	77010	255	0	255	255	255	920.781	895.358	0	9.598	2.168	9.612	920.783	895.358	0	909	884	0	25	20	0
208	208	208	51	53040	255	0	255	255	255	49.082	891.543	0	7.782	1.341	7.712	49.082	891.543	0	39	885	0	20	14	0
18	18	18	12	4590	255	0	255	255	255	806.833	886.889	0	1.947	0.316	2.051	806.833	886.889	0	805	885	0	5	5	0
78	78	78	28	19890	255	0	255	255	255	506.897	890.141	0	4.549	0.844	4.591	506.897	890.141	0	501	886	0	12	9	0
46	46	46	20	11730	255	0	255	255	255	264.000	890.609	0	3.382	0.272	3.349	264.000	890.609	0	261	887	0	7	8	0
79	79	79	29	20145	255	0	255	255	255	309.203	892.139	0	4.676	0.895	4.354	309.203	892.139	0	305	887	0	10	11	0
11	11	11	9	2805	255	0	255	255	255	74.636	893.091	0	1.418	0.316	1.367	74.636	893.091	0	73	892	0	4	3	0
233	233	233	55	59415	255	0	255	255	255	187.790	903.129	0	8.273	2.152	8.816	187.790	903.129	0	180	892	0	17	23	0
23	23	23	14	5865	255	0	255	255	255	255.000	894.000	0	2.253	0.266	2.236	255.000	894.000	0	253	892	0	5	5	0
2887	2887	2887	558	736185	255	0	255	255	255	490.482	930.924	0	36.043	16.467	35.753	490.486	930.924	0	435	893	0	121	95	0
174	174	174	46	44370	255	0	255	255	255	380.512	901.029	0	7.213	1.648	6.546	380.511	901.029	0	371	895	0	20	13	0
191	191	191	55	48705	255	0	255	255	255	843.524	900.995	0	7.967	3.189	8.151	843.525	900.995	0	832	895	0	25	12	0
195	195	195	44	49725	255	0	255	255	255	398.882	904.810	0	7.590	1.138	7.249	398.882	904.810	0	391	896	0	16	20	0
268	268	268	54	68340	255	0	255	255	255	443.123	905.772	0	8.825	1.444	8.962	443.124	905.772	0	432	898	0	22	17	0
2215	2215	2215	492	564825	255	0	255	255	255	990.785	932.072	0	28.392	12.548	28.169	990.788	932.068	0	945	898	0	95	66	0
136	136	136	38	34680	255	0	255	255	255	211.949	904.640	0	6.291	1.220	6.118	211.949	904.640	0	204	899	0	17	12	0
59	59	59	25	15045	255	0	255	255	255	88.424	905.458	0	3.888	0.594	3.755	88.424	905.458	0	85	901	0	9	10	0
15	15	15	13	3825	255	0	255	255	255	140.267	905.067	0	1.886	0.835	1.969	140.267	905.067	0	138	903	0	5	6	0
48	48	48	24	12240	255	0	255	255	255	244.188	908.417	0	3.686	1.263	4.033	244.188	908.417	0	240	905	0	10	8	0
95	95	95	36	24225	255	0	255	255	255	318.579	917.042	0	5.327	1.796	5.221	318.579	917.042	0	315	909	0	8	17	0
15	15	15	14	3825	255	0	255	255	255	95.600	916.467	0	2.119	1.041	2.122	95.600	916.467	0	94	913	0	4	8	0
13	13	13	10	3315	255	0	255	255	255	137.000	915.000	0	1.613	0.470	1.414	137.000	915.000	0	136	913	0	3	5	0
153	153	153	66	39015	255	0	255	255	255	175.124	921.209	0	7.067	2.462	6.966	175.124	921.209	0	167	913	0	16	20	0
247	247	247	57	62985	255	0	255	255	255	298.741	922.745	0	8.328	1.560	8.831	298.741	922.745	0	289	913	0	18	20	0
153	153	153	50	39015	255	0	255	255	255	372.928	924.176	0	7.149	2.438	6.532	372.928	924.177	0	362	919	0	23	10	0
128	128	128	39	32640	255	0	255	255	255	426.891	927.156	0	6.106	1.745	6.213	426.891	927.156	0	422	919	0	11	17	0
37	37	37	17	9435	255	0	255	255	255	399.838	925.919	0	3.009	0.250	3.037	399.838	925.919	0	397	923	0	7	7	0
212	212	212	69	54060	255	0	255	255	255	1060.547	932.302	0	7.237	2.545	7.186	1060.548	932.302	0	1051	924	0	19	18	0
578	578	578	96	147390	255	0	255	255	255	234.374	939.649	0	13.101	2.615	13.398	234.375	939.648	0	221	925	0	30	32	0
88	88	88	33	22440	255	0	255	255	255	284.989	935.011	0	4.923	0.956	5.011	284.989	935.011	0	278	929	0	13	12	0
740	740	740	104	188700	255	0	255	255	255	347.032	948.101	0	14.793	4.130	15.225	347.034	948.102	0	332	929	0	35	38	0
79	79	79	29	20145	255	0	255	255	255	366.101	936.810	0	4.601	0.649	4.687	366.101	936.810	0	362	932	0	9	11	0
32	32	32	16	8160	255	0	255	255	255	506.438	936.562	0	2.744	0.309	2.727	506.438	936.562	0	503	934	0	7	6	0
20	20	20	12	5100	255	0	255	255	255	523.750	937.250	0	2.097	0.262	2.151	523.750	937.250	0	522	935	0	5	5	0
43	43	43	20	10965	255	0	255	255	255	401.488	941.442	0	3.321	0.955	3.231	401.488	941.442	0	397	939	0	10	6	0
78	78	78	32	19890	255	0	255	255	255	1105.603	944.282	0	4.963	1.912	4.596	1105.603	944.282	0	1098	940	0	15	10	0
643	643	643	164	163965	255	0	255	255	255	549.516	961.107	0	13.950	6.141	14.536	549.517	961.107	0	533	941	0	39	37	0
61	61	61	27	15555	255	0	255	255	255	269.066	947.721	0	4.085	1.329	4.002	269.066	947.721	0	266	942	0	7	12	0
119	119	119	38	30345	255	0	255	255	255	309.857	947.958	0	5.815	1.248	5.335	309.857	947.958	0	304	942	0	13	13	0
12	12	12	9	3060	255	0	255	255	255	520.333	946.917	0	1.535	0.328	1.618	520.333	946.917	0	519	945	0	4	4	0
165	165	165	59	42075	255	0	255	255	255	174.018	954.352	0	7.803	3.009	7.990	174.018	954.352	0	162	946	0	21	18	0
29	29	29	15	7395	255	0	255	255	255	1064.310	952.448	0	2.610	0.234	2.643	1064.310	952.448	0	1062	950	0	6	6	0
23	23	23	16	5865	255	0	255	255	255	1052.174	953.957	0	2.451	1.094	2.243	1052.174	953.957	0	1049	951	0	8	7	0
148	148	148	42	37740	255	0	255	255	255	1100.216	960.635	0	6.541	1.560	6.716	1100.217	960.635	0	1093	953	0	17	15	0
1002	1002	1002	158	255510	255	0	255	255	255	277.628	974.488	0	18.991	7.739	19.480	277.629	974.487	0	248	956	0	57	39	0
269	269	269	54	68595	255	0	255	255	255	144.703	969.364	0	8.840	1.396	8.990	144.703	969.365	0	137	959	0	18	23	0
53	53	53	27	13515	255	0	255	255	255	1114.830	964.943	0	3.788	1.617	4.113	1114.830	964.943	0	1111	959	0	8	12	0
480	480	480	83	122400	255	0	255	255	255	323.092	981.690	0	12.868	3.808	11.875	323.093	981.689	0	314	963	0	19	39	0
33	33	33	17	8415	255	0	255	255	255	516.394	965.727	0	2.820	0.374	2.756	516.394	965.727	0	514	963	0	6	7	0
39	39	39	19	9945	255	0	255	255	255	162.154	969.180	0	3.164	0.749	3.259	162.154	969.180	0	158	966	0	9	7	0
156	156	156	67	39780	255	0	255	255	255	198.083	976.878	0	6.877	2.946	7.100	198.083	976.879	0	190	966	0	15	23	0
154	154	154	41	39270	255	0	255	255	255	424.143	974.662	0	6.619	1.092	6.757	424.143	974.662	0	417	966	0	15	17	0
2650	2650	2650	414	675750	255	0	255	255	255	591.585	1017.836	0	27.645	11.742	27.180	591.588	1017.848	0	554	966	0	82	96	0
10	10	10	8	2550	255	0	255	255	255	1062.000	967.500	0	1.385	0.307	1.309	1062.000	967.500	0	1061	966	0	3	4	0
62	62	62	36	15810	255	0	255	255	255	1131.306	969.435	0	4.862	2.169	4.980	1131.307	969.435	0	1126	966	0	15	10	0
35	35	35	21	8925	255	0	255	255	255	518.971	978.514	0	3.077	1.252	3.486	518.971	978.514	0	516	974	0	7	9	0
15	15	15	12	3825	255	0	255	255	255	552.533	976.933	0	1.806	0.674	1.892	552.533	976.933	0	551	975	0	4	6	0
88	88	88	40	22440	255	0	255	255	255	396.307	980.011	0	5.535	2.576	5.737	396.307	980.011	0	386	976	0	19	9	0
56	56	56	23	14280	255	0	255	255	255	241.161	980.839	0	3.801	0.790	3.568	241.161	980.839	0	236	978	0	11	7	0
50	50	50	24	12750	255	0	255	255	255	408.240	986.000	0	3.647	1.331	3.740	408.240	986.000	0	405	981	0	7	11	0
43	43	43	21	10965	255	0	255	255	255	149.721	990.256	0	3.230	0.469	3.239	149.721	990.256	0	147	987	0	7	7	0
107	107	107	36	27285	255	0	255	255	255	530.028	993.178	0	5.460	1.822	6.057	530.028	993.177	0	524	987	0	14	14	0
20	20	20	12	5100	255	0	255	255	255	287.750	990.050	0	2.119	0.289	2.077	287.750	990.050	0	286	988	0	5	5	0
268	268	268	63	68340	255	0	255	255	255	501.422	996.112	0	9.051	2.125	9.001	501.423	996.111	0	492	988	0	24	18	0
70	70	70	28	17850	255	0	255	255	255	551.700	992.271	0	4.320	1.182	4.463	551.700	992.272	0	547	988	0	11	10	0
34	34	34	22	8670	255	0	255	255	255	380.853	991.765	0	2.935	1.412	3.167	380.853	991.765	0	376	989	0	10	6	0
672	672	672	174	171360	255	0	255	255	255	490.705	1016.594	0	18.016	7.342	19.039	490.707	1016.594	0	469	989	0	46	52	0
21	21	21	14	5355	255	0	255	255	255	303.190	992.333	0	2.158	0.515	2.132	303.190	992.333	0	301	991	0	6	4	0
75	75	75	28	19125	255	0	255	255	255	181.627	997.560	0	4.839	1.463	4.609	181.627	997.560	0	177	992	0	11	13	0
114	114	114	36	29070	255	0	255	255	255	389.921	999.684	0	5.696	1.286	5.839	389.921	999.685	0	385	993	0	11	15	0
403	403	403	98	102765	255	0	255	255	255	293.206	1011.524	0	11.182	3.683	11.927	293.207	1011.524	0	280	997	0	26	31	0
11	11	11	9	2805	255	0	255	255	255	144.818	1001.091	0	1.469	0.481	1.364	144.818	1001.091	0	144	999	0	3	5	0
333	333	333	80	84915	255	0	255	255	255	352.862	1007.198	0	10.076	3.042	10.328	352.863	1007.198	0	337	1000	0	30	18	0
401	401	401	84	102255	255	0	255	255	255	526.646	1015.693	0	10.957	3.549	11.043	526.647	1015.693	0	515	1001	0	24	29	0
292	292	292	76	74460	255	0	255	255	255	436.209	1011.223	0	10.464	3.530	9.387	436.210	1011.222	0	419	1003	0	31	19	0
106	106	106	41	27030	255	0	255	255	255	267.462	1014.000	0	5.938	2.327	6.082	267.462	1014.000	0	264	1005	0	8	20	0
31	31	31	17	7905	255	0	255	255	255	416.968	1012.387	0	2.707	0.543	2.613	416.968	1012.387	0	415	1009	0	6	7	0
46	46	46	19	11730	255	0	255	255	255	225.783	1014.283	0	3.399	0.275	3.375	225.783	1014.283	0	222	1011	0	8	8	0
112	112	112	51	28560	255	0	255	255	255	335.750	1025.607	0	6.467	2.836	6.313	335.750	1025.607	0	330	1016	0	12	21	0
230	230	230	55	58650	255	0	255	255	255	470.939	1029.670	0	8.291	1.953	8.299	470.940	1029.670	0	463	1019	0	18	20	0
255	255	255	53	65025	255	0	255	255	255	158.447	1035.098	0	8.869	2.029	9.019	158.447	1035.098	0	149	1025	0	20	21	0
278	278	278	83	70890	255	0	255	255	255	250.881	1041.514	0	8.270	3.041	9.041	250.881	1041.515	0	242	1029	0	21	24	0
16	16	16	12	4080	255	0	255	255	255	331.312	1030.625	0	1.842	0.453	1.747	331.312	1030.625	0	329	1029	0	6	4	0
35	35	35	17	8925	255	0	255	255	255	445.429	1032.371	0	2.900	0.323	2.845	445.429	1032.371	0	443	1029	0	6	7	0
33	33	33	20	8415	255	0	255	255	255	264.848	1034.576	0	2.901	1.018	2.935	264.848	1034.576	0	263	1030	0	5	9	0
46	46	46	20	11730	255	0	255	255	255	116.304	1034.848	0	3.396	0.343	3.363	116.304	1034.848	0	113	1031	0	8	8	0
15	15	15	11	3825	255	0	255	255	255	312.400	1034.800	0	1.755	0.504	1.844	312.400	1034.800	0	311	1033	0	4	5	0
46	46	46	25	11730	255	0	255	255	255	642.826	1041.087	0	3.519	1.407	3.587	642.826	1041.087	0	638	1038	0	11	7	0
88	88	88	33	22440	255	0	255	255	255	300.489	1045.750	0	5.061	1.078	4.777	300.489	1045.750	0	295	1040	0	11	12	0
46	46	46	21	11730	255	0	255	255	255	208.783	1044.609	0	3.364	0.383	3.398	208.783	1044.609	0	206	1041	0	7	8	0
27	27	27	15	6885	255	0	255	255	255	425.593	1043.926	0	2.528	0.465	2.594	425.593	1043.926	0	423	1041	0	6	7	0
40	40	40	19	10200	255	0	255	255	255	388.700	1046.775	0	3.172	0.791	3.200	388.700	1046.775	0	385	1044	0	9	6	0
58	58	58	25	14790	255	0	255	255	255	455.345	1047.517	0	3.906	0.905	3.687	455.345	1047.517	0	450	1044	0	11	8	0
132	132	132	57	33660	255	0	255	255	255	608.455	1059.318	0	7.375	3.807	7.564	608.455	1059.318	0	605	1046	0	8	27	0
245	245	245	94	62475	255	0	255	255	255	496.890	1055.833	0	7.667	2.639	8.366	496.890	1055.833	0	487	1047	0	22	18	0
288	288	288	73	73440	255	0	255	255	255	635.646	1057.431	0	9.116	2.559	9.453	635.647	1057.431	0	626	1047	0	22	23	0
166	166	166	47	42330	255	0	255	255	255	444.753	1061.000	0	7.136	2.150	7.007	444.753	1061.000	0	435	1055	0	21	11	0
64	64	64	28	16320	255	0	255	255	255	380.938	1059.719	0	4.141	1.082	4.196	380.938	1059.719	0	375	1057	0	12	7	0
110	110	110	48	28050	255	0	255	255	255	407.655	1060.955	0	6.403	3.124	6.560	407.655	1060.954	0	396	1057	0	23	9	0
12	12	12	9	3060	255	0	255	255	255	240.750	1062.333	0	1.525	0.283	1.530	240.750	1062.333	0	239	1061	0	4	4	0
1174	1174	1174	1140	299370	255	0	255	255	255	986.854	1083.299	0	170.989	111.910	163.007	986.856	1083.293	0	673	1082	0	746	4	0
