Volume (pixel^3)	Surface (pixel^2)	Nb of obj. voxels	Nb of surf. voxels	IntDen	Mean	StdDev	Median	Min	Max	X	Y	Z	Mean dist. to surf. (pixel)	SD dist. to surf. (pixel)	Median dist. to surf. (pixel)	XM	YM	ZM	BX	BY	BZ	B-width	B-height	B-depth
1384	1384	1384	1376	352920	255	0	255	255	255	1182.905	1.009	0	210.092	137.403	201.096	1182.907	1.009	0	653	0	0	911	4	0
2816	2816	2816	2105	718080	255	0	255	255	255	1562.627	556.947	0	282.959	166.796	278.554	1562.652	556.948	0	1540	0	0	63	1211	0
2961	2961	2961	2092	755055	255	0	255	255	255	188.109	117.394	0	241.171	95.960	210.018	188.110	117.394	0	0	3	0	652	492	0
1646	1646	1646	259	419730	255	0	255	255	255	452.481	155.290	0	25.586	10.728	25.397	452.482	155.291	0	424	123	0	48	80	0
6282	6282	6282	821	1601910	255	0	255	255	255	395.525	247.498	0	60.724	31.316	59.112	395.514	247.498	0	349	124	0	96	241	0
138	138	138	38	35190	255	0	255	255	255	427.826	159.855	0	6.252	1.421	6.474	427.826	159.855	0	420	154	0	17	12	0
861	861	861	193	219555	255	0	255	255	255	447.634	234.458	0	16.036	5.805	16.462	447.635	234.458	0	428	211	0	37	52	0
71	71	71	25	18105	255	0	255	255	255	433.479	257.831	0	4.304	0.370	4.438	433.479	257.831	0	429	254	0	10	9	0
12	12	12	8	3060	255	0	255	255	255	457.000	265.500	0	1.621	0.376	1.651	457.000	265.500	0	455	264	0	5	4	0
1105	1105	1105	137	281775	255	0	255	255	255	446.263	297.032	0	18.868	6.244	19.964	446.264	297.032	0	427	270	0	34	56	0
89	89	89	31	22695	255	0	255	255	255	428.034	279.236	0	4.894	1.182	5.171	428.034	279.236	0	424	273	0	9	13	0
853	853	853	147	217515	255	0	255	255	255	432.195	339.138	0	18.635	7.419	17.669	432.196	339.139	0	411	314	0	38	59	0
1666	1666	1666	167	424830	255	0	255	255	255	1419.322	332.819	0	23.361	7.370	22.164	1419.328	332.819	0	1382	315	0	69	38	0
53	53	53	26	13515	255	0	255	255	255	400.321	327.264	0	3.950	1.581	4.093	400.321	327.264	0	395	323	0	12	9	0
130	130	130	42	33150	255	0	255	255	255	400.254	345.692	0	6.195	2.405	6.581	400.254	345.692	0	391	341	0	19	11	0
100	100	100	34	25500	255	0	255	255	255	419.050	346.320	0	5.230	1.464	5.499	419.050	346.320	0	412	342	0	15	10	0
213	213	213	56	54315	255	0	255	255	255	402.653	361.408	0	8.205	3.063	8.418	402.653	361.409	0	390	355	0	25	13	0
401	401	401	87	102255	255	0	255	255	255	358.092	372.618	0	10.947	4.397	11.941	358.093	372.619	0	342	364	0	33	18	0
122	122	122	37	31110	255	0	255	255	255	420.148	369.795	0	5.764	0.837	5.736	420.148	369.795	0	414	365	0	14	11	0
54	54	54	21	13770	255	0	255	255	255	397.870	376.444	0	3.715	0.352	3.731	397.870	376.444	0	394	373	0	9	8	0
1177	1177	1177	230	300135	255	0	255	255	255	420.082	408.677	0	18.850	8.675	19.426	420.084	408.677	0	402	376	0	39	66	0
22118	22118	22118	2005	5640090	255	0	255	255	255	1192.008	473.990	0	123.126	67.139	120.408	1192.130	473.994	0	971	377	0	452	237	0
45	45	45	25	11475	255	0	255	255	255	387.867	383.067	0	3.706	1.544	3.978	387.867	383.067	0	383	379	0	11	9	0
45	45	45	20	11475	255	0	255	255	255	340.356	386.156	0	3.347	0.531	3.385	340.356	386.156	0	337	383	0	7	8	0
137	137	137	39	34935	255	0	255	255	255	334.869	399.058	0	6.239	1.209	6.565	334.869	399.058	0	329	392	0	13	15	0
70	70	70	30	17850	255	0	255	255	255	366.071	397.971	0	4.385	1.392	4.472	366.071	397.971	0	360	395	0	13	7	0
55	55	55	32	14025	255	0	255	255	255	387.618	405.873	0	4.146	1.889	4.317	387.618	405.873	0	385	401	0	8	13	0
172	172	172	46	43860	255	0	255	255	255	348.541	409.936	0	7.034	1.528	7.403	348.541	409.936	0	340	403	0	17	15	0
43	43	43	20	10965	255	0	255	255	255	328.837	416.233	0	3.416	0.810	3.387	328.837	416.233	0	325	413	0	9	8	0
250	250	250	62	63750	255	0	255	255	255	376.984	422.700	0	9.123	2.968	9.026	376.984	422.700	0	365	416	0	26	15	0
81	81	81	32	20655	255	0	255	255	255	351.802	424.679	0	4.736	1.610	5.094	351.802	424.679	0	346	420	0	13	10	0
485	485	485	123	123675	255	0	255	255	255	321.332	445.487	0	14.864	6.257	15.610	321.333	445.487	0	304	423	0	29	45	0
191	191	191	44	48705	255	0	255	255	255	350.408	446.618	0	7.415	1.087	7.109	350.408	446.618	0	344	438	0	14	19	0
131	131	131	37	33405	255	0	255	255	255	397.122	447.267	0	6.080	1.175	6.300	397.122	447.267	0	390	442	0	15	12	0
85	85	85	30	21675	255	0	255	255	255	375.412	454.647	0	4.833	1.379	5.032	375.412	454.647	0	369	450	0	14	10	0
79	79	79	26	20145	255	0	255	255	255	415.430	455.899	0	4.574	0.314	4.596	415.430	455.899	0	411	451	0	10	11	0
1006	1006	1006	188	256530	255	0	255	255	255	392.107	485.044	0	16.374	6.965	17.038	392.109	485.043	0	374	461	0	42	51	0
30	30	30	18	7650	255	0	255	255	255	355.133	466.800	0	2.716	0.824	2.733	355.133	466.800	0	352	465	0	8	5	0
20	20	20	15	5100	255	0	255	255	255	313.000	473.200	0	2.187	0.897	2.059	313.000	473.200	0	312	470	0	3	8	0
71	71	71	27	18105	255	0	255	255	255	327.451	479.803	0	4.359	0.746	4.446	327.451	479.803	0	323	476	0	11	8	0
74	74	74	32	18870	255	0	255	255	255	348.770	481.365	0	4.822	1.729	5.157	348.770	481.365	0	341	477	0	15	10	0
106	106	106	35	27030	255	0	255	255	255	299.000	485.896	0	5.443	1.395	5.482	299.000	485.896	0	295	479	0	9	15	0
116	116	116	39	29580	255	0	255	255	255	327.319	493.672	0	5.784	1.772	5.806	327.319	493.672	0	319	490	0	17	9	0
69	69	69	52	17595	255	0	255	255	255	48.652	507.739	0	7.040	4.310	6.717	48.652	507.739	0	47	496	0	5	30	0
68	68	68	29	17340	255	0	255	255	255	308.029	504.147	0	4.406	1.538	4.591	308.029	504.147	0	302	500	0	13	9	0
98	98	98	32	24990	255	0	255	255	255	342.684	509.714	0	5.121	0.988	5.288	342.684	509.714	0	337	505	0	13	10	0
43	43	43	21	10965	255	0	255	255	255	290.535	511.395	0	3.312	0.708	3.427	290.535	511.395	0	288	508	0	6	9	0
418	418	418	66	106590	255	0	255	255	255	361.067	528.153	0	11.117	1.082	10.867	361.068	528.153	0	351	516	0	21	26	0
22	22	22	12	5610	255	0	255	255	255	331.273	521.500	0	2.250	0.297	2.307	331.273	521.500	0	329	519	0	5	6	0
87	87	87	29	22185	255	0	255	255	255	385.920	523.218	0	4.807	0.416	4.869	385.920	523.218	0	381	519	0	11	10	0
64	64	64	52	16320	255	0	255	255	255	52.781	539.875	0	6.982	4.358	6.696	52.781	539.875	0	51	528	0	5	30	0
508	508	508	85	129540	255	0	255	255	255	386.126	543.457	0	12.650	3.793	12.609	386.127	543.457	0	370	528	0	32	29	0
234	234	234	64	59670	255	0	255	255	255	282.650	540.744	0	8.955	2.881	8.631	282.650	540.744	0	272	534	0	27	17	0
874	874	874	141	222870	255	0	255	255	255	961.605	554.635	0	17.119	5.909	17.001	961.607	554.634	0	937	537	0	50	42	0
39	39	39	18	9945	255	0	255	255	255	338.897	547.795	0	3.091	0.351	3.078	338.897	547.795	0	335	545	0	8	7	0
124	124	124	45	31620	255	0	255	255	255	313.960	558.629	0	6.569	2.710	6.611	313.960	558.629	0	309	547	0	11	22	0
23	23	23	15	5865	255	0	255	255	255	270.348	557.739	0	2.322	0.704	2.353	270.348	557.739	0	269	555	0	4	7	0
161	161	161	57	41055	255	0	255	255	255	282.143	567.447	0	7.945	3.697	8.330	282.143	567.447	0	270	560	0	25	16	0
47	47	47	40	11985	255	0	255	255	255	56.617	571.255	0	5.077	2.891	5.027	56.617	571.255	0	55	562	0	5	20	0
123	123	123	38	31365	255	0	255	255	255	925.057	568.642	0	5.899	1.731	6.033	925.058	568.642	0	917	564	0	17	10	0
156	156	156	41	39780	255	0	255	255	255	340.532	575.378	0	6.984	1.996	7.657	340.532	575.378	0	333	568	0	16	16	0
31	31	31	17	7905	255	0	255	255	255	314.516	574.258	0	2.697	0.477	2.720	314.516	574.258	0	312	571	0	6	7	0
339	339	339	70	86445	255	0	255	255	255	374.233	584.773	0	10.131	3.827	10.803	374.234	584.773	0	367	571	0	16	30	0
100	100	100	32	25500	255	0	255	255	255	262.590	578.580	0	5.216	0.847	5.518	262.590	578.580	0	257	573	0	13	12	0
59	59	59	26	15045	255	0	255	255	255	299.390	578.390	0	3.947	1.123	4.116	299.390	578.390	0	296	573	0	7	11	0
212	212	212	51	54060	255	0	255	255	255	894.651	581.377	0	8.249	2.593	8.358	894.652	581.377	0	884	574	0	22	16	0
10	10	10	8	2550	255	0	255	255	255	917.000	581.800	0	1.341	0.278	1.281	917.000	581.800	0	916	580	0	3	4	0
190	190	190	47	48450	255	0	255	255	255	936.547	585.779	0	7.362	1.933	7.711	936.549	585.779	0	927	580	0	20	12	0
35	35	35	17	8925	255	0	255	255	255	280.429	590.771	0	2.888	0.279	2.830	280.429	590.771	0	278	588	0	6	7	0
291	291	291	58	74205	255	0	255	255	255	892.010	598.766	0	9.189	1.454	9.206	892.011	598.766	0	883	591	0	21	18	0
32	32	32	17	8160	255	0	255	255	255	248.844	594.562	0	2.750	0.648	2.698	248.844	594.562	0	245	592	0	8	6	0
154	154	154	41	39270	255	0	255	255	255	353.922	599.649	0	6.817	2.081	7.108	353.922	599.649	0	346	592	0	17	17	0
125	125	125	36	31875	255	0	255	255	255	956.368	598.392	0	5.981	1.047	5.736	956.369	598.392	0	950	593	0	16	12	0
45	45	45	39	11475	255	0	255	255	255	60.644	603.600	0	4.973	2.852	4.645	60.644	603.600	0	59	594	0	5	20	0
897	897	897	185	228735	255	0	255	255	255	926.554	611.781	0	17.571	8.309	17.441	926.555	611.781	0	903	594	0	61	35	0
237	237	237	66	60435	255	0	255	255	255	312.814	603.494	0	8.080	3.108	8.256	312.814	603.493	0	304	596	0	22	19	0
564	564	564	81	143820	255	0	255	255	255	861.941	610.564	0	13.063	2.088	13.576	861.943	610.564	0	849	597	0	29	29	0
172	172	172	41	43860	255	0	255	255	255	290.326	608.384	0	6.968	0.700	7.169	290.326	608.384	0	283	601	0	15	16	0
503	503	503	114	128265	255	0	255	255	255	828.855	622.984	0	13.714	7.191	14.034	828.856	622.985	0	813	604	0	33	43	0
37	37	37	17	9435	255	0	255	255	255	364.892	612.973	0	3.015	0.266	3.051	364.892	612.973	0	362	610	0	7	7	0
265	265	265	60	67575	255	0	255	255	255	260.823	624.045	0	9.059	2.435	8.936	260.823	624.045	0	253	611	0	18	25	0
264	264	264	68	67320	255	0	255	255	255	358.087	626.591	0	8.916	3.213	9.091	358.088	626.591	0	350	613	0	18	26	0
66	66	66	24	16830	255	0	255	255	255	954.788	622.303	0	4.143	0.290	4.172	954.788	622.303	0	951	618	0	9	10	0
330	330	330	84	84150	255	0	255	255	255	883.564	632.179	0	9.256	3.126	9.582	883.565	632.179	0	873	619	0	20	26	0
708	708	708	118	180540	255	0	255	255	255	335.103	644.860	0	15.864	7.401	16.708	335.104	644.860	0	316	622	0	40	45	0
74	74	74	26	18870	255	0	255	255	255	806.689	625.622	0	4.404	0.571	4.450	806.689	625.622	0	801	622	0	12	9	0
2381	2381	2381	325	607155	255	0	255	255	255	775.312	662.910	0	25.654	8.467	27.127	775.318	662.911	0	736	627	0	74	73	0
44	44	44	41	11220	255	0	255	255	255	64.659	638.000	0	5.228	3.021	5.043	64.659	638.000	0	63	628	0	4	22	0
210	210	210	73	53550	255	0	255	255	255	852.810	639.310	0	8.033	3.269	8.082	852.810	639.310	0	842	630	0	25	19	0
392	392	392	80	99960	255	0	255	255	255	917.543	641.753	0	10.526	3.372	10.883	917.544	641.753	0	902	631	0	29	23	0
41	41	41	21	10455	255	0	255	255	255	289.927	635.439	0	3.316	0.894	3.124	289.927	635.439	0	285	633	0	9	7	0
40	40	40	25	10200	255	0	255	255	255	227.400	645.050	0	3.467	1.628	3.444	227.400	645.050	0	225	639	0	5	12	0
133	133	133	39	33915	255	0	255	255	255	298.323	645.158	0	6.130	1.382	6.053	298.323	645.158	0	291	640	0	17	10	0
210	210	210	47	53550	255	0	255	255	255	255.333	649.481	0	7.836	1.525	7.248	255.333	649.481	0	245	643	0	22	14	0
631	631	631	138	160905	255	0	255	255	255	874.331	661.377	0	13.967	5.233	14.284	874.332	661.378	0	859	644	0	36	39	0
137	137	137	36	34935	255	0	255	255	255	281.489	651.496	0	6.152	0.749	6.439	281.489	651.496	0	275	645	0	13	14	0
320	320	320	62	81600	255	0	255	255	255	834.550	659.994	0	9.759	1.982	9.343	834.551	659.994	0	827	647	0	17	27	0
85	85	85	32	21675	255	0	255	255	255	274.141	664.153	0	4.902	1.369	5.173	274.141	664.153	0	269	659	0	12	11	0
46	46	46	44	11730	255	0	255	255	255	68.587	672.130	0	5.593	3.235	5.524	68.587	672.130	0	67	662	0	4	23	0
81	81	81	27	20655	255	0	255	255	255	218.840	666.815	0	4.630	0.421	4.699	218.840	666.815	0	214	662	0	10	11	0
60	60	60	23	15300	255	0	255	255	255	309.233	666.033	0	3.925	0.326	3.974	309.233	666.033	0	305	662	0	9	9	0
212	212	212	55	54060	255	0	255	255	255	235.792	678.693	0	8.267	2.655	7.581	235.792	678.693	0	230	666	0	12	26	0
54	54	54	24	13770	255	0	255	255	255	262.722	669.185	0	3.752	1.011	4.107	262.722	669.185	0	258	666	0	10	8	0
71	71	71	25	18105	255	0	255	255	255	719.014	674.676	0	4.313	0.319	4.324	719.014	674.676	0	715	670	0	10	10	0
527	527	527	97	134385	255	0	255	255	255	327.550	687.683	0	13.033	3.514	13.685	327.551	687.683	0	312	673	0	32	29	0
124	124	124	36	31620	255	0	255	255	255	703.024	678.629	0	5.964	1.210	6.147	703.025	678.629	0	696	673	0	15	12	0
184	184	184	55	46920	255	0	255	255	255	208.120	686.549	0	7.730	2.213	7.528	208.120	686.549	0	200	677	0	17	22	0
60	60	60	22	15300	255	0	255	255	255	682.933	688.133	0	3.956	0.262	4.019	682.933	688.133	0	679	684	0	9	9	0
802	802	802	116	204510	255	0	255	255	255	807.490	704.146	0	15.029	5.958	16.514	807.491	704.147	0	791	684	0	34	42	0
92	92	92	33	23460	255	0	255	255	255	256.946	691.402	0	5.126	1.535	5.498	256.946	691.402	0	252	685	0	11	13	0
462	462	462	84	117810	255	0	255	255	255	726.823	696.017	0	12.224	2.924	11.678	726.823	696.017	0	715	685	0	27	30	0
166	166	166	42	42330	255	0	255	255	255	296.723	697.566	0	6.966	1.446	7.545	296.723	697.566	0	289	690	0	16	16	0
89	89	89	28	22695	255	0	255	255	255	838.326	695.966	0	4.879	0.309	4.813	838.326	695.966	0	834	691	0	10	11	0
86	86	86	31	21930	255	0	255	255	255	695.895	697.814	0	4.834	1.285	5.032	695.895	697.814	0	692	692	0	9	13	0
214	214	214	47	54570	255	0	255	255	255	652.635	704.995	0	7.931	1.430	8.030	652.636	704.995	0	644	697	0	18	17	0
36	36	36	35	9180	255	0	255	255	255	72.583	706.778	0	4.706	2.771	4.796	72.583	706.778	0	71	698	0	4	19	0
53	53	53	21	13515	255	0	255	255	255	754.566	707.547	0	3.672	0.192	3.608	754.566	707.547	0	751	704	0	8	8	0
150	150	150	39	38250	255	0	255	255	255	189.640	712.227	0	6.523	1.064	6.439	189.640	712.227	0	184	705	0	12	16	0
276	276	276	64	70380	255	0	255	255	255	284.091	714.239	0	9.661	3.472	9.676	284.091	714.239	0	270	707	0	29	16	0
22	22	22	13	5610	255	0	255	255	255	677.091	713.091	0	2.201	0.208	2.199	677.091	713.091	0	675	711	0	5	5	0
999	999	999	202	254745	255	0	255	255	255	756.382	734.588	0	18.763	7.880	18.925	756.382	734.589	0	727	711	0	57	47	0
517	517	517	113	131835	255	0	255	255	255	627.872	726.549	0	12.474	4.575	13.064	627.873	726.548	0	611	712	0	37	33	0
563	563	563	89	143565	255	0	255	255	255	311.885	727.483	0	13.470	3.535	14.062	311.886	727.483	0	297	714	0	32	33	0
59	59	59	23	15045	255	0	255	255	255	701.153	717.356	0	3.880	0.297	3.886	701.153	717.356	0	697	714	0	9	8	0
38	38	38	17	9690	255	0	255	255	255	203.789	719.158	0	3.054	0.248	3.089	203.789	719.158	0	201	716	0	7	7	0
84	84	84	29	21420	255	0	255	255	255	229.429	720.440	0	4.838	1.171	5.061	229.429	720.440	0	223	716	0	13	10	0
526	526	526	100	134130	255	0	255	255	255	664.289	734.215	0	13.615	4.630	13.102	664.290	734.216	0	643	719	0	40	30	0
293	293	293	77	74715	255	0	255	255	255	258.488	733.792	0	10.230	4.205	9.904	258.488	733.792	0	246	721	0	25	29	0
294	294	294	56	74970	255	0	255	255	255	158.452	736.609	0	9.493	1.902	9.153	158.452	736.609	0	150	724	0	17	25	0
74	74	74	26	18870	255	0	255	255	255	221.122	729.041	0	4.409	0.388	4.351	221.122	729.041	0	217	724	0	10	10	0
72	72	72	26	18360	255	0	255	255	255	207.111	732.528	0	4.394	1.102	4.608	207.111	732.528	0	203	727	0	9	12	0
600	600	600	96	153000	255	0	255	255	255	708.350	748.072	0	13.692	3.384	13.324	708.352	748.072	0	696	731	0	28	35	0
32	32	32	32	8160	255	0	255	255	255	76.562	742.000	0	5.624	2.839	6.021	76.562	742.000	0	76	733	0	3	20	0
37	37	37	16	9435	255	0	255	255	255	189.000	740.000	0	3.038	0.143	3.081	189.000	740.000	0	186	737	0	7	7	0
325	325	325	72	82875	255	0	255	255	255	572.169	750.068	0	9.064	2.567	9.851	572.170	750.068	0	560	740	0	23	22	0
146	146	146	43	37230	255	0	255	255	255	289.801	749.294	0	6.506	1.545	6.667	289.801	749.295	0	285	742	0	12	17	0
59	59	59	22	15045	255	0	255	255	255	203.492	747.492	0	3.958	0.549	3.816	203.492	747.492	0	199	743	0	10	9	0
76	76	76	26	19380	255	0	255	255	255	180.118	750.816	0	4.719	1.137	5.060	180.118	750.816	0	175	746	0	11	11	0
141	141	141	41	35955	255	0	255	255	255	226.333	757.149	0	6.344	1.955	6.731	226.333	757.149	0	221	749	0	11	18	0
249	249	249	50	63495	255	0	255	255	255	672.984	757.317	0	8.489	0.932	8.201	672.985	757.318	0	664	749	0	19	18	0
185	185	185	56	47175	255	0	255	255	255	250.243	761.589	0	8.282	3.470	8.237	250.243	761.589	0	237	752	0	25	18	0
73	73	73	25	18615	255	0	255	255	255	604.630	757.233	0	4.378	0.350	4.437	604.630	757.233	0	600	753	0	10	9	0
177	177	177	47	45135	255	0	255	255	255	161.158	768.169	0	7.375	1.915	6.931	161.158	768.170	0	156	759	0	12	21	0
246	246	246	48	62730	255	0	255	255	255	650.919	768.663	0	8.561	1.268	8.280	650.920	768.662	0	640	760	0	23	18	0
66	66	66	24	16830	255	0	255	255	255	201.606	765.136	0	4.141	0.425	4.144	201.606	765.136	0	197	761	0	10	9	0
189	189	189	44	48195	255	0	255	255	255	573.831	774.349	0	7.345	0.999	7.482	573.831	774.349	0	566	767	0	18	16	0
618	618	618	122	157590	255	0	255	255	255	604.623	784.735	0	13.647	4.704	14.333	604.624	784.735	0	585	768	0	37	36	0
32	32	32	32	8160	255	0	255	255	255	80.562	777.656	0	5.297	2.903	5.523	80.562	777.656	0	80	769	0	3	20	0
132	132	132	36	33660	255	0	255	255	255	695.742	778.061	0	6.062	1.006	6.095	695.743	778.061	0	690	771	0	12	15	0
110	110	110	37	28050	255	0	255	255	255	295.436	780.427	0	5.603	1.828	5.949	295.436	780.427	0	291	773	0	10	16	0
159	159	159	42	40545	255	0	255	255	255	507.528	779.855	0	7.133	2.115	7.433	507.529	779.855	0	499	773	0	18	15	0
497	497	497	101	126735	255	0	255	255	255	534.356	787.155	0	13.769	6.040	13.852	534.357	787.155	0	515	773	0	41	29	0
195	195	195	44	49725	255	0	255	255	255	637.769	784.405	0	7.432	0.823	7.493	637.770	784.405	0	630	776	0	16	16	0
62	62	62	26	15810	255	0	255	255	255	257.355	780.774	0	4.055	1.147	3.920	257.355	780.774	0	252	778	0	12	7	0
156	156	156	40	39780	255	0	255	255	255	676.436	788.462	0	6.734	1.486	6.709	676.437	788.462	0	669	781	0	16	15	0
44	44	44	25	11220	255	0	255	255	255	174.773	787.841	0	3.447	1.310	3.610	174.773	787.841	0	172	783	0	7	10	0
177	177	177	67	45135	255	0	255	255	255	209.107	795.186	0	8.153	3.489	8.308	209.107	795.187	0	198	785	0	25	17	0
5712	5712	5712	690	1456560	255	0	255	255	255	395.775	831.306	0	41.498	18.148	40.186	395.772	831.306	0	332	785	0	132	118	0
124	124	124	44	31620	255	0	255	255	255	489.202	794.548	0	6.003	2.209	6.270	489.202	794.548	0	481	787	0	16	16	0
266	266	266	69	67830	255	0	255	255	255	266.868	801.410	0	9.369	4.105	10.354	266.869	801.410	0	256	788	0	23	27	0
131	131	131	37	33405	255	0	255	255	255	230.908	796.702	0	6.198	1.725	6.944	230.908	796.702	0	224	790	0	15	14	0
502	502	502	92	128010	255	0	255	255	255	577.295	811.827	0	12.431	3.539	13.178	577.296	811.828	0	560	801	0	36	22	0
93	93	93	31	23715	255	0	255	255	255	245.849	807.204	0	5.016	1.114	5.327	245.849	807.204	0	240	802	0	13	11	0
31	31	31	31	7905	255	0	255	255	255	84.484	810.258	0	3.941	2.222	3.777	84.484	810.258	0	84	803	0	2	16	0
55	55	55	23	14025	255	0	255	255	255	285.527	806.345	0	3.722	0.316	3.678	285.527	806.345	0	282	803	0	8	8	0
47	47	47	20	11985	255	0	255	255	255	186.936	810.532	0	3.429	0.389	3.433	186.936	810.532	0	184	807	0	7	8	0
142	142	142	34	36210	255	0	255	255	255	474.718	814.106	0	6.351	0.475	6.332	474.718	814.106	0	468	807	0	14	15	0
117	117	117	35	29835	255	0	255	255	255	639.222	815.273	0	5.673	0.605	5.704	639.222	815.273	0	634	809	0	11	13	0
558	558	558	89	142290	255	0	255	255	255	517.568	823.566	0	13.588	3.140	12.754	517.569	823.565	0	498	812	0	36	23	0
276	276	276	54	70380	255	0	255	255	255	623.453	821.993	0	8.972	1.388	9.334	623.454	821.993	0	613	812	0	21	20	0
80	80	80	27	20400	255	0	255	255	255	166.450	819.312	0	4.605	0.487	4.640	166.450	819.312	0	162	814	0	10	11	0
72	72	72	26	18360	255	0	255	255	255	226.653	818.042	0	4.326	0.328	4.318	226.653	818.042	0	222	814	0	10	9	0
262	262	262	77	66810	255	0	255	255	255	195.550	827.576	0	7.915	2.943	8.655	195.550	827.577	0	187	818	0	19	21	0
137	137	137	40	34935	255	0	255	255	255	243.584	825.307	0	6.216	1.692	6.756	243.584	825.307	0	238	818	0	13	16	0
113	113	113	37	28815	255	0	255	255	255	548.274	829.717	0	5.536	1.233	5.770	548.274	829.717	0	541	824	0	14	11	0
73	73	73	27	18615	255	0	255	255	255	568.438	831.014	0	4.544	1.332	4.438	568.438	831.014	0	563	826	0	12	11	0
568	568	568	111	144840	255	0	255	255	255	282.727	849.581	0	13.562	4.755	13.690	282.728	849.580	0	272	828	0	27	43	0
778	778	778	123	198390	255	0	255	255	255	320.415	847.761	0	15.986	4.866	16.534	320.417	847.759	0	305	829	0	34	43	0
11	11	11	9	2805	255	0	255	255	255	461.909	831.364	0	1.418	0.316	1.367	461.909	831.364	0	461	830	0	3	4	0
289	289	289	59	73695	255	0	255	255	255	598.228	842.315	0	9.267	1.637	9.469	598.229	842.315	0	590	830	0	19	23	0
341	341	341	66	86955	255	0	255	255	255	254.754	842.452	0	10.020	2.220	10.714	254.754	842.452	0	244	834	0	25	19	0
58	58	58	22	14790	255	0	255	255	255	224.069	841.397	0	3.854	0.283	3.914	224.069	841.397	0	220	837	0	9	9	0
45	45	45	43	11475	255	0	255	255	255	88.622	848.356	0	5.475	3.170	5.392	88.622	848.356	0	87	838	0	4	23	0
100	100	100	34	25500	255	0	255	255	255	451.540	845.490	0	5.395	1.832	5.641	451.540	845.490	0	445	840	0	15	12	0
168	168	168	42	42840	255	0	255	255	255	487.458	850.929	0	6.978	1.325	6.733	487.459	850.929	0	481	842	0	15	19	0
373	373	373	88	95115	255	0	255	255	255	572.920	855.517	0	10.400	3.603	10.937	572.921	855.517	0	556	843	0	32	24	0
282	282	282	58	71910	255	0	255	255	255	531.989	858.727	0	9.063	1.413	9.046	531.990	858.727	0	524	848	0	19	22	0
159	159	159	42	40545	255	0	255	255	255	429.126	855.063	0	6.815	1.609	6.918	429.126	855.063	0	421	849	0	18	13	0
104	104	104	36	26520	255	0	255	255	255	211.962	860.038	0	5.363	1.669	5.765	211.962	860.039	0	208	853	0	9	15	0
30	30	30	15	7650	255	0	255	255	255	194.367	857.633	0	2.659	0.215	2.708	194.367	857.633	0	192	855	0	6	6	0
116	116	116	40	29580	255	0	255	255	255	243.112	860.836	0	5.696	2.349	6.085	243.112	860.836	0	235	855	0	17	13	0
71	71	71	25	18105	255	0	255	255	255	450.901	859.901	0	4.295	0.265	4.245	450.901	859.901	0	447	856	0	9	9	0
77	77	77	34	19635	255	0	255	255	255	405.507	866.169	0	4.851	1.871	4.576	405.507	866.169	0	397	862	0	16	9	0
10	10	10	8	2550	255	0	255	255	255	301.000	866.800	0	1.341	0.278	1.281	301.000	866.800	0	300	865	0	3	4	0
179	179	179	52	45645	255	0	255	255	255	269.771	876.732	0	7.540	2.894	7.235	269.771	876.732	0	263	866	0	13	23	0
195	195	195	52	49725	255	0	255	255	255	425.333	876.169	0	7.505	1.261	7.414	425.334	876.170	0	417	867	0	16	19	0
36	36	36	17	9180	255	0	255	255	255	231.667	870.778	0	2.944	0.277	2.933	231.667	870.778	0	229	868	0	7	7	0
14	14	14	11	3570	255	0	255	255	255	451.143	869.929	0	1.659	0.477	1.567	451.143	869.929	0	449	869	0	5	3	0
283	283	283	78	72165	255	0	255	255	255	318.608	877.594	0	10.944	4.370	10.340	318.608	877.594	0	300	871	0	37	15	0
109	109	109	103	27795	255	0	255	255	255	93.404	905.312	0	21.400	11.845	21.316	93.404	905.312	0	91	872	0	5	82	0
740	740	740	150	188700	255	0	255	255	255	530.673	886.366	0	16.440	7.297	16.219	530.674	886.367	0	503	873	0	56	32	0
303	303	303	71	77265	255	0	255	255	255	287.624	887.624	0	9.681	3.038	9.031	287.624	887.624	0	279	875	0	19	28	0
62	62	62	24	15810	255	0	255	255	255	396.484	878.871	0	3.985	0.346	3.989	396.484	878.871	0	393	875	0	8	9	0
73	73	73	29	18615	255	0	255	255	255	492.589	881.411	0	4.495	1.416	4.688	492.589	881.411	0	488	876	0	10	12	0
255	255	255	65	65025	255	0	255	255	255	1459.506	885.267	0	9.260	3.073	9.493	1459.507	885.266	0	1448	878	0	28	19	0
51	51	51	20	13005	255	0	255	255	255	170.529	883.431	0	3.600	0.198	3.587	170.529	883.431	0	167	880	0	8	8	0
44	44	44	20	11220	255	0	255	255	255	1516.000	884.386	0	3.318	0.587	3.305	1516.000	884.386	0	1512	881	0	9	7	0
375	375	375	67	95625	255	0	255	255	255	1416.123	891.795	0	10.609	2.284	10.942	1416.124	891.795	0	1404	882	0	26	22	0
41	41	41	18	10455	255	0	255	255	255	452.000	886.000	0	3.188	0.255	3.162	452.000	886.000	0	449	883	0	7	7	0
46	46	46	19	11730	255	0	255	255	255	1391.717	891.457	0	3.434	0.485	3.555	1391.717	891.457	0	1388	888	0	8	8	0
334	334	334	80	85170	255	0	255	255	255	396.769	906.213	0	10.467	4.087	11.010	396.770	906.212	0	388	889	0	18	32	0
179	179	179	45	45645	255	0	255	255	255	492.196	894.570	0	7.174	1.725	7.356	492.196	894.570	0	483	889	0	19	12	0
100	100	100	32	25500	255	0	255	255	255	203.140	894.560	0	5.272	1.184	5.438	203.140	894.560	0	197	890	0	15	10	0
33	33	33	16	8415	255	0	255	255	255	1362.424	892.758	0	2.815	0.285	2.765	1362.424	892.758	0	1360	890	0	6	7	0
20	20	20	12	5100	255	0	255	255	255	468.050	892.750	0	2.119	0.289	2.077	468.050	892.750	0	466	891	0	5	5	0
76	76	76	28	19380	255	0	255	255	255	218.816	897.053	0	4.596	0.998	4.741	218.816	897.053	0	215	892	0	9	12	0
567	567	567	125	144585	255	0	255	255	255	330.566	906.536	0	12.819	4.622	13.658	330.567	906.535	0	311	893	0	37	28	0
61	61	61	27	15555	255	0	255	255	255	1377.377	899.049	0	4.188	1.555	4.611	1377.378	899.049	0	1371	895	0	13	9	0
121	121	121	37	30855	255	0	255	255	255	187.289	902.141	0	5.913	1.774	6.392	187.289	902.140	0	180	896	0	16	13	0
52	52	52	22	13260	255	0	255	255	255	1343.519	904.346	0	3.609	0.551	3.667	1343.519	904.346	0	1340	900	0	8	9	0
71	71	71	34	18105	255	0	255	255	255	1499.944	902.930	0	4.506	2.223	4.504	1499.944	902.930	0	1492	900	0	16	6	0
199	199	199	58	50745	255	0	255	255	255	272.523	909.075	0	7.276	2.222	7.383	272.523	909.076	0	264	901	0	20	17	0
57	57	57	22	14535	255	0	255	255	255	447.895	907.140	0	3.831	0.306	3.879	447.895	907.140	0	444	903	0	9	9	0
148	148	148	42	37740	255	0	255	255	255	1399.304	912.338	0	6.552	1.714	6.778	1399.305	912.338	0	1394	905	0	13	17	0
90	90	90	28	22950	255	0	255	255	255	509.711	911.733	0	4.914	0.337	4.892	509.711	911.733	0	505	907	0	11	11	0
82	82	82	27	20910	255	0	255	255	255	1292.829	911.598	0	4.807	0.844	4.866	1292.830	911.597	0	1288	907	0	11	10	0
515	515	515	112	131325	255	0	255	255	255	1232.039	924.718	0	13.105	4.816	12.105	1232.039	924.720	0	1212	909	0	37	28	0
29	29	29	16	7395	255	0	255	255	255	1259.621	911.000	0	2.590	0.420	2.578	1259.621	911.000	0	1257	909	0	7	5	0
153	153	153	52	39015	255	0	255	255	255	1173.627	915.582	0	7.264	2.821	7.357	1173.628	915.582	0	1164	911	0	23	9	0
44	44	44	21	11220	255	0	255	255	255	1384.523	915.795	0	3.301	0.667	3.247	1384.523	915.795	0	1382	912	0	6	9	0
98	98	98	31	24990	255	0	255	255	255	494.184	917.367	0	5.118	0.439	5.121	494.184	917.368	0	489	913	0	12	10	0
162	162	162	38	41310	255	0	255	255	255	1150.185	922.228	0	6.842	0.856	7.063	1150.186	922.228	0	1143	915	0	15	15	0
253	253	253	66	64515	255	0	255	255	255	442.818	923.949	0	9.414	4.020	9.495	442.819	923.948	0	428	916	0	30	16	0
25	25	25	16	6375	255	0	255	255	255	1432.120	918.960	0	2.630	0.977	2.975	1432.120	918.960	0	1429	916	0	7	7	0
45	45	45	20	11475	255	0	255	255	255	1111.133	921.378	0	3.375	0.651	3.434	1111.133	921.378	0	1107	918	0	9	8	0
44	44	44	20	11220	255	0	255	255	255	348.045	922.182	0	3.290	0.324	3.224	348.045	922.182	0	345	919	0	7	7	0
132	132	132	40	33660	255	0	255	255	255	373.856	923.538	0	6.073	1.707	6.621	373.856	923.538	0	366	919	0	17	10	0
84	84	84	28	21420	255	0	255	255	255	472.940	923.786	0	4.716	0.393	4.790	472.940	923.785	0	468	919	0	11	10	0
53	53	53	23	13515	255	0	255	255	255	1343.434	923.717	0	3.693	1.002	3.648	1343.434	923.717	0	1341	919	0	6	11	0
157	157	157	51	40035	255	0	255	255	255	1186.911	927.968	0	6.872	2.691	6.314	1186.912	927.968	0	1179	921	0	19	16	0
113	113	113	34	28815	255	0	255	255	255	267.487	928.717	0	5.565	0.777	5.699	267.487	928.717	0	261	923	0	13	12	0
135	135	135	45	34425	255	0	255	255	255	284.904	928.141	0	6.301	2.417	6.733	284.904	928.141	0	276	923	0	19	12	0
80	80	80	30	20400	255	0	255	255	255	249.413	930.688	0	4.777	1.414	4.954	249.413	930.687	0	245	924	0	10	13	0
45	45	45	19	11475	255	0	255	255	255	1373.378	927.556	0	3.382	0.548	3.610	1373.378	927.556	0	1370	924	0	8	8	0
43	43	43	19	10965	255	0	255	255	255	159.558	929.093	0	3.300	0.550	3.298	159.558	929.093	0	156	925	0	8	9	0
183	183	183	56	46665	255	0	255	255	255	205.617	936.623	0	7.271	2.794	7.491	205.617	936.623	0	198	926	0	15	22	0
70	70	70	25	17850	255	0	255	255	255	1088.300	930.257	0	4.268	0.311	4.308	1088.300	930.257	0	1084	926	0	10	9	0
43	43	43	19	10965	255	0	255	255	255	225.837	930.047	0	3.256	0.301	3.174	225.837	930.047	0	222	927	0	8	7	0
236	236	236	53	60180	255	0	255	255	255	322.411	936.322	0	8.401	1.967	7.766	322.411	936.322	0	311	929	0	23	16	0
77	77	77	29	19635	255	0	255	255	255	1317.675	934.000	0	4.654	1.190	5.201	1317.676	934.000	0	1312	929	0	12	11	0
496	496	496	94	126480	255	0	255	255	255	466.361	942.510	0	13.534	5.720	12.919	466.362	942.510	0	450	931	0	37	30	0
87	87	87	30	22185	255	0	255	255	255	994.069	934.943	0	4.883	1.116	4.978	994.069	934.942	0	988	931	0	13	9	0
40	40	40	19	10200	255	0	255	255	255	1151.850	934.725	0	3.110	0.336	3.130	1151.850	934.725	0	1149	932	0	7	7	0
197	197	197	45	50235	255	0	255	255	255	1062.107	939.127	0	7.638	1.526	7.166	1062.108	939.126	0	1053	933	0	20	14	0
168	168	168	43	42840	255	0	255	255	255	955.238	939.476	0	6.938	1.540	6.962	955.239	939.476	0	946	934	0	19	12	0
188	188	188	44	47940	255	0	255	255	255	303.941	944.702	0	7.356	1.095	7.031	303.941	944.702	0	297	936	0	14	19	0
132	132	132	36	33660	255	0	255	255	255	881.720	941.417	0	6.044	0.987	6.283	881.720	941.417	0	874	936	0	15	11	0
147	147	147	41	37485	255	0	255	255	255	432.741	946.810	0	6.578	1.938	6.925	432.741	946.810	0	425	939	0	16	16	0
434	434	434	85	110670	255	0	255	255	255	928.422	954.505	0	11.360	3.458	12.080	928.423	954.505	0	919	940	0	20	30	0
81	81	81	27	20655	255	0	255	255	255	1145.593	946.111	0	4.633	0.545	4.614	1145.593	946.111	0	1142	941	0	9	11	0
31	31	31	16	7905	255	0	255	255	255	1373.290	943.452	0	2.708	0.294	2.729	1373.290	943.452	0	1371	941	0	6	6	0
283	283	283	63	72165	255	0	255	255	255	1332.177	949.435	0	9.596	3.289	9.379	1332.178	949.434	0	1319	942	0	29	16	0
261	261	261	56	66555	255	0	255	255	255	192.996	954.621	0	8.813	1.936	8.274	192.996	954.620	0	186	944	0	17	23	0
12	12	12	9	3060	255	0	255	255	255	1277.250	945.583	0	1.521	0.319	1.603	1277.250	945.583	0	1276	944	0	4	4	0
234	234	234	50	59670	255	0	255	255	255	774.957	953.098	0	8.241	1.407	8.271	774.958	953.098	0	765	945	0	20	16	0
33	33	33	17	8415	255	0	255	255	255	802.151	947.909	0	2.788	0.427	2.876	802.151	947.909	0	800	945	0	6	7	0
207	207	207	57	52785	255	0	255	255	255	260.990	957.860	0	8.724	3.437	8.113	260.990	957.860	0	249	947	0	23	21	0
273	273	273	56	69615	255	0	255	255	255	379.531	955.751	0	9.070	1.877	8.487	379.532	955.751	0	368	948	0	23	17	0
455	455	455	80	116025	255	0	255	255	255	736.231	962.382	0	11.940	3.008	11.843	736.232	962.382	0	721	950	0	31	29	0
22	22	22	13	5610	255	0	255	255	255	1303.909	953.909	0	2.201	0.208	2.199	1303.909	953.909	0	1302	952	0	5	5	0
71	71	71	25	18105	255	0	255	255	255	162.915	960.535	0	4.338	0.615	4.339	162.915	960.535	0	159	955	0	9	11	0
178	178	178	46	45390	255	0	255	255	255	993.028	963.416	0	7.180	1.493	7.487	993.029	963.416	0	986	955	0	15	17	0
211	211	211	49	53805	255	0	255	255	255	1070.630	964.872	0	7.724	1.150	8.148	1070.631	964.872	0	1062	956	0	18	17	0
38	38	38	18	9690	255	0	255	255	255	1204.000	959.500	0	3.009	0.302	3.041	1204.000	959.500	0	1201	957	0	7	6	0
418	418	418	384	106590	255	0	255	255	255	98.646	1077.651	0	66.409	32.198	69.530	98.646	1077.651	0	95	958	0	7	235	0
66	66	66	25	16830	255	0	255	255	255	1276.455	962.258	0	4.199	0.639	4.049	1276.455	962.258	0	1272	958	0	10	9	0
25	25	25	14	6375	255	0	255	255	255	905.200	962.440	0	2.404	0.354	2.415	905.200	962.440	0	903	960	0	5	6	0
108	108	108	35	27540	255	0	255	255	255	333.315	966.556	0	5.456	1.335	5.774	333.315	966.556	0	327	962	0	14	10	0
74	74	74	27	18870	255	0	255	255	255	1176.514	966.757	0	4.434	0.651	4.505	1176.514	966.757	0	1172	962	0	11	10	0
72	72	72	26	18360	255	0	255	255	255	412.792	967.708	0	4.386	0.595	4.383	412.792	967.708	0	409	963	0	9	10	0
255	255	255	52	65025	255	0	255	255	255	425.871	972.741	0	8.857	1.985	8.969	425.871	972.741	0	416	963	0	20	20	0
133	133	133	38	33915	255	0	255	255	255	964.481	970.429	0	6.066	1.441	6.473	964.482	970.428	0	957	965	0	16	11	0
305	305	305	71	77775	255	0	255	255	255	196.298	981.626	0	10.060	3.438	9.319	196.298	981.626	0	187	966	0	19	30	0
42	42	42	23	10710	255	0	255	255	255	237.714	968.643	0	3.324	1.099	3.283	237.714	968.643	0	233	967	0	10	5	0
78	78	78	29	19890	255	0	255	255	255	1218.064	973.872	0	4.761	1.444	5.066	1218.065	973.872	0	1213	969	0	12	11	0
159	159	159	60	40545	255	0	255	255	255	376.692	984.465	0	7.218	3.416	7.674	376.692	984.466	0	371	972	0	14	23	0
171	171	171	48	43605	255	0	255	255	255	604.819	976.146	0	7.114	2.422	7.294	604.819	976.146	0	595	972	0	21	10	0
33	33	33	17	8415	255	0	255	255	255	1091.849	974.879	0	2.783	0.453	2.883	1091.849	974.879	0	1089	972	0	6	7	0
197	197	197	47	50235	255	0	255	255	255	349.731	980.330	0	7.510	1.307	7.264	349.731	980.330	0	341	974	0	19	14	0
489	489	489	103	124695	255	0	255	255	255	578.667	987.853	0	11.653	4.332	13.366	578.668	987.853	0	561	974	0	33	30	0
268	268	268	72	68340	255	0	255	255	255	875.560	987.787	0	8.730	3.595	9.769	875.561	987.787	0	867	975	0	18	26	0
129	129	129	44	32895	255	0	255	255	255	1156.147	981.256	0	6.422	2.263	6.840	1156.148	981.256	0	1146	975	0	19	11	0
105	105	105	35	26775	255	0	255	255	255	856.105	982.933	0	5.379	1.404	5.778	856.105	982.933	0	852	976	0	9	15	0
248	248	248	52	63240	255	0	255	255	255	1003.427	983.274	0	8.581	1.515	8.305	1003.429	983.275	0	993	976	0	23	16	0
422	422	422	99	107610	255	0	255	255	255	300.626	991.524	0	10.440	3.579	10.734	300.626	991.524	0	288	977	0	27	27	0
103	103	103	36	26265	255	0	255	255	255	262.893	984.932	0	5.377	1.503	5.658	262.893	984.932	0	259	978	0	9	15	0
162	162	162	43	41310	255	0	255	255	255	241.667	985.222	0	6.793	1.692	7.222	241.667	985.222	0	233	979	0	18	13	0
132	132	132	41	33660	255	0	255	255	255	320.848	984.644	0	6.132	1.253	5.884	320.848	984.644	0	313	979	0	16	13	0
94	94	94	31	23970	255	0	255	255	255	653.277	986.362	0	5.036	0.972	5.369	653.277	986.362	0	649	980	0	10	13	0
526	526	526	97	134130	255	0	255	255	255	411.376	998.949	0	12.721	3.354	12.670	411.378	998.948	0	399	983	0	32	29	0
127	127	127	39	32385	255	0	255	255	255	221.276	994.134	0	6.034	1.850	6.468	221.276	994.134	0	216	986	0	11	17	0
429	429	429	87	109395	255	0	255	255	255	795.261	1006.408	0	12.277	5.064	12.554	795.262	1006.408	0	788	987	0	16	40	0
15	15	15	10	3825	255	0	255	255	255	160.133	989.800	0	1.805	0.383	1.841	160.133	989.800	0	158	988	0	5	5	0
142	142	142	38	36210	255	0	255	255	255	339.423	994.634	0	6.371	1.118	6.555	339.423	994.634	0	333	988	0	14	15	0
30	30	30	15	7650	255	0	255	255	255	528.100	990.333	0	2.674	0.329	2.669	528.100	990.333	0	525	988	0	7	6	0
145	145	145	37	36975	255	0	255	255	255	987.917	993.848	0	6.339	0.403	6.246	987.918	993.848	0	981	988	0	14	13	0
159	159	159	40	40545	255	0	255	255	255	488.792	994.365	0	6.718	1.081	6.721	488.793	994.364	0	481	989	0	17	12	0
83	83	83	27	21165	255	0	255	255	255	1047.542	993.904	0	4.709	0.356	4.658	1047.543	993.904	0	1043	989	0	10	11	0
44	44	44	19	11220	255	0	255	255	255	1018.682	995.409	0	3.318	0.372	3.370	1018.682	995.409	0	1016	992	0	7	8	0
103	103	103	32	26265	255	0	255	255	255	703.456	998.388	0	5.320	1.049	5.604	703.456	998.389	0	697	993	0	14	12	0
235	235	235	64	59925	255	0	255	255	255	624.030	1003.685	0	8.266	2.656	8.274	624.031	1003.685	0	616	995	0	20	21	0
183	183	183	46	46665	255	0	255	255	255	917.831	1006.148	0	7.231	1.947	7.262	917.832	1006.148	0	908	1001	0	21	11	0
114	114	114	32	29070	255	0	255	255	255	367.342	1008.921	0	5.579	0.488	5.541	367.342	1008.921	0	362	1003	0	12	13	0
143	143	143	37	36465	255	0	255	255	255	243.797	1010.706	0	6.327	0.817	6.433	243.797	1010.706	0	238	1004	0	14	15	0
357	357	357	64	91035	255	0	255	255	255	386.328	1017.465	0	10.610	2.426	10.866	386.329	1017.466	0	375	1004	0	24	26	0
57	57	57	22	14535	255	0	255	255	255	646.982	1009.316	0	3.815	0.378	3.872	646.982	1009.316	0	643	1006	0	9	8	0
244	244	244	50	62220	255	0	255	255	255	166.701	1016.955	0	8.382	0.994	8.344	166.701	1016.955	0	159	1007	0	17	20	0
155	155	155	40	39525	255	0	255	255	255	317.148	1013.329	0	6.634	0.866	6.752	317.148	1013.329	0	310	1007	0	15	15	0
70	70	70	25	17850	255	0	255	255	255	481.014	1011.800	0	4.305	0.470	4.288	481.014	1011.800	0	477	1007	0	9	10	0
124	124	124	34	31620	255	0	255	255	255	547.927	1016.097	0	5.838	0.595	5.891	547.927	1016.097	0	542	1010	0	12	14	0
121	121	121	38	30855	255	0	255	255	255	773.554	1014.388	0	5.788	1.370	6.073	773.554	1014.388	0	767	1010	0	15	10	0
245	245	245	51	62475	255	0	255	255	255	438.514	1021.600	0	8.547	1.874	9.142	438.515	1021.600	0	429	1012	0	20	21	0
260	260	260	66	66300	255	0	255	255	255	580.904	1019.062	0	8.887	3.666	9.135	580.905	1019.062	0	568	1012	0	26	17	0
92	92	92	28	23460	255	0	255	255	255	601.500	1017.000	0	4.978	0.334	4.975	601.500	1017.000	0	597	1012	0	10	11	0
52	52	52	21	13260	255	0	255	255	255	283.365	1016.519	0	3.628	0.238	3.645	283.365	1016.519	0	280	1013	0	8	8	0
61	61	61	23	15555	255	0	255	255	255	894.426	1020.869	0	3.961	0.427	3.911	894.426	1020.869	0	891	1017	0	8	10	0
81	81	81	27	20655	255	0	255	255	255	687.111	1023.383	0	4.661	0.627	4.629	687.111	1023.382	0	683	1018	0	9	12	0
88	88	88	39	22440	255	0	255	255	255	206.705	1028.068	0	5.170	2.463	5.502	206.705	1028.068	0	203	1020	0	9	17	0
174	174	174	44	44370	255	0	255	255	255	409.351	1028.057	0	6.983	1.229	7.491	409.351	1028.057	0	401	1023	0	17	12	0
130	130	130	37	33150	255	0	255	255	255	519.838	1031.154	0	6.057	1.514	5.884	519.838	1031.154	0	515	1023	0	10	17	0
468	468	468	106	119340	255	0	255	255	255	350.624	1038.632	0	13.728	6.168	14.270	350.625	1038.633	0	335	1024	0	33	39	0
91	91	91	29	23205	255	0	255	255	255	759.242	1028.495	0	4.926	0.313	4.921	759.242	1028.494	0	754	1024	0	11	10	0
116	116	116	34	29580	255	0	255	255	255	508.129	1035.388	0	5.674	1.050	5.638	508.129	1035.388	0	503	1028	0	11	15	0
380	380	380	65	96900	255	0	255	255	255	739.737	1040.505	0	10.895	2.547	10.865	739.738	1040.506	0	727	1031	0	27	21	0
38	38	38	19	9690	255	0	255	255	255	230.368	1037.974	0	3.014	0.370	3.049	230.368	1037.974	0	228	1035	0	6	7	0
61	61	61	23	15555	255	0	255	255	255	267.656	1039.508	0	4.008	0.558	3.948	267.656	1039.508	0	264	1035	0	8	10	0
51	51	51	21	13005	255	0	255	255	255	658.255	1037.980	0	3.585	0.439	3.488	658.255	1037.980	0	654	1035	0	9	7	0
156	156	156	38	39780	255	0	255	255	255	303.051	1043.487	0	6.660	0.843	6.820	303.051	1043.487	0	297	1036	0	14	16	0
252	252	252	54	64260	255	0	255	255	255	638.698	1044.187	0	8.546	1.535	8.723	638.700	1044.186	0	629	1036	0	21	17	0
96	96	96	32	24480	255	0	255	255	255	474.427	1043.719	0	5.279	1.408	5.706	474.427	1043.719	0	469	1037	0	12	14	0
319	319	319	63	81345	255	0	255	255	255	393.317	1050.254	0	9.613	1.720	9.585	393.317	1050.255	0	384	1038	0	20	25	0
133	133	133	36	33915	255	0	255	255	255	555.248	1044.429	0	6.081	0.591	5.985	555.248	1044.429	0	549	1038	0	13	13	0
107	107	107	36	27285	255	0	255	255	255	329.000	1045.654	0	5.636	1.825	6.186	329.000	1045.654	0	323	1039	0	13	15	0
226	226	226	47	57630	255	0	255	255	255	494.102	1050.434	0	8.057	0.764	7.888	494.102	1050.433	0	485	1042	0	19	18	0
115	115	115	37	29325	255	0	255	255	255	205.270	1051.070	0	5.764	1.830	6.093	205.270	1051.070	0	198	1046	0	16	12	0
188	188	188	44	47940	255	0	255	255	255	710.340	1054.096	0	7.294	0.687	7.258	710.341	1054.096	0	704	1046	0	14	17	0
62	62	62	24	15810	255	0	255	255	255	676.484	1050.613	0	3.992	0.484	3.879	676.484	1050.613	0	672	1047	0	10	8	0
64	64	64	23	16320	255	0	255	255	255	691.688	1054.672	0	4.080	0.472	4.053	691.688	1054.672	0	687	1051	0	10	8	0
180	180	180	51	45900	255	0	255	255	255	256.700	1063.994	0	7.555	2.979	8.040	256.700	1063.994	0	250	1052	0	14	24	0
89	89	89	30	22695	255	0	255	255	255	375.966	1056.641	0	4.844	0.776	5.098	375.966	1056.640	0	370	1053	0	13	9	0
481	481	481	76	122655	255	0	255	255	255	408.819	1071.191	0	12.129	1.955	11.944	408.820	1071.192	0	398	1055	0	24	30	0
43	43	43	19	10965	255	0	255	255	255	282.674	1059.628	0	3.252	0.428	3.384	282.674	1059.628	0	280	1056	0	7	8	0
106	106	106	34	27030	255	0	255	255	255	675.991	1063.359	0	5.412	1.037	5.291	675.991	1063.359	0	672	1057	0	9	14	0
216	216	216	46	55080	255	0	255	255	255	461.398	1068.370	0	7.984	1.246	8.408	461.399	1068.370	0	452	1060	0	19	18	0
17	17	17	12	4335	255	0	255	255	255	621.529	1063.412	0	1.983	0.658	1.869	621.529	1063.412	0	619	1062	0	6	4	0
310	310	310	74	79050	255	0	255	255	255	298.226	1082.181	0	8.977	3.070	9.516	298.226	1082.181	0	288	1069	0	20	28	0
153	153	153	39	39015	255	0	255	255	255	261.196	1085.046	0	6.532	0.950	6.492	261.196	1085.047	0	253	1079	0	17	13	0
904	904	904	137	230520	255	0	255	255	255	351.686	1093.821	0	17.419	5.683	16.479	351.687	1093.819	0	325	1080	0	54	27	0
318	318	318	69	81090	255	0	255	255	255	604.091	1092.836	0	10.492	3.753	10.482	604.092	1092.836	0	593	1080	0	24	27	0
189	189	189	45	48195	255	0	255	255	255	566.307	1090.593	0	7.329	0.768	7.178	566.307	1090.592	0	559	1083	0	16	15	0
101	101	101	29	25755	255	0	255	255	255	278.327	1089.446	0	5.325	0.786	5.549	278.327	1089.445	0	273	1084	0	12	12	0
194	194	194	49	49470	255	0	255	255	255	535.619	1094.402	0	7.492	1.719	7.852	535.619	1094.402	0	529	1085	0	13	19	0
90	90	90	31	22950	255	0	255	255	255	385.922	1092.722	0	4.981	0.944	5.098	385.922	1092.722	0	382	1087	0	9	13	0
37	37	37	18	9435	255	0	255	255	255	179.919	1091.486	0	2.982	0.450	3.041	179.919	1091.486	0	177	1088	0	7	8	0
103	103	103	31	26265	255	0	255	255	255	217.981	1094.893	0	5.371	1.019	5.328	217.981	1094.893	0	212	1089	0	13	13	0
13	13	13	9	3315	255	0	255	255	255	242.385	1090.385	0	1.627	0.169	1.661	242.385	1090.385	0	241	1089	0	4	4	0
598	598	598	100	152490	255	0	255	255	255	510.987	1114.291	0	13.341	3.652	13.309	510.988	1114.293	0	497	1095	0	28	37	0
52	52	52	21	13260	255	0	255	255	255	640.788	1100.115	0	3.619	0.414	3.635	640.788	1100.115	0	637	1097	0	9	7	0
28	28	28	20	7140	255	0	255	255	255	676.714	1109.929	0	2.739	1.177	2.761	676.714	1109.929	0	675	1106	0	4	9	0
191	191	191	51	48705	255	0	255	255	255	206.168	1118.634	0	7.568	1.903	7.834	206.168	1118.634	0	199	1109	0	16	20	0
74	74	74	27	18870	255	0	255	255	255	292.149	1113.162	0	4.413	0.442	4.318	292.149	1113.162	0	288	1109	0	9	10	0
94	94	94	31	23970	255	0	255	255	255	307.117	1114.926	0	5.105	1.093	5.273	307.117	1114.926	0	303	1109	0	10	13	0
180	180	180	48	45900	255	0	255	255	255	474.506	1116.250	0	7.283	2.232	7.386	474.506	1116.249	0	464	1111	0	21	11	0
118	118	118	38	30090	255	0	255	255	255	429.847	1115.703	0	5.936	1.592	5.587	429.847	1115.704	0	422	1112	0	18	10	0
142	142	142	45	36210	255	0	255	255	255	401.113	1120.099	0	6.449	1.786	6.398	401.113	1120.098	0	393	1114	0	17	14	0
214	214	214	51	54570	255	0	255	255	255	545.902	1124.645	0	7.808	1.650	8.026	545.903	1124.644	0	536	1116	0	20	16	0
47	47	47	21	11985	255	0	255	255	255	244.340	1123.085	0	3.422	0.378	3.364	244.340	1123.085	0	241	1120	0	8	7	0
97	97	97	40	24735	255	0	255	255	255	447.299	1123.948	0	5.545	1.856	5.117	447.299	1123.948	0	440	1120	0	17	9	0
49	49	49	22	12495	255	0	255	255	255	258.816	1126.061	0	3.765	1.139	3.937	258.816	1126.061	0	255	1121	0	8	10	0
12	12	12	9	3060	255	0	255	255	255	226.833	1128.083	0	1.529	0.423	1.484	226.833	1128.083	0	225	1127	0	5	3	0
338	338	338	60	86190	255	0	255	255	255	655.559	1139.698	0	9.944	1.699	10.069	655.560	1139.698	0	648	1128	0	18	25	0
175	175	175	42	44625	255	0	255	255	255	472.200	1136.360	0	7.161	1.379	7.296	472.200	1136.359	0	464	1129	0	17	15	0
113	113	113	33	28815	255	0	255	255	255	413.071	1136.469	0	5.546	0.362	5.531	413.071	1136.469	0	408	1131	0	12	12	0
153	153	153	39	39015	255	0	255	255	255	503.431	1143.797	0	6.647	1.123	6.543	503.431	1143.797	0	497	1137	0	15	15	0
115	115	115	36	29325	255	0	255	255	255	614.496	1146.235	0	5.734	1.609	5.787	614.496	1146.235	0	609	1138	0	12	16	0
289	289	289	56	73695	255	0	255	255	255	580.830	1146.623	0	9.206	1.108	8.996	580.831	1146.623	0	571	1139	0	22	17	0
1071	1071	1071	181	273105	255	0	255	255	255	292.569	1156.105	0	20.240	9.781	18.401	292.570	1156.115	0	258	1141	0	72	29	0
162	162	162	44	41310	255	0	255	255	255	344.111	1151.117	0	6.828	2.001	6.959	344.111	1151.117	0	337	1144	0	16	17	0
292	292	292	58	74460	255	0	255	255	255	552.911	1156.969	0	9.220	1.696	9.711	552.912	1156.969	0	542	1147	0	22	20	0
162	162	162	40	41310	255	0	255	255	255	530.988	1156.512	0	6.792	0.934	6.810	530.988	1156.513	0	524	1148	0	15	17	0
79	79	79	28	20145	255	0	255	255	255	391.975	1152.785	0	4.562	0.472	4.483	391.975	1152.785	0	387	1149	0	11	9	0
154	154	154	53	39270	255	0	255	255	255	243.039	1156.883	0	6.833	2.906	6.830	243.039	1156.884	0	234	1150	0	21	15	0
290	290	290	77	73950	255	0	255	255	255	362.403	1161.817	0	9.943	4.887	10.561	362.404	1161.818	0	349	1152	0	31	21	0
37	37	37	17	9435	255	0	255	255	255	505.703	1155.892	0	2.994	0.322	2.976	505.703	1155.892	0	503	1153	0	7	7	0
88	88	88	34	22440	255	0	255	255	255	628.455	1161.636	0	5.231	2.007	5.106	628.455	1161.637	0	624	1154	0	10	16	0
71	71	71	25	18105	255	0	255	255	255	221.479	1161.972	0	4.314	0.349	4.291	221.479	1161.972	0	217	1158	0	10	9	0
128	128	128	36	32640	255	0	255	255	255	571.648	1166.516	0	5.956	0.692	5.793	571.649	1166.515	0	565	1161	0	15	12	0
11	11	11	9	2805	255	0	255	255	255	669.091	1168.818	0	1.469	0.481	1.364	669.091	1168.818	0	667	1168	0	5	3	0
234	234	234	210	59670	255	0	255	255	255	371.876	1186.654	0	26.261	15.167	26.129	371.876	1186.653	0	320	1185	0	104	4	0
319	319	319	297	81345	255	0	255	255	255	193.404	1189.865	0	49.837	31.707	47.603	193.404	1189.863	0	112	1188	0	207	5	0
173	173	173	167	44115	255	0	255	255	255	543.289	1190.462	0	20.897	12.077	20.718	543.289	1190.461	0	502	1188	0	84	5	0
226	226	226	173	57630	255	0	255	255	255	707.646	1194.739	0	21.778	12.633	21.648	707.647	1194.737	0	661	1192	0	87	5	0
1043	1043	1043	780	265965	255	0	255	255	255	1005.803	1202.398	0	119.508	70.575	128.051	1005.805	1202.399	0	749	1196	0	483	13	0
577	577	577	479	147135	255	0	255	255	255	1392.582	1211.870	0	76.380	43.289	77.481	1392.584	1211.866	0	1233	1208	0	308	8	0
