Volume (pixel^3)	Surface (pixel^2)	Nb of obj. voxels	Nb of surf. voxels	IntDen	Mean	StdDev	Median	Min	Max	X	Y	Z	Mean dist. to surf. (pixel)	SD dist. to surf. (pixel)	Median dist. to surf. (pixel)	XM	YM	ZM	BX	BY	BZ	B-width	B-height	B-depth
712	712	712	672	181560	255	0	255	255	255	71.649	30.448	0	82.827	41.437	73.286	71.649	30.448	0	0	0	0	277	158	0
475	475	475	417	121125	255	0	255	255	255	1324.206	4.789	0	81.797	47.594	80.255	1324.209	4.789	0	1127	0	0	316	18	0
316	316	316	313	80580	255	0	255	255	255	383.032	4.478	0	39.139	22.620	39.035	383.033	4.478	0	306	3	0	157	3	0
96	96	96	94	24480	255	0	255	255	255	1066.354	4.417	0	11.875	6.964	11.657	1066.355	4.417	0	1040	3	0	50	3	0
31	31	31	20	7905	255	0	255	255	255	1446.161	21.548	0	3.001	1.269	2.874	1446.161	21.548	0	1444	17	0	5	11	0
147	147	147	57	37485	255	0	255	255	255	980.531	25.578	0	6.892	2.281	7.021	980.531	25.578	0	970	18	0	19	18	0
216	216	216	53	55080	255	0	255	255	255	1008.963	30.301	0	8.134	1.425	8.067	1008.964	30.301	0	1001	21	0	19	17	0
183	183	183	54	46665	255	0	255	255	255	725.781	28.530	0	8.194	3.071	8.008	725.782	28.530	0	714	22	0	26	15	0
71	71	71	28	18105	255	0	255	255	255	82.845	29.338	0	4.255	0.715	4.295	82.845	29.338	0	78	25	0	11	10	0
337	337	337	72	85935	255	0	255	255	255	809.549	36.487	0	9.520	1.668	9.877	809.550	36.487	0	798	26	0	24	22	0
108	108	108	34	27540	255	0	255	255	255	618.176	32.815	0	5.501	0.954	5.401	618.176	32.815	0	613	28	0	12	12	0
591	591	591	98	150705	255	0	255	255	255	878.377	38.157	0	13.454	3.666	13.867	878.379	38.157	0	862	28	0	36	22	0
1637	1637	1637	1218	417435	255	0	255	255	255	1432.458	375.622	0	174.459	99.092	178.158	1432.457	375.623	0	1422	29	0	27	687	0
241	241	241	66	61455	255	0	255	255	255	435.909	42.797	0	9.391	3.527	8.734	435.909	42.797	0	425	30	0	22	24	0
340	340	340	64	86700	255	0	255	255	255	912.718	40.368	0	10.031	1.475	10.031	912.719	40.368	0	901	30	0	22	22	0
160	160	160	38	40800	255	0	255	255	255	460.556	36.981	0	6.693	0.543	6.747	460.556	36.981	0	453	31	0	16	13	0
26	26	26	14	6630	255	0	255	255	255	780.077	33.462	0	2.446	0.378	2.501	780.077	33.462	0	777	31	0	7	6	0
27	27	27	16	6885	255	0	255	255	255	961.889	33.148	0	2.522	0.530	2.364	961.889	33.148	0	959	31	0	7	5	0
178	178	178	42	45390	255	0	255	255	255	290.371	41.590	0	7.128	0.940	7.136	290.371	41.590	0	284	33	0	14	18	0
28	28	28	18	7140	255	0	255	255	255	598.143	39.071	0	2.626	0.927	2.820	598.143	39.071	0	595	37	0	8	5	0
193	193	193	56	49215	255	0	255	255	255	687.451	46.057	0	7.812	1.905	7.493	687.452	46.057	0	677	38	0	19	16	0
228	228	228	49	58140	255	0	255	255	255	339.675	47.070	0	8.165	1.123	8.098	339.676	47.070	0	331	39	0	20	17	0
615	615	615	113	156825	255	0	255	255	255	748.554	56.828	0	12.501	4.562	13.742	748.556	56.828	0	734	39	0	30	33	0
107	107	107	39	27285	255	0	255	255	255	94.383	46.439	0	5.373	1.914	6.173	94.383	46.439	0	88	40	0	14	14	0
47	47	47	20	11985	255	0	255	255	255	584.064	43.702	0	3.422	0.297	3.397	584.064	43.702	0	581	40	0	7	8	0
61	61	61	23	15555	255	0	255	255	255	834.180	43.885	0	3.963	0.348	4.034	834.180	43.885	0	830	40	0	9	9	0
20	20	20	13	5100	255	0	255	255	255	675.700	42.600	0	2.126	0.509	2.062	675.700	42.600	0	673	41	0	6	4	0
340	340	340	62	86700	255	0	255	255	255	852.938	50.812	0	10.063	1.803	9.929	852.940	50.812	0	841	41	0	25	20	0
229	229	229	54	58395	255	0	255	255	255	560.328	51.721	0	8.221	2.102	8.488	560.328	51.721	0	553	42	0	17	22	0
684	684	684	89	174420	255	0	255	255	255	794.183	55.988	0	14.531	2.932	14.739	794.184	55.988	0	777	42	0	36	27	0
2609	2609	2609	341	665295	255	0	255	255	255	541.803	78.353	0	30.255	10.923	31.564	541.805	78.353	0	502	43	0	94	66	0
12	12	12	11	3060	255	0	255	255	255	612.417	45.833	0	1.673	0.811	1.592	612.417	45.833	0	610	44	0	6	4	0
229	229	229	59	58395	255	0	255	255	255	597.162	54.961	0	8.108	3.070	8.639	597.162	54.961	0	587	46	0	22	20	0
17	17	17	11	4335	255	0	255	255	255	485.412	49.118	0	1.895	0.277	1.927	485.412	49.118	0	484	47	0	4	5	0
28	28	28	16	7140	255	0	255	255	255	395.000	51.500	0	2.526	0.355	2.500	395.000	51.500	0	393	49	0	5	6	0
65	65	65	24	16575	255	0	255	255	255	825.923	57.138	0	4.094	0.412	4.153	825.923	57.138	0	822	53	0	9	10	0
153	153	153	46	39015	255	0	255	255	255	224.863	63.405	0	6.534	2.265	7.075	224.863	63.405	0	219	55	0	13	19	0
81	81	81	28	20655	255	0	255	255	255	497.704	60.568	0	4.615	0.340	4.620	497.704	60.568	0	493	56	0	10	10	0
26	26	26	15	6630	255	0	255	255	255	702.346	57.885	0	2.461	0.398	2.507	702.346	57.885	0	700	56	0	6	5	0
30	30	30	19	7650	255	0	255	255	255	113.667	62.767	0	2.738	1.234	2.787	113.667	62.767	0	112	58	0	4	10	0
220	220	220	50	56100	255	0	255	255	255	624.464	64.950	0	7.997	1.553	8.200	624.465	64.950	0	615	58	0	20	15	0
48	48	48	20	12240	255	0	255	255	255	667.292	61.500	0	3.470	0.248	3.542	667.292	61.500	0	664	58	0	8	8	0
130	130	130	38	33150	255	0	255	255	255	646.892	66.138	0	6.124	1.179	5.789	646.893	66.138	0	640	61	0	16	11	0
68	68	68	25	17340	255	0	255	255	255	423.250	67.044	0	4.191	0.302	4.229	423.250	67.044	0	419	63	0	9	9	0
142	142	142	43	36210	255	0	255	255	255	460.528	72.915	0	6.605	2.254	6.567	460.528	72.915	0	453	66	0	18	14	0
33	33	33	15	8415	255	0	255	255	255	688.273	70.364	0	2.855	0.377	2.801	688.273	70.364	0	685	68	0	8	6	0
96	96	96	34	24480	255	0	255	255	255	277.948	76.333	0	5.185	1.356	5.569	277.948	76.333	0	273	70	0	11	14	0
80	80	80	26	20400	255	0	255	255	255	43.375	83.025	0	4.618	0.349	4.652	43.375	83.025	0	39	78	0	10	11	0
192	192	192	48	48960	255	0	255	255	255	319.771	90.906	0	7.423	1.688	7.485	319.771	90.906	0	312	84	0	19	16	0
100	100	100	34	25500	255	0	255	255	255	176.320	92.570	0	5.239	1.465	5.600	176.320	92.570	0	171	86	0	11	14	0
84	84	84	35	21420	255	0	255	255	255	369.702	95.095	0	4.892	2.014	5.521	369.702	95.095	0	366	88	0	8	15	0
19	19	19	11	4845	255	0	255	255	255	491.842	89.842	0	2.063	0.212	2.164	491.842	89.842	0	490	88	0	5	5	0
155	155	155	41	39525	255	0	255	255	255	396.039	98.065	0	6.692	1.305	6.398	396.039	98.065	0	388	92	0	18	13	0
184	184	184	44	46920	255	0	255	255	255	239.495	101.739	0	7.237	0.934	7.548	239.495	101.739	0	232	94	0	16	16	0
173	173	173	62	44115	255	0	255	255	255	341.422	107.653	0	8.354	4.003	8.448	341.422	107.653	0	329	98	0	26	18	0
96	96	96	30	24480	255	0	255	255	255	553.344	104.448	0	5.104	0.489	5.068	553.344	104.448	0	549	99	0	10	12	0
694	694	694	164	176970	255	0	255	255	255	205.333	127.367	0	14.418	6.524	14.360	205.334	127.368	0	189	101	0	39	45	0
121	121	121	38	30855	255	0	255	255	255	442.248	114.455	0	5.948	1.967	6.581	442.248	114.455	0	435	107	0	15	15	0
172	172	172	45	43860	255	0	255	255	255	305.331	117.651	0	6.943	1.121	7.162	305.331	117.651	0	299	110	0	15	16	0
66	66	66	24	16830	255	0	255	255	255	413.182	114.379	0	4.142	0.298	4.135	413.182	114.379	0	409	110	0	9	10	0
124	124	124	41	31620	255	0	255	255	255	112.492	118.194	0	6.057	2.282	6.579	112.492	118.194	0	104	114	0	19	11	0
158	158	158	40	40290	255	0	255	255	255	244.994	123.367	0	6.663	1.020	6.874	244.994	123.367	0	238	116	0	16	15	0
36	36	36	18	9180	255	0	255	255	255	571.000	121.000	0	3.022	0.752	3.081	571.000	121.000	0	568	118	0	8	7	0
135	135	135	52	34425	255	0	255	255	255	47.548	128.933	0	6.775	2.770	6.562	47.548	128.933	0	42	119	0	12	21	0
69	69	69	25	17595	255	0	255	255	255	402.116	123.072	0	4.230	0.249	4.219	402.116	123.072	0	398	119	0	9	9	0
150	150	150	42	38250	255	0	255	255	255	420.487	139.847	0	6.506	1.587	6.863	420.487	139.847	0	413	132	0	15	17	0
361	361	361	79	92055	255	0	255	255	255	146.712	143.244	0	10.602	3.684	11.925	146.712	143.244	0	133	133	0	31	20	0
153	153	153	42	39015	255	0	255	255	255	562.928	139.490	0	6.626	1.487	6.801	562.929	139.490	0	555	134	0	17	12	0
93	93	93	30	23715	255	0	255	255	255	358.140	142.194	0	5.256	1.290	5.297	358.140	142.194	0	353	136	0	12	13	0
45	45	45	20	11475	255	0	255	255	255	332.533	140.267	0	3.326	0.358	3.375	332.533	140.267	0	329	137	0	8	7	0
87	87	87	30	22185	255	0	255	255	255	441.046	145.701	0	4.804	0.936	4.978	441.046	145.701	0	437	140	0	9	12	0
88	88	88	34	22440	255	0	255	255	255	526.955	143.659	0	4.957	1.616	5.351	526.955	143.659	0	519	140	0	15	8	0
499	499	499	89	127245	255	0	255	255	255	389.523	161.429	0	12.694	3.900	12.301	389.524	161.429	0	370	150	0	37	26	0
321	321	321	63	81855	255	0	255	255	255	446.408	165.312	0	9.862	2.224	9.916	446.409	165.312	0	438	153	0	19	26	0
76	76	76	25	19380	255	0	255	255	255	593.303	157.776	0	4.490	0.258	4.473	593.303	157.776	0	589	153	0	10	10	0
196	196	196	53	49980	255	0	255	255	255	223.367	164.398	0	7.900	2.585	7.499	223.367	164.398	0	214	156	0	22	17	0
214	214	214	47	54570	255	0	255	255	255	63.407	165.196	0	7.901	1.658	7.603	63.407	165.196	0	53	159	0	22	14	0
282	282	282	70	71910	255	0	255	255	255	280.674	167.738	0	8.980	2.997	8.930	280.674	167.738	0	268	159	0	26	18	0
233	233	233	57	59415	255	0	255	255	255	351.996	170.219	0	8.433	2.994	9.265	351.996	170.219	0	342	160	0	21	22	0
316	316	316	81	80580	255	0	255	255	255	113.576	178.161	0	10.013	3.484	10.788	113.576	178.161	0	104	163	0	22	28	0
133	133	133	124	33915	255	0	255	255	255	8.827	196.812	0	17.010	11.032	15.578	8.827	196.812	0	7	166	0	5	75	0
13	13	13	9	3315	255	0	255	255	255	176.385	168.615	0	1.627	0.169	1.661	176.385	168.615	0	175	167	0	4	4	0
90	90	90	32	22950	255	0	255	255	255	140.822	176.544	0	4.926	1.434	5.251	140.822	176.544	0	137	170	0	8	14	0
150	150	150	50	38250	255	0	255	255	255	190.873	182.667	0	6.727	2.635	6.703	190.873	182.667	0	182	173	0	16	19	0
41	41	41	18	10455	255	0	255	255	255	571.829	176.805	0	3.188	0.273	3.188	571.829	176.805	0	568	174	0	8	7	0
188	188	188	46	47940	255	0	255	255	255	166.293	180.926	0	7.324	1.748	7.588	166.293	180.926	0	157	176	0	20	11	0
50	50	50	20	12750	255	0	255	255	255	239.460	182.600	0	3.556	0.235	3.585	239.460	182.600	0	236	179	0	8	8	0
481	481	481	93	122655	255	0	255	255	255	423.405	199.482	0	12.842	5.156	13.270	423.406	199.482	0	409	181	0	29	35	0
362	362	362	82	92310	255	0	255	255	255	511.503	195.693	0	11.012	3.491	10.398	511.504	195.694	0	498	181	0	28	27	0
140	140	140	41	35700	255	0	255	255	255	53.464	188.371	0	6.274	1.201	6.144	53.464	188.371	0	46	183	0	16	12	0
21	21	21	13	5355	255	0	255	255	255	530.048	185.190	0	2.134	0.285	2.114	530.048	185.190	0	528	183	0	5	5	0
49	49	49	21	12495	255	0	255	255	255	399.429	187.837	0	3.491	0.332	3.529	399.429	187.837	0	396	185	0	8	7	0
14	14	14	10	3570	255	0	255	255	255	492.500	186.286	0	1.666	0.217	1.661	492.500	186.286	0	491	185	0	4	4	0
177	177	177	42	45135	255	0	255	255	255	132.090	194.136	0	7.066	0.950	7.102	132.090	194.136	0	126	186	0	14	17	0
125	125	125	35	31875	255	0	255	255	255	341.808	191.320	0	5.989	1.028	5.961	341.808	191.320	0	335	186	0	15	12	0
300	300	300	67	76500	255	0	255	255	255	290.423	198.723	0	9.625	2.635	9.956	290.424	198.723	0	280	188	0	26	19	0
144	144	144	38	36720	255	0	255	255	255	361.139	194.250	0	6.390	1.255	6.331	361.139	194.250	0	353	188	0	17	13	0
67	67	67	24	17085	255	0	255	255	255	550.209	195.299	0	4.171	0.286	4.207	550.209	195.299	0	546	191	0	9	9	0
79	79	79	26	20145	255	0	255	255	255	611.051	195.658	0	4.598	0.373	4.625	611.051	195.658	0	606	191	0	11	10	0
40	40	40	18	10200	255	0	255	255	255	630.500	194.000	0	3.141	0.417	3.202	630.500	194.000	0	627	191	0	8	7	0
86	86	86	31	21930	255	0	255	255	255	458.512	200.163	0	4.787	1.320	5.186	458.512	200.163	0	455	194	0	8	13	0
75	75	75	25	19125	255	0	255	255	255	317.760	201.787	0	4.451	0.284	4.400	317.760	201.787	0	313	197	0	10	10	0
62	62	62	23	15810	255	0	255	255	255	241.097	203.726	0	3.996	0.339	3.982	241.097	203.726	0	237	200	0	9	9	0
71	71	71	29	18105	255	0	255	255	255	221.085	203.845	0	4.357	1.474	4.469	221.085	203.845	0	215	201	0	13	7	0
167	167	167	47	42585	255	0	255	255	255	472.533	213.257	0	6.828	1.623	7.203	472.533	213.257	0	466	204	0	16	17	0
248	248	248	51	63240	255	0	255	255	255	369.677	217.524	0	8.548	1.343	8.396	369.678	217.524	0	361	207	0	17	22	0
46	46	46	19	11730	255	0	255	255	255	60.717	213.174	0	3.397	0.297	3.385	60.717	213.174	0	57	210	0	8	8	0
72	72	72	27	18360	255	0	255	255	255	143.583	214.819	0	4.384	0.854	4.611	143.583	214.819	0	139	210	0	9	11	0
451	451	451	102	115005	255	0	255	255	255	256.222	223.251	0	12.836	5.144	12.622	256.222	223.251	0	233	212	0	42	21	0
719	719	719	105	183345	255	0	255	255	255	451.808	234.220	0	15.395	3.714	14.825	451.809	234.220	0	437	212	0	30	41	0
381	381	381	77	97155	255	0	255	255	255	318.357	226.186	0	10.673	3.229	10.796	318.358	226.187	0	304	214	0	28	25	0
282	282	282	62	71910	255	0	255	255	255	150.018	231.539	0	9.111	1.918	9.330	150.018	231.539	0	138	223	0	23	19	0
161	161	161	40	41055	255	0	255	255	255	71.522	231.112	0	6.802	1.322	7.183	71.522	231.112	0	64	224	0	16	16	0
61	61	61	23	15555	255	0	255	255	255	619.148	228.541	0	3.958	0.344	3.994	619.148	228.541	0	615	225	0	9	8	0
148	148	148	45	37740	255	0	255	255	255	194.000	233.554	0	6.455	1.473	6.630	194.000	233.554	0	185	227	0	18	13	0
380	380	380	85	96900	255	0	255	255	255	211.350	241.726	0	11.388	4.619	11.652	211.350	241.726	0	196	227	0	31	28	0
118	118	118	34	30090	255	0	255	255	255	665.203	233.186	0	5.715	0.925	5.717	665.204	233.186	0	659	228	0	14	11	0
386	386	386	67	98430	255	0	255	255	255	389.650	241.500	0	11.119	2.875	11.661	389.651	241.500	0	377	230	0	27	25	0
270	270	270	62	68850	255	0	255	255	255	240.504	240.222	0	9.276	2.820	8.991	240.504	240.222	0	227	233	0	29	15	0
70	70	70	27	17850	255	0	255	255	255	533.243	237.429	0	4.372	1.224	4.281	533.243	237.429	0	527	234	0	13	8	0
292	292	292	76	74460	255	0	255	255	255	419.130	246.021	0	9.772	4.191	10.196	419.131	246.021	0	406	235	0	28	24	0
449	449	449	116	114495	255	0	255	255	255	95.414	259.481	0	12.877	5.477	12.748	95.414	259.481	0	80	237	0	32	40	0
209	209	209	50	53295	255	0	255	255	255	581.474	247.593	0	7.785	1.558	7.623	581.474	247.593	0	573	240	0	18	16	0
230	230	230	48	58650	255	0	255	255	255	336.509	250.096	0	8.156	0.988	8.173	336.509	250.096	0	327	241	0	19	18	0
62	62	62	26	15810	255	0	255	255	255	269.258	247.919	0	4.031	0.850	4.177	269.258	247.919	0	265	243	0	9	10	0
48	48	48	22	12240	255	0	255	255	255	608.833	253.062	0	3.440	0.391	3.386	608.833	253.062	0	605	250	0	9	7	0
36	36	36	18	9180	255	0	255	255	255	482.694	253.861	0	2.939	0.411	2.935	482.694	253.861	0	480	251	0	6	7	0
210	210	210	53	53550	255	0	255	255	255	148.524	263.152	0	8.266	3.027	8.451	148.524	263.152	0	140	252	0	18	23	0
33	33	33	31	8415	255	0	255	255	255	12.273	261.091	0	4.152	2.554	3.976	12.273	261.091	0	11	254	0	3	18	0
637	637	637	168	162435	255	0	255	255	255	64.743	279.802	0	17.746	8.199	16.507	64.743	279.802	0	52	255	0	25	61	0
92	92	92	30	23460	255	0	255	255	255	355.989	260.424	0	4.997	0.689	5.116	355.989	260.424	0	350	255	0	12	11	0
1731	1731	1731	319	441405	255	0	255	255	255	492.656	312.769	0	30.149	16.360	30.175	492.658	312.769	0	476	257	0	37	120	0
142	142	142	38	36210	255	0	255	255	255	290.789	264.535	0	6.352	0.945	6.306	290.789	264.535	0	285	258	0	13	16	0
337	337	337	67	85935	255	0	255	255	255	254.134	267.356	0	10.089	2.071	10.119	254.134	267.356	0	240	259	0	26	20	0
288	288	288	76	73440	255	0	255	255	255	393.101	267.167	0	10.030	4.693	10.644	393.101	267.167	0	376	259	0	33	16	0
15	15	15	13	3825	255	0	255	255	255	27.267	264.400	0	1.855	0.852	1.760	27.267	264.400	0	26	261	0	3	7	0
508	508	508	127	129540	255	0	255	255	255	157.407	283.557	0	13.915	5.829	14.469	157.408	283.557	0	145	262	0	29	44	0
1325	1325	1325	166	337875	255	0	255	255	255	338.888	289.922	0	21.933	8.678	20.593	338.889	289.921	0	311	263	0	57	55	0
180	180	180	50	45900	255	0	255	255	255	452.694	270.850	0	7.486	2.284	7.208	452.695	270.850	0	443	264	0	21	15	0
494	494	494	82	125970	255	0	255	255	255	689.300	273.032	0	12.422	3.279	11.750	689.301	273.032	0	673	265	0	36	20	0
40	40	40	18	10200	255	0	255	255	255	433.575	268.800	0	3.167	0.470	3.220	433.575	268.800	0	430	266	0	8	7	0
157	157	157	52	40035	255	0	255	255	255	124.013	282.312	0	6.842	2.556	7.522	124.013	282.312	0	118	272	0	13	20	0
466	466	466	125	118830	255	0	255	255	255	188.461	288.275	0	12.231	5.192	13.005	188.462	288.275	0	173	272	0	30	38	0
76	76	76	29	19380	255	0	255	255	255	425.316	280.250	0	4.533	1.403	4.913	425.316	280.250	0	421	274	0	9	13	0
133	133	133	39	33915	255	0	255	255	255	94.271	281.579	0	6.188	1.487	5.931	94.271	281.579	0	86	277	0	18	11	0
13	13	13	10	3315	255	0	255	255	255	563.385	280.231	0	1.584	0.321	1.608	563.385	280.231	0	562	279	0	4	4	0
71	71	71	25	18105	255	0	255	255	255	609.817	282.718	0	4.304	0.408	4.312	609.817	282.718	0	605	279	0	11	9	0
332	332	332	68	84660	255	0	255	255	255	522.160	291.937	0	11.000	3.930	10.558	522.161	291.937	0	507	280	0	30	23	0
62	62	62	26	15810	255	0	255	255	255	295.968	287.177	0	4.051	1.001	4.221	295.968	287.177	0	293	282	0	7	11	0
293	293	293	67	74715	255	0	255	255	255	404.894	292.184	0	9.342	2.622	9.646	404.895	292.184	0	391	282	0	25	19	0
121	121	121	36	30855	255	0	255	255	255	244.967	289.926	0	5.849	1.072	5.912	244.967	289.926	0	238	283	0	13	14	0
102	102	102	33	26010	255	0	255	255	255	435.990	292.147	0	5.291	1.294	5.432	435.990	292.147	0	429	288	0	15	9	0
125	125	125	35	31875	255	0	255	255	255	697.112	293.392	0	5.835	0.630	6.029	697.112	293.392	0	691	288	0	13	12	0
592	592	592	97	150960	255	0	255	255	255	302.488	308.652	0	13.246	3.208	13.522	302.489	308.652	0	286	292	0	32	31	0
55	55	55	21	14025	255	0	255	255	255	136.673	299.745	0	3.755	0.325	3.757	136.673	299.745	0	133	296	0	8	9	0
226	226	226	49	57630	255	0	255	255	255	224.124	307.212	0	8.139	1.246	7.855	224.124	307.212	0	217	298	0	16	20	0
80	80	80	34	20400	255	0	255	255	255	34.950	307.325	0	4.578	1.116	4.481	34.950	307.325	0	29	302	0	12	10	0
16	16	16	11	4080	255	0	255	255	255	245.188	303.500	0	1.840	0.340	1.880	245.188	303.500	0	243	302	0	5	4	0
98	98	98	29	24990	255	0	255	255	255	174.847	308.276	0	5.296	1.019	5.434	174.847	308.276	0	169	303	0	12	12	0
205	205	205	55	52275	255	0	255	255	255	261.644	314.888	0	7.758	1.949	7.864	261.644	314.888	0	252	305	0	20	18	0
91	91	91	29	23205	255	0	255	255	255	640.989	311.352	0	5.158	1.133	5.352	640.989	311.352	0	635	306	0	12	12	0
212	212	212	59	54060	255	0	255	255	255	715.618	314.769	0	8.585	3.353	8.234	715.619	314.769	0	703	306	0	26	18	0
522	522	522	136	133110	255	0	255	255	255	113.692	321.741	0	14.206	5.881	14.503	113.692	321.742	0	89	307	0	46	32	0
191	191	191	42	48705	255	0	255	255	255	459.089	317.456	0	7.390	0.654	7.386	459.089	317.456	0	451	309	0	17	16	0
403	403	403	84	102765	255	0	255	255	255	526.102	319.975	0	11.237	4.486	11.723	526.103	319.975	0	508	310	0	34	18	0
345	345	345	95	87975	255	0	255	255	255	148.965	328.719	0	11.122	5.241	11.142	148.965	328.719	0	139	313	0	22	37	0
119	119	119	33	30345	255	0	255	255	255	442.118	320.101	0	5.839	1.060	5.984	442.118	320.101	0	436	314	0	13	13	0
121	121	121	34	30855	255	0	255	255	255	372.215	321.719	0	5.792	0.699	5.838	372.215	321.719	0	366	316	0	14	12	0
44	44	44	19	11220	255	0	255	255	255	563.682	322.273	0	3.304	0.361	3.329	563.682	322.273	0	560	319	0	8	8	0
33	33	33	17	8415	255	0	255	255	255	611.667	324.273	0	2.783	0.299	2.764	611.667	324.273	0	609	321	0	6	7	0
4575	4575	4575	509	1166625	255	0	255	255	255	73.928	391.333	0	48.690	26.013	45.817	73.929	391.334	0	37	322	0	76	176	0
459	459	459	101	117045	255	0	255	255	255	272.431	338.209	0	11.725	5.628	11.479	272.432	338.209	0	257	322	0	33	34	0
87	87	87	29	22185	255	0	255	255	255	753.172	327.023	0	4.801	0.430	4.880	753.172	327.023	0	748	323	0	11	10	0
39	39	39	18	9945	255	0	255	255	255	34.128	326.564	0	3.130	0.458	3.169	34.128	326.564	0	31	324	0	8	7	0
257	257	257	54	65535	255	0	255	255	255	172.187	334.370	0	8.655	1.352	8.460	172.187	334.370	0	164	324	0	17	20	0
271	271	271	54	69105	255	0	255	255	255	403.731	333.269	0	8.920	1.800	8.628	403.731	333.270	0	393	325	0	22	18	0
127	127	127	43	32385	255	0	255	255	255	239.488	336.764	0	6.395	2.248	6.172	239.488	336.764	0	235	327	0	10	19	0
347	347	347	73	88485	255	0	255	255	255	197.807	337.870	0	9.952	2.003	9.926	197.807	337.870	0	185	328	0	24	22	0
1246	1246	1246	235	317730	255	0	255	255	255	459.639	364.063	0	25.753	13.117	26.234	459.640	364.064	0	427	328	0	73	69	0
181	181	181	42	46155	255	0	255	255	255	566.983	336.072	0	7.242	1.112	7.573	566.984	336.072	0	560	328	0	15	17	0
561	561	561	94	143055	255	0	255	255	255	537.153	351.734	0	13.091	2.990	13.899	537.155	351.734	0	525	334	0	25	33	0
73	73	73	29	18615	255	0	255	255	255	37.438	341.767	0	4.400	1.164	4.885	37.438	341.767	0	33	336	0	9	12	0
1500	1500	1500	241	382500	255	0	255	255	255	623.813	370.637	0	27.958	13.169	28.691	623.813	370.637	0	577	337	0	84	68	0
83	83	83	83	21165	255	0	255	255	255	16.494	361.253	0	10.406	5.997	10.266	16.494	361.253	0	16	341	0	2	42	0
59	59	59	22	15045	255	0	255	255	255	314.644	348.593	0	3.922	0.458	3.812	314.644	348.593	0	311	344	0	8	10	0
129	129	129	38	32895	255	0	255	255	255	690.837	349.550	0	6.098	1.780	6.267	690.838	349.550	0	683	344	0	17	12	0
79	79	79	26	20145	255	0	255	255	255	765.266	350.190	0	4.586	0.414	4.600	765.266	350.190	0	761	346	0	10	10	0
222	222	222	51	56610	255	0	255	255	255	49.135	360.023	0	8.158	1.809	7.900	49.135	360.022	0	42	349	0	14	23	0
71	71	71	25	18105	255	0	255	255	255	298.676	354.085	0	4.312	0.346	4.294	298.676	354.085	0	294	350	0	10	9	0
164	164	164	41	41820	255	0	255	255	255	576.317	358.317	0	6.956	1.492	7.201	576.318	358.317	0	568	352	0	18	14	0
347	347	347	61	88485	255	0	255	255	255	232.844	364.519	0	10.137	1.071	9.993	232.845	364.519	0	223	353	0	22	23	0
43	43	43	22	10965	255	0	255	255	255	319.674	359.395	0	3.367	1.035	3.451	319.674	359.395	0	317	355	0	6	10	0
111	111	111	36	28305	255	0	255	255	255	263.919	364.802	0	5.608	1.474	6.084	263.919	364.802	0	259	358	0	11	15	0
21	21	21	13	5355	255	0	255	255	255	488.048	361.190	0	2.134	0.285	2.114	488.048	361.190	0	486	359	0	5	5	0
58	58	58	31	14790	255	0	255	255	255	149.034	365.534	0	4.178	1.999	4.535	149.034	365.534	0	144	360	0	12	12	0
108	108	108	35	27540	255	0	255	255	255	197.574	370.694	0	5.452	1.226	5.596	197.574	370.694	0	194	363	0	9	15	0
558	558	558	97	142290	255	0	255	255	255	599.048	385.398	0	14.036	5.290	14.505	599.049	385.398	0	588	365	0	23	42	0
193	193	193	58	49215	255	0	255	255	255	555.477	377.715	0	7.947	3.184	7.689	555.477	377.715	0	548	367	0	15	24	0
32	32	32	17	8160	255	0	255	255	255	713.156	370.344	0	2.743	0.485	2.864	713.156	370.344	0	710	368	0	7	6	0
197	197	197	46	50235	255	0	255	255	255	287.076	379.523	0	7.608	1.495	7.411	287.076	379.523	0	280	370	0	15	19	0
205	205	205	46	52275	255	0	255	255	255	730.049	381.815	0	7.708	1.335	7.716	730.050	381.815	0	724	372	0	14	20	0
328	328	328	83	83640	255	0	255	255	255	164.357	390.912	0	11.556	5.046	10.698	164.357	390.912	0	154	373	0	21	37	0
220	220	220	58	56100	255	0	255	255	255	330.564	387.805	0	8.466	3.080	8.465	330.564	387.804	0	324	376	0	15	25	0
303	303	303	65	77265	255	0	255	255	255	516.502	387.792	0	9.782	2.653	9.400	516.503	387.792	0	502	379	0	27	19	0
79	79	79	27	20145	255	0	255	255	255	313.709	384.709	0	4.560	0.264	4.593	313.709	384.709	0	309	380	0	10	10	0
353	353	353	74	90015	255	0	255	255	255	777.839	395.448	0	10.480	2.784	10.704	777.840	395.448	0	766	384	0	26	26	0
66	66	66	27	16830	255	0	255	255	255	195.621	394.667	0	4.130	1.010	4.497	195.621	394.667	0	192	390	0	8	11	0
333	333	333	63	84915	255	0	255	255	255	578.874	400.859	0	9.992	2.371	9.964	578.875	400.859	0	566	393	0	27	16	0
723	723	723	142	184365	255	0	255	255	255	671.209	408.044	0	17.004	6.835	17.631	671.210	408.045	0	644	393	0	55	33	0
91	91	91	30	23205	255	0	255	255	255	826.945	403.154	0	5.134	1.200	5.207	826.945	403.154	0	822	397	0	11	13	0
804	804	804	132	205020	255	0	255	255	255	544.536	413.955	0	16.619	6.605	14.624	544.537	413.955	0	518	400	0	52	32	0
870	870	870	137	221850	255	0	255	255	255	323.297	421.702	0	16.941	6.146	16.611	323.298	421.701	0	299	404	0	49	33	0
99	99	99	32	25245	255	0	255	255	255	197.889	411.939	0	5.374	1.453	5.952	197.889	411.939	0	192	406	0	13	13	0
83	83	83	29	21165	255	0	255	255	255	232.000	410.916	0	4.782	0.964	5.016	232.000	410.916	0	227	406	0	11	11	0
306	306	306	59	78030	255	0	255	255	255	276.170	417.660	0	9.573	1.796	8.807	276.170	417.660	0	264	409	0	26	18	0
242	242	242	56	61710	255	0	255	255	255	605.616	422.645	0	8.734	2.451	9.074	605.617	422.645	0	596	414	0	22	19	0
65	65	65	23	16575	255	0	255	255	255	800.385	418.108	0	4.126	0.298	4.126	800.385	418.108	0	796	414	0	9	9	0
89	89	89	29	22695	255	0	255	255	255	181.112	420.742	0	4.862	0.374	4.870	181.112	420.742	0	176	416	0	11	11	0
58	58	58	23	14790	255	0	255	255	255	209.741	421.414	0	3.830	0.322	3.787	209.741	421.414	0	206	418	0	9	8	0
2932	2932	2932	312	747660	255	0	255	255	255	709.805	452.970	0	30.289	11.012	31.951	709.805	452.968	0	668	418	0	90	75	0
30	30	30	14	7650	255	0	255	255	255	583.000	427.500	0	2.710	0.233	2.693	583.000	427.500	0	580	425	0	7	6	0
61	61	61	23	15555	255	0	255	255	255	206.213	432.508	0	4.096	0.824	4.475	206.213	432.508	0	202	428	0	9	10	0
165	165	165	40	42075	255	0	255	255	255	281.400	435.358	0	6.816	0.664	6.826	281.400	435.358	0	274	428	0	15	15	0
195	195	195	48	49725	255	0	255	255	255	190.272	438.846	0	7.578	1.857	8.028	190.272	438.846	0	183	429	0	16	19	0
163	163	163	41	41565	255	0	255	255	255	655.926	437.448	0	6.778	1.021	6.802	655.927	437.448	0	650	429	0	13	18	0
184	184	184	45	46920	255	0	255	255	255	859.114	437.000	0	7.440	1.724	7.250	859.115	437.000	0	851	429	0	18	17	0
15	15	15	12	3825	255	0	255	255	255	304.400	432.333	0	1.839	0.710	1.684	304.400	432.333	0	302	431	0	6	4	0
78	78	78	31	19890	255	0	255	255	255	834.231	437.167	0	4.686	1.652	4.841	834.231	437.167	0	829	431	0	11	13	0
137	137	137	42	34935	255	0	255	255	255	592.248	440.080	0	6.401	1.699	6.488	592.248	440.080	0	583	435	0	19	12	0
87	87	87	30	22185	255	0	255	255	255	224.448	440.713	0	4.828	0.914	4.975	224.448	440.713	0	219	436	0	12	10	0
681	681	681	94	173655	255	0	255	255	255	344.470	459.021	0	14.563	2.974	14.480	344.471	459.020	0	333	439	0	26	40	0
680	680	680	132	173400	255	0	255	255	255	630.600	457.513	0	16.933	7.282	19.215	630.601	457.514	0	606	441	0	52	36	0
132	132	132	40	33660	255	0	255	255	255	215.735	455.258	0	6.175	1.781	6.414	215.735	455.258	0	211	447	0	11	17	0
237	237	237	52	60435	255	0	255	255	255	876.477	458.671	0	8.291	1.120	8.373	876.478	458.671	0	869	449	0	17	19	0
289	289	289	55	73695	255	0	255	255	255	282.114	460.965	0	9.247	1.319	9.211	282.114	460.966	0	273	451	0	21	21	0
32	32	32	16	8160	255	0	255	255	255	839.656	453.406	0	2.749	0.276	2.728	839.656	453.406	0	837	451	0	7	6	0
228	228	228	50	58140	255	0	255	255	255	235.820	464.610	0	8.040	0.846	8.144	235.820	464.609	0	228	456	0	17	17	0
166	166	166	42	42330	255	0	255	255	255	202.681	472.711	0	7.013	1.559	6.753	202.681	472.711	0	197	464	0	13	18	0
223	223	223	65	56865	255	0	255	255	255	657.991	481.408	0	8.812	3.279	8.133	657.992	481.408	0	652	469	0	17	26	0
43	43	43	19	10965	255	0	255	255	255	316.884	474.349	0	3.267	0.610	3.323	316.884	474.349	0	313	472	0	9	6	0
222	222	222	49	56610	255	0	255	255	255	298.878	485.351	0	7.969	1.129	8.312	298.878	485.351	0	290	476	0	17	19	0
90	90	90	29	22950	255	0	255	255	255	765.278	482.844	0	4.931	0.463	4.898	765.278	482.844	0	761	478	0	10	11	0
160	160	160	44	40800	255	0	255	255	255	359.125	488.712	0	6.884	1.981	6.731	359.125	488.713	0	354	479	0	11	20	0
970	970	970	215	247350	255	0	255	255	255	800.365	507.752	0	16.677	7.538	15.367	800.366	507.752	0	777	480	0	49	54	0
89	89	89	31	22695	255	0	255	255	255	702.764	487.764	0	4.883	1.143	5.058	702.764	487.764	0	699	482	0	8	13	0
40	40	40	18	10200	255	0	255	255	255	217.800	492.925	0	3.131	0.222	3.122	217.800	492.925	0	215	490	0	7	7	0
202	202	202	49	51510	255	0	255	255	255	676.540	498.960	0	7.844	1.963	8.026	676.541	498.960	0	668	490	0	18	18	0
165	165	165	51	42075	255	0	255	255	255	322.648	497.509	0	7.262	2.848	7.100	322.648	497.509	0	312	493	0	23	10	0
23961	23961	23961	2510	6110055	255	0	255	255	255	960.442	635.981	0	149.791	84.031	145.835	960.529	635.882	0	689	493	0	535	323	0
284	284	284	70	72420	255	0	255	255	255	239.331	505.940	0	9.423	2.501	9.418	239.331	505.941	0	230	498	0	25	19	0
418	418	418	99	106590	255	0	255	255	255	233.007	523.569	0	11.358	4.598	12.786	233.008	523.569	0	217	506	0	31	32	0
35	35	35	18	8925	255	0	255	255	255	352.571	508.971	0	2.943	0.517	3.014	352.571	508.971	0	350	506	0	6	7	0
41	41	41	19	10455	255	0	255	255	255	269.122	511.976	0	3.166	0.253	3.122	269.122	511.976	0	266	509	0	7	7	0
183	183	183	58	46665	255	0	255	255	255	41.044	519.557	0	7.601	2.979	7.972	41.044	519.557	0	29	512	0	22	16	0
52	52	52	24	13260	255	0	255	255	255	363.635	518.885	0	3.661	0.980	4.035	363.635	518.885	0	360	514	0	8	10	0
82	82	82	30	20910	255	0	255	255	255	292.415	520.463	0	4.771	1.234	5.148	292.415	520.463	0	288	515	0	10	12	0
88	88	88	30	22440	255	0	255	255	255	315.568	522.466	0	4.972	1.353	5.148	315.568	522.466	0	311	516	0	10	14	0
63	63	63	25	16065	255	0	255	255	255	932.524	522.397	0	4.080	0.676	3.871	932.524	522.397	0	928	517	0	9	11	0
45	45	45	21	11475	255	0	255	255	255	325.022	523.600	0	3.379	0.754	3.420	325.022	523.600	0	322	520	0	7	9	0
49	49	49	21	12495	255	0	255	255	255	370.163	531.776	0	3.485	0.313	3.428	370.163	531.776	0	367	528	0	8	8	0
53	53	53	53	13515	255	0	255	255	255	16.321	553.868	0	8.684	5.514	8.160	16.321	553.868	0	16	533	0	2	37	0
43	43	43	21	10965	255	0	255	255	255	927.442	540.791	0	3.252	0.634	3.293	927.442	540.791	0	924	537	0	8	8	0
160	160	160	43	40800	255	0	255	255	255	262.619	546.062	0	6.861	1.871	7.453	262.619	546.062	0	256	538	0	14	18	0
259	259	259	55	66045	255	0	255	255	255	318.463	547.178	0	8.705	1.571	8.247	318.464	547.178	0	309	538	0	20	19	0
608	608	608	130	155040	255	0	255	255	255	41.913	561.414	0	14.785	6.213	14.475	41.913	561.414	0	19	541	0	39	38	0
48	48	48	20	12240	255	0	255	255	255	234.750	547.854	0	3.469	0.316	3.416	234.750	547.854	0	231	544	0	8	8	0
81	81	81	26	20655	255	0	255	255	255	372.185	548.518	0	4.640	0.249	4.613	372.185	548.518	0	368	544	0	10	10	0
137	137	137	39	34935	255	0	255	255	255	287.803	559.847	0	6.163	1.000	6.350	287.803	559.847	0	283	552	0	12	15	0
287	287	287	78	73185	255	0	255	255	255	376.843	568.707	0	9.603	3.621	10.042	376.844	568.707	0	365	557	0	20	27	0
141	141	141	42	35955	255	0	255	255	255	320.092	570.184	0	6.353	1.861	6.658	320.092	570.185	0	312	565	0	18	11	0
231	231	231	58	58905	255	0	255	255	255	340.074	578.913	0	8.294	2.791	8.970	340.074	578.913	0	334	567	0	13	25	0
18	18	18	11	4590	255	0	255	255	255	256.556	572.111	0	1.993	0.288	1.941	256.556	572.111	0	255	570	0	5	5	0
27	27	27	14	6885	255	0	255	255	255	359.407	574.185	0	2.507	0.300	2.570	359.407	574.185	0	357	572	0	6	6	0
228	228	228	76	58140	255	0	255	255	255	43.526	591.610	0	10.370	4.871	10.162	43.526	591.610	0	37	574	0	17	36	0
120	120	120	36	30600	255	0	255	255	255	264.008	588.025	0	5.789	1.339	6.067	264.008	588.025	0	259	581	0	11	15	0
73	73	73	25	18615	255	0	255	255	255	306.205	586.548	0	4.381	0.293	4.457	306.205	586.548	0	302	582	0	9	10	0
237	237	237	48	60435	255	0	255	255	255	294.017	602.093	0	8.258	1.140	8.063	294.017	602.093	0	286	592	0	16	21	0
120	120	120	38	30600	255	0	255	255	255	23.042	601.358	0	5.707	1.130	5.839	23.042	601.358	0	17	595	0	13	13	0
133	133	133	39	33915	255	0	255	255	255	254.835	605.030	0	6.071	1.192	6.028	254.835	605.030	0	249	598	0	12	16	0
82	82	82	29	20910	255	0	255	255	255	270.171	605.951	0	4.670	1.073	4.835	270.171	605.951	0	264	602	0	13	8	0
168	168	168	45	42840	255	0	255	255	255	323.905	611.060	0	6.927	1.186	6.515	323.905	611.060	0	317	603	0	15	16	0
130	130	130	36	33150	255	0	255	255	255	386.285	613.831	0	5.964	0.531	6.077	386.285	613.830	0	381	607	0	12	14	0
110	110	110	36	28050	255	0	255	255	255	262.364	620.491	0	5.472	1.470	5.797	262.364	620.491	0	255	616	0	15	10	0
372	372	372	70	94860	255	0	255	255	255	370.032	629.992	0	10.511	1.799	10.356	370.033	629.992	0	358	620	0	25	24	0
529	529	529	83	134895	255	0	255	255	255	294.622	642.612	0	12.960	3.070	11.905	294.623	642.613	0	283	625	0	23	37	0
70	70	70	26	17850	255	0	255	255	255	860.171	630.243	0	4.259	0.436	4.275	860.171	630.243	0	856	626	0	10	9	0
236	236	236	63	60180	255	0	255	255	255	270.042	646.767	0	9.233	3.568	8.756	270.042	646.767	0	263	632	0	16	29	0
92	92	92	31	23460	255	0	255	255	255	25.130	637.250	0	4.996	0.555	4.927	25.130	637.250	0	20	633	0	11	10	0
140	140	140	41	35700	255	0	255	255	255	332.571	643.279	0	6.358	1.449	5.835	332.571	643.278	0	325	636	0	16	14	0
113	113	113	41	28815	255	0	255	255	255	881.496	649.389	0	6.277	2.538	6.615	881.496	649.389	0	873	643	0	17	15	0
51	51	51	23	13005	255	0	255	255	255	21.353	652.275	0	3.567	0.471	3.587	21.353	652.275	0	18	649	0	8	7	0
254	254	254	55	64770	255	0	255	255	255	1052.256	658.252	0	8.757	1.725	8.490	1052.257	658.252	0	1040	651	0	24	17	0
225	225	225	53	57375	255	0	255	255	255	902.427	661.867	0	8.332	1.865	8.170	902.427	661.867	0	892	654	0	20	19	0
200	200	200	45	51000	255	0	255	255	255	314.975	666.055	0	7.666	1.179	7.243	314.975	666.055	0	308	656	0	16	21	0
571	571	571	87	145605	255	0	255	255	255	354.585	675.508	0	13.697	4.227	14.031	354.586	675.508	0	340	657	0	31	36	0
340	340	340	80	86700	255	0	255	255	255	393.009	669.350	0	10.423	3.834	11.075	393.010	669.350	0	382	660	0	29	22	0
254	254	254	50	64770	255	0	255	255	255	937.260	669.748	0	8.617	1.010	8.493	937.261	669.749	0	927	661	0	21	18	0
266	266	266	60	67830	255	0	255	255	255	285.094	678.951	0	9.004	2.780	9.212	285.094	678.951	0	279	666	0	14	26	0
136	136	136	39	34680	255	0	255	255	255	413.632	679.963	0	6.248	1.481	6.254	413.632	679.963	0	409	672	0	11	17	0
1288	1288	1288	148	328440	255	0	255	255	255	314.771	701.649	0	19.884	5.113	20.193	314.772	701.650	0	298	673	0	39	55	0
60	60	60	30	15300	255	0	255	255	255	15.167	682.767	0	4.417	1.562	4.075	15.167	682.767	0	13	676	0	7	16	0
79	79	79	26	20145	255	0	255	255	255	404.392	693.633	0	4.684	0.762	4.650	404.392	693.633	0	400	689	0	10	11	0
548	548	548	105	139740	255	0	255	255	255	950.591	709.476	0	11.843	3.827	12.815	950.592	709.476	0	935	693	0	31	35	0
62	62	62	58	15810	255	0	255	255	255	12.371	710.194	0	7.303	4.202	7.212	12.371	710.194	0	11	695	0	3	29	0
102	102	102	33	26010	255	0	255	255	255	421.686	705.255	0	5.329	1.187	5.593	421.686	705.255	0	417	699	0	11	14	0
50	50	50	21	12750	255	0	255	255	255	397.720	705.360	0	3.541	0.263	3.596	397.720	705.360	0	394	702	0	8	8	0
223	223	223	50	56865	255	0	255	255	255	385.516	714.691	0	8.156	1.670	7.588	385.516	714.691	0	379	705	0	14	22	0
248	248	248	48	63240	255	0	255	255	255	350.577	713.863	0	8.466	0.674	8.328	350.577	713.863	0	341	706	0	19	18	0
34	34	34	17	8670	255	0	255	255	255	370.588	717.147	0	2.965	0.758	2.883	370.588	717.147	0	368	713	0	6	9	0
122	122	122	36	31110	255	0	255	255	255	987.066	722.844	0	5.832	1.236	5.873	987.066	722.844	0	983	716	0	10	15	0
804	804	804	596	205020	255	0	255	255	255	1426.490	923.776	0	88.378	49.787	86.783	1426.500	923.776	0	1408	717	0	25	363	0
64	64	64	23	16320	255	0	255	255	255	424.047	726.953	0	4.085	0.275	4.089	424.047	726.953	0	420	723	0	9	9	0
1843	1843	1843	1359	469965	255	0	255	255	255	155.285	1010.846	0	178.884	71.611	162.202	155.286	1010.833	0	2	726	0	476	355	0
49	49	49	26	12495	255	0	255	255	255	1004.224	731.061	0	3.758	1.454	3.980	1004.224	731.061	0	1000	726	0	10	10	0
106	106	106	31	27030	255	0	255	255	255	303.226	732.641	0	5.383	0.445	5.363	303.226	732.642	0	298	727	0	11	12	0
301	301	301	56	76755	255	0	255	255	255	389.708	744.402	0	9.384	1.141	9.026	389.708	744.402	0	381	734	0	18	22	0
254	254	254	53	64770	255	0	255	255	255	416.319	745.445	0	8.667	1.701	8.252	416.320	745.445	0	409	735	0	16	22	0
14	14	14	10	3570	255	0	255	255	255	1014.500	739.714	0	1.666	0.217	1.661	1014.500	739.714	0	1013	738	0	4	4	0
93	93	93	28	23715	255	0	255	255	255	331.323	744.817	0	5.015	0.309	5.007	331.323	744.817	0	326	740	0	11	11	0
265	265	265	54	67575	255	0	255	255	255	992.528	752.653	0	8.903	2.053	9.370	992.530	752.652	0	984	742	0	19	22	0
204	204	204	47	52020	255	0	255	255	255	317.711	752.721	0	7.690	1.395	7.409	317.711	752.721	0	311	743	0	14	20	0
246	246	246	55	62730	255	0	255	255	255	1051.878	758.028	0	8.692	2.151	8.180	1051.879	758.029	0	1042	747	0	19	23	0
13	13	13	9	3315	255	0	255	255	255	1078.385	749.385	0	1.627	0.169	1.661	1078.385	749.385	0	1077	748	0	4	4	0
372	372	372	84	94860	255	0	255	255	255	436.473	768.419	0	10.797	4.130	11.343	436.474	768.419	0	428	751	0	20	35	0
89	89	89	33	22695	255	0	255	255	255	1026.831	758.416	0	4.934	1.628	5.388	1026.832	758.416	0	1023	752	0	9	14	0
440	440	440	66	112200	255	0	255	255	255	335.482	771.100	0	11.500	1.405	11.545	335.483	771.100	0	323	758	0	25	25	0
142	142	142	40	36210	255	0	255	255	255	414.070	769.817	0	6.437	1.777	6.625	414.070	769.817	0	409	761	0	12	18	0
97	97	97	30	24735	255	0	255	255	255	357.588	769.144	0	5.152	0.671	5.169	357.588	769.145	0	352	764	0	12	11	0
243	243	243	53	61965	255	0	255	255	255	1010.230	776.955	0	8.624	1.787	8.049	1010.232	776.955	0	1000	769	0	19	19	0
72	72	72	29	18360	255	0	255	255	255	1094.861	779.167	0	4.433	1.188	4.672	1094.861	779.167	0	1090	774	0	11	11	0
28	28	28	14	7140	255	0	255	255	255	383.786	778.500	0	2.574	0.206	2.621	383.786	778.500	0	381	776	0	6	6	0
40	40	40	18	10200	255	0	255	255	255	1072.075	781.950	0	3.145	0.238	3.100	1072.075	781.950	0	1069	779	0	7	7	0
273	273	273	67	69615	255	0	255	255	255	1045.839	788.377	0	9.685	3.559	9.972	1045.840	788.377	0	1030	782	0	29	16	0
251	251	251	65	64005	255	0	255	255	255	326.275	798.155	0	9.402	3.554	9.132	326.275	798.155	0	318	784	0	17	28	0
194	194	194	43	49470	255	0	255	255	255	364.820	793.521	0	7.430	0.787	7.565	364.820	793.521	0	357	786	0	15	17	0
259	259	259	57	66045	255	0	255	255	255	396.405	796.050	0	8.754	1.783	8.882	396.406	796.050	0	384	786	0	23	19	0
463	463	463	78	118065	255	0	255	255	255	440.093	804.825	0	11.759	2.937	11.659	440.094	804.825	0	427	789	0	25	31	0
69	69	69	25	17595	255	0	255	255	255	1039.942	806.652	0	4.263	0.575	4.274	1039.942	806.652	0	1035	803	0	11	9	0
911	911	911	141	232305	255	0	255	255	255	1236.962	829.125	0	16.345	6.676	16.500	1236.961	829.127	0	1210	811	0	52	35	0
60	60	60	23	15300	255	0	255	255	255	418.200	815.767	0	4.028	0.877	3.995	418.200	815.767	0	413	812	0	11	8	0
328	328	328	91	83640	255	0	255	255	255	349.585	823.860	0	10.950	3.513	10.800	349.586	823.861	0	335	814	0	31	22	0
74	74	74	25	18870	255	0	255	255	255	1061.486	822.581	0	4.512	0.700	4.551	1061.487	822.581	0	1057	818	0	11	10	0
205	205	205	51	52275	255	0	255	255	255	1141.502	830.873	0	7.779	1.658	7.504	1141.503	830.873	0	1131	823	0	20	16	0
211	211	211	49	53805	255	0	255	255	255	385.156	834.758	0	7.814	1.320	7.760	385.157	834.758	0	378	826	0	16	19	0
18	18	18	12	4590	255	0	255	255	255	1164.000	829.333	0	1.942	0.315	1.986	1164.000	829.333	0	1162	828	0	5	4	0
236	236	236	51	60180	255	0	255	255	255	434.873	838.653	0	8.328	1.410	7.987	434.873	838.653	0	425	829	0	18	19	0
70	70	70	24	17850	255	0	255	255	255	1073.986	833.929	0	4.510	1.037	4.980	1073.986	833.929	0	1069	829	0	11	11	0
363	363	363	61	92565	255	0	255	255	255	1092.989	841.248	0	10.435	1.523	10.248	1092.990	841.249	0	1084	830	0	22	25	0
468	468	468	72	119340	255	0	255	255	255	458.799	842.068	0	11.771	2.018	12.383	458.800	842.069	0	445	832	0	29	22	0
265	265	265	54	67575	255	0	255	255	255	412.785	844.894	0	8.896	1.414	8.501	412.786	844.894	0	405	835	0	17	22	0
303	303	303	55	77265	255	0	255	255	255	350.733	852.053	0	9.378	0.777	9.456	350.733	852.053	0	342	842	0	19	22	0
76	76	76	27	19380	255	0	255	255	255	367.263	853.184	0	4.460	0.541	4.530	367.263	853.184	0	362	849	0	11	9	0
159	159	159	45	40545	255	0	255	255	255	1165.044	856.679	0	7.003	1.698	6.963	1165.045	856.680	0	1157	849	0	18	15	0
20	20	20	13	5100	255	0	255	255	255	323.000	852.650	0	2.078	0.402	2.030	323.000	852.650	0	321	850	0	5	6	0
322	322	322	70	82110	255	0	255	255	255	419.637	873.357	0	9.914	2.955	10.650	419.637	873.357	0	409	861	0	20	28	0
523	523	523	95	133365	255	0	255	255	255	482.405	884.769	0	14.560	5.783	13.775	482.407	884.769	0	471	861	0	25	45	0
122	122	122	34	31110	255	0	255	255	255	1104.221	867.262	0	5.837	0.983	6.063	1104.222	867.263	0	1098	862	0	14	13	0
229	229	229	52	58395	255	0	255	255	255	360.716	874.533	0	8.278	2.023	8.273	360.716	874.533	0	354	864	0	14	22	0
167	167	167	45	42585	255	0	255	255	255	1238.401	870.329	0	6.999	1.573	6.530	1238.402	870.329	0	1230	864	0	18	14	0
469	469	469	72	119595	255	0	255	255	255	384.431	883.791	0	11.924	2.148	11.615	384.432	883.791	0	376	869	0	20	31	0
360	360	360	79	91800	255	0	255	255	255	443.319	887.703	0	11.110	3.758	11.035	443.320	887.704	0	433	870	0	22	32	0
11	11	11	9	2805	255	0	255	255	255	1212.636	871.545	0	1.494	0.516	1.588	1212.636	871.545	0	1211	870	0	4	4	0
42	42	42	31	10710	255	0	255	255	255	1171.976	875.095	0	4.173	1.927	4.193	1171.976	875.095	0	1166	871	0	13	10	0
387	387	387	71	98685	255	0	255	255	255	1127.465	882.509	0	11.088	2.677	10.136	1127.466	882.509	0	1115	872	0	27	24	0
79	79	79	30	20145	255	0	255	255	255	1197.013	877.861	0	4.767	1.491	5.200	1197.013	877.861	0	1191	872	0	12	13	0
117	117	117	32	29835	255	0	255	255	255	334.000	883.145	0	5.695	0.532	5.759	334.000	883.146	0	328	878	0	13	13	0
79	79	79	27	20145	255	0	255	255	255	1158.051	882.342	0	4.558	0.310	4.591	1158.051	882.342	0	1153	878	0	11	10	0
307	307	307	73	78285	255	0	255	255	255	410.541	901.137	0	9.678	3.201	9.883	410.542	901.137	0	398	890	0	24	24	0
225	225	225	48	57375	255	0	255	255	255	341.640	906.493	0	8.051	1.325	8.115	341.640	906.493	0	335	897	0	15	20	0
1116	1116	1116	185	284580	255	0	255	255	255	465.464	925.315	0	19.144	5.717	19.320	465.465	925.315	0	442	897	0	45	56	0
28	28	28	15	7140	255	0	255	255	255	1162.643	901.607	0	2.542	0.355	2.631	1162.643	901.607	0	1160	899	0	6	6	0
35	35	35	17	8925	255	0	255	255	255	1258.771	905.571	0	2.888	0.279	2.830	1258.771	905.571	0	1256	903	0	7	6	0
221	221	221	49	56355	255	0	255	255	255	368.231	916.538	0	8.024	1.528	7.618	368.231	916.539	0	361	906	0	15	21	0
307	307	307	73	78285	255	0	255	255	255	388.915	920.466	0	9.948	2.692	10.398	388.916	920.466	0	378	906	0	23	25	0
34	34	34	16	8670	255	0	255	255	255	1213.029	912.294	0	2.881	0.453	2.940	1213.029	912.294	0	1210	909	0	7	7	0
91	91	91	29	23205	255	0	255	255	255	1292.604	913.725	0	5.007	0.758	4.990	1292.605	913.726	0	1287	909	0	12	11	0
92	92	92	32	23460	255	0	255	255	255	421.750	928.750	0	5.033	1.292	5.303	421.750	928.750	0	417	922	0	10	14	0
133	133	133	48	33915	255	0	255	255	255	1227.586	934.677	0	7.085	3.069	7.457	1227.587	934.677	0	1218	925	0	19	20	0
245	245	245	52	62475	255	0	255	255	255	1200.702	935.282	0	8.430	1.418	8.508	1200.703	935.282	0	1192	928	0	20	16	0
138	138	138	37	35190	255	0	255	255	255	493.464	935.167	0	6.224	0.741	6.315	493.464	935.167	0	486	929	0	15	13	0
273	273	273	58	69615	255	0	255	255	255	1173.989	939.018	0	9.646	2.970	9.681	1173.990	939.018	0	1163	929	0	23	21	0
95	95	95	36	24225	255	0	255	255	255	1314.505	941.726	0	5.211	1.692	5.694	1314.506	941.726	0	1308	936	0	13	13	0
667	667	667	121	170085	255	0	255	255	255	405.181	954.694	0	13.715	4.825	14.471	405.183	954.694	0	388	939	0	35	38	0
196	196	196	56	49980	255	0	255	255	255	1285.699	948.607	0	7.525	2.638	7.964	1285.700	948.607	0	1277	940	0	20	19	0
148	148	148	37	37740	255	0	255	255	255	366.932	955.095	0	6.446	0.769	6.411	366.932	955.095	0	359	949	0	16	13	0
686	686	686	114	174930	255	0	255	255	255	445.812	970.141	0	14.460	4.190	15.345	445.813	970.141	0	432	953	0	28	39	0
72	72	72	28	18360	255	0	255	255	255	1259.028	958.875	0	4.520	1.347	4.745	1259.028	958.875	0	1253	955	0	13	9	0
217	217	217	50	55335	255	0	255	255	255	475.986	967.677	0	7.886	1.323	7.756	475.987	967.678	0	467	959	0	19	18	0
93	93	93	34	23715	255	0	255	255	255	1328.828	965.161	0	5.083	1.589	5.453	1328.828	965.161	0	1323	959	0	12	13	0
377	377	377	63	96135	255	0	255	255	255	1237.515	971.042	0	10.499	0.705	10.352	1237.516	971.043	0	1226	961	0	24	22	0
364	364	364	79	92820	255	0	255	255	255	1212.824	974.854	0	11.144	3.606	10.971	1212.826	974.854	0	1201	963	0	24	30	0
769	769	769	110	196095	255	0	255	255	255	522.061	988.116	0	15.470	3.901	15.251	522.062	988.118	0	504	966	0	34	43	0
34	34	34	17	8670	255	0	255	255	255	1333.294	976.265	0	2.831	0.386	2.825	1333.294	976.265	0	1331	973	0	6	7	0
278	278	278	55	70890	255	0	255	255	255	1285.198	984.565	0	9.054	1.495	8.552	1285.199	984.566	0	1277	974	0	17	23	0
138	138	138	41	35190	255	0	255	255	255	500.783	979.928	0	6.265	1.858	6.597	500.783	979.928	0	492	975	0	18	11	0
44	44	44	21	11220	255	0	255	255	255	1317.341	978.432	0	3.365	1.045	3.389	1317.341	978.432	0	1313	975	0	10	7	0
216	216	216	47	55080	255	0	255	255	255	373.384	984.574	0	7.917	1.018	7.820	373.384	984.574	0	366	976	0	16	18	0
75	75	75	26	19125	255	0	255	255	255	392.587	981.227	0	4.444	0.361	4.480	392.587	981.227	0	388	977	0	10	10	0
798	798	798	130	203490	255	0	255	255	255	428.159	1009.946	0	17.871	6.864	17.247	428.161	1009.944	0	409	987	0	46	45	0
906	906	906	160	231030	255	0	255	255	255	494.040	1010.968	0	16.104	7.959	16.125	494.041	1010.968	0	472	988	0	43	48	0
128	128	128	35	32640	255	0	255	255	255	1233.258	994.836	0	5.988	0.858	6.257	1233.259	994.836	0	1227	989	0	14	12	0
494	494	494	119	125970	255	0	255	255	255	1367.146	1011.042	0	15.657	7.154	15.694	1367.145	1011.042	0	1350	989	0	31	49	0
71	71	71	25	18105	255	0	255	255	255	462.873	1000.000	0	4.479	1.072	4.156	462.873	1000.000	0	458	995	0	11	11	0
97	97	97	32	24735	255	0	255	255	255	1263.237	999.835	0	5.189	1.127	5.559	1263.238	999.835	0	1257	995	0	13	11	0
117	117	117	42	29835	255	0	255	255	255	1335.333	1009.786	0	6.287	2.510	6.378	1335.334	1009.786	0	1326	1004	0	19	13	0
190	190	190	46	48450	255	0	255	255	255	1259.816	1027.263	0	7.703	2.240	8.100	1259.817	1027.263	0	1252	1018	0	17	20	0
432	432	432	66	110160	255	0	255	255	255	400.933	1041.954	0	11.361	1.495	11.418	400.934	1041.953	0	390	1030	0	22	27	0
111	111	111	34	28305	255	0	255	255	255	422.126	1036.523	0	5.559	1.510	6.106	422.126	1036.523	0	415	1031	0	15	12	0
39	39	39	18	9945	255	0	255	255	255	1298.051	1033.718	0	3.074	0.275	3.066	1298.051	1033.718	0	1295	1031	0	7	7	0
84	84	84	30	21420	255	0	255	255	255	548.667	1039.369	0	4.840	1.276	4.745	548.667	1039.369	0	545	1033	0	8	14	0
84	84	84	30	21420	255	0	255	255	255	1401.869	1041.560	0	4.813	1.092	4.612	1401.870	1041.560	0	1397	1036	0	11	11	0
207	207	207	52	52785	255	0	255	255	255	510.256	1047.599	0	8.142	2.683	7.904	510.257	1047.599	0	503	1037	0	18	22	0
60	60	60	25	15300	255	0	255	255	255	538.300	1043.383	0	3.905	0.462	3.786	538.300	1043.383	0	534	1039	0	9	9	0
24	24	24	16	6120	255	0	255	255	255	1270.542	1041.708	0	2.411	0.926	2.551	1270.542	1041.708	0	1268	1039	0	6	7	0
198	198	198	46	50490	255	0	255	255	255	456.242	1047.258	0	7.469	0.713	7.458	456.243	1047.258	0	449	1040	0	15	16	0
143	143	143	40	36465	255	0	255	255	255	1310.371	1060.902	0	6.358	1.270	6.336	1310.371	1060.902	0	1302	1054	0	16	15	0
97	97	97	35	24735	255	0	255	255	255	1354.608	1059.619	0	5.196	1.440	5.543	1354.609	1059.619	0	1348	1056	0	14	8	0
101	101	101	33	25755	255	0	255	255	255	1396.416	1064.960	0	5.398	1.071	5.159	1396.417	1064.960	0	1390	1060	0	15	10	0
78	78	78	26	19890	255	0	255	255	255	521.910	1067.526	0	4.540	0.469	4.611	521.910	1067.525	0	517	1063	0	10	11	0
34	34	34	20	8670	255	0	255	255	255	488.853	1069.677	0	3.064	1.146	3.164	488.853	1069.677	0	485	1067	0	9	6	0
37	37	37	18	9435	255	0	255	255	255	1298.054	1070.784	0	3.065	0.627	3.107	1298.054	1070.784	0	1295	1067	0	7	8	0
26	26	26	17	6630	255	0	255	255	255	1342.923	1068.538	0	2.480	0.761	2.585	1342.923	1068.538	0	1340	1067	0	7	5	0
1952	1952	1952	1461	497760	255	0	255	255	255	958.458	1088.773	0	203.298	116.279	197.495	958.460	1088.779	0	557	1080	0	810	17	0
15	15	15	11	3825	255	0	255	255	255	1406.133	1084.267	0	1.920	0.727	2.071	1406.133	1084.267	0	1404	1082	0	5	6	0
