Volume (pixel^3)	Surface (pixel^2)	Nb of obj. voxels	Nb of surf. voxels	IntDen	Mean	StdDev	Median	Min	Max	X	Y	Z	Mean dist. to surf. (pixel)	SD dist. to surf. (pixel)	Median dist. to surf. (pixel)	XM	YM	ZM	BX	BY	BZ	B-width	B-height	B-depth
7414	7414	7414	4923	1890570	255	0	255	255	255	379.738	844.000	0	524.620	212.442	445.522	379.739	843.947	0	0	0	0	1432	1099	0
7778	7778	7778	4985	1983390	255	0	255	255	255	1046.913	257.055	0	533.211	221.570	454.076	1046.950	257.055	0	17	0	0	1429	1099	0
227	227	227	52	57885	255	0	255	255	255	421.159	31.529	0	8.347	2.180	8.242	421.159	31.529	0	414	20	0	14	23	0
75	75	75	29	19125	255	0	255	255	255	333.920	30.027	0	4.449	0.922	4.389	333.920	30.027	0	330	24	0	8	12	0
56	56	56	21	14280	255	0	255	255	255	356.696	33.125	0	3.803	0.304	3.864	356.696	33.125	0	353	29	0	8	9	0
197	197	197	46	50235	255	0	255	255	255	345.609	56.264	0	7.587	1.592	7.642	345.609	56.264	0	340	46	0	14	21	0
511	511	511	95	130305	255	0	255	255	255	409.890	76.352	0	13.893	5.743	13.790	409.891	76.352	0	399	55	0	24	43	0
154	154	154	60	39270	255	0	255	255	255	364.825	64.377	0	5.709	2.042	6.503	364.825	64.377	0	357	58	0	15	14	0
70	70	70	27	17850	255	0	255	255	255	316.786	66.814	0	4.399	1.017	4.819	316.786	66.814	0	312	62	0	10	11	0
481	481	481	81	122655	255	0	255	255	255	313.497	90.842	0	12.242	3.531	12.250	313.498	90.842	0	299	75	0	27	30	0
314	314	314	57	80070	255	0	255	255	255	345.455	108.296	0	9.576	1.152	9.484	345.456	108.296	0	336	98	0	20	22	0
112	112	112	40	28560	255	0	255	255	255	387.071	109.812	0	5.773	2.181	6.076	387.071	109.812	0	383	101	0	9	18	0
117	117	117	38	29835	255	0	255	255	255	304.991	121.419	0	5.846	1.541	5.622	304.991	121.419	0	301	113	0	9	17	0
57	57	57	23	14535	255	0	255	255	255	329.439	123.544	0	3.794	0.297	3.744	329.439	123.544	0	326	120	0	8	8	0
45	45	45	21	11475	255	0	255	255	255	373.067	125.533	0	3.461	0.812	3.399	373.067	125.533	0	370	121	0	7	10	0
207	207	207	48	52785	255	0	255	255	255	288.565	136.758	0	7.781	1.704	7.643	288.565	136.758	0	283	126	0	12	22	0
255	255	255	53	65025	255	0	255	255	255	384.847	138.376	0	8.638	1.400	8.643	384.848	138.376	0	374	130	0	22	17	0
513	513	513	100	130815	255	0	255	255	255	344.308	166.554	0	12.226	5.259	13.576	344.309	166.554	0	331	147	0	28	38	0
205	205	205	63	52275	255	0	255	255	255	378.151	165.610	0	8.700	3.697	8.476	378.151	165.610	0	374	151	0	9	29	0
93	93	93	30	23715	255	0	255	255	255	279.484	166.032	0	5.098	1.056	4.973	279.484	166.032	0	276	160	0	9	14	0
192	192	192	47	48960	255	0	255	255	255	304.182	174.276	0	7.398	1.396	7.069	304.182	174.276	0	296	166	0	17	17	0
849	849	849	160	216495	255	0	255	255	255	356.607	223.675	0	19.194	9.695	18.597	356.608	223.675	0	340	187	0	37	65	0
466	466	466	88	118830	255	0	255	255	255	290.451	206.871	0	12.063	2.713	11.620	290.452	206.871	0	272	194	0	31	27	0
17	17	17	12	4335	255	0	255	255	255	961.941	203.941	0	1.924	0.503	2.001	961.941	203.941	0	960	202	0	5	5	0
206	206	206	46	52530	255	0	255	255	255	998.087	211.636	0	7.796	1.404	7.609	998.089	211.636	0	988	205	0	21	15	0
351	351	351	69	89505	255	0	255	255	255	323.387	216.749	0	10.422	2.772	10.460	323.388	216.749	0	310	207	0	28	18	0
261	261	261	59	66555	255	0	255	255	255	930.360	226.180	0	8.876	2.101	9.325	930.361	226.180	0	921	216	0	18	22	0
238	238	238	51	60690	255	0	255	255	255	263.857	227.538	0	8.308	1.463	8.463	263.857	227.538	0	254	220	0	21	17	0
336	336	336	76	85680	255	0	255	255	255	909.860	243.899	0	10.045	3.364	11.110	909.861	243.899	0	900	230	0	21	28	0
76	76	76	26	19380	255	0	255	255	255	241.737	243.237	0	4.463	0.389	4.430	241.737	243.237	0	238	239	0	9	10	0
68	68	68	27	17340	255	0	255	255	255	269.926	247.250	0	4.262	1.232	4.285	269.926	247.250	0	267	241	0	7	13	0
167	167	167	43	42585	255	0	255	255	255	332.964	260.970	0	6.982	1.670	7.075	332.964	260.970	0	326	252	0	13	18	0
153	153	153	40	39015	255	0	255	255	255	65.791	260.673	0	6.577	1.034	6.785	65.791	260.673	0	59	254	0	13	16	0
24	24	24	13	6120	255	0	255	255	255	897.125	258.667	0	2.346	0.280	2.337	897.125	258.667	0	895	256	0	5	6	0
365	365	365	65	93075	255	0	255	255	255	264.345	269.858	0	10.470	1.776	10.231	264.346	269.858	0	255	258	0	22	25	0
139	139	139	41	35445	255	0	255	255	255	346.007	274.396	0	6.327	1.916	6.353	346.007	274.396	0	341	266	0	11	18	0
127	127	127	38	32385	255	0	255	255	255	870.457	277.315	0	5.902	1.126	6.296	870.457	277.315	0	866	270	0	10	15	0
144	144	144	43	36720	255	0	255	255	255	35.167	282.021	0	6.868	2.156	6.903	35.167	282.021	0	25	275	0	19	15	0
29	29	29	16	7395	255	0	255	255	255	224.690	279.690	0	2.658	0.645	2.559	224.690	279.690	0	222	277	0	6	7	0
51	51	51	20	13005	255	0	255	255	255	855.078	285.098	0	3.603	0.354	3.608	855.078	285.098	0	851	282	0	9	8	0
104	104	104	35	26520	255	0	255	255	255	325.894	288.519	0	5.339	1.159	5.484	325.894	288.519	0	319	284	0	14	9	0
391	391	391	82	99705	255	0	255	255	255	57.790	303.995	0	11.710	4.449	11.371	57.790	303.995	0	51	285	0	14	38	0
991	991	991	185	252705	255	0	255	255	255	295.268	307.230	0	19.439	7.641	19.357	295.270	307.230	0	267	285	0	61	43	0
193	193	193	47	49215	255	0	255	255	255	241.534	300.497	0	7.365	1.064	7.522	241.534	300.497	0	235	292	0	14	18	0
27	27	27	15	6885	255	0	255	255	255	312.926	298.407	0	2.475	0.309	2.507	312.926	298.407	0	311	296	0	5	6	0
111	111	111	32	28305	255	0	255	255	255	32.495	306.982	0	5.530	0.770	5.544	32.495	306.982	0	27	301	0	12	13	0
170	170	170	49	43350	255	0	255	255	255	206.453	325.388	0	7.449	2.861	7.733	206.453	325.388	0	199	314	0	16	21	0
282	282	282	57	71910	255	0	255	255	255	834.131	326.709	0	9.112	1.388	9.159	834.132	326.709	0	824	317	0	21	20	0
457	457	457	87	116535	255	0	255	255	255	804.643	332.403	0	11.733	4.125	12.657	804.644	332.403	0	790	318	0	28	29	0
180	180	180	45	45900	255	0	255	255	255	226.872	329.311	0	7.268	1.668	7.383	226.872	329.311	0	221	320	0	13	20	0
212	212	212	51	54060	255	0	255	255	255	40.684	339.392	0	7.987	1.582	8.064	40.684	339.392	0	34	329	0	15	22	0
433	433	433	81	110415	255	0	255	255	255	317.674	348.411	0	11.772	3.900	12.367	317.675	348.411	0	310	333	0	18	33	0
669	669	669	85	170595	255	0	255	255	255	289.674	356.682	0	14.223	1.838	14.162	289.675	356.682	0	277	339	0	28	34	0
40	40	40	26	10200	255	0	255	255	255	818.600	344.100	0	3.530	1.658	3.642	818.600	344.100	0	813	342	0	12	5	0
46	46	46	20	11730	255	0	255	255	255	194.652	356.196	0	3.373	0.304	3.398	194.652	356.196	0	191	353	0	8	7	0
545	545	545	82	138975	255	0	255	255	255	198.994	379.088	0	12.952	2.136	12.253	198.995	379.088	0	187	365	0	27	30	0
525	525	525	81	133875	255	0	255	255	255	796.190	379.686	0	12.695	2.633	12.764	796.192	379.686	0	782	367	0	32	25	0
358	358	358	64	91290	255	0	255	255	255	272.145	386.235	0	10.271	1.499	10.174	272.146	386.234	0	260	376	0	26	21	0
36	36	36	18	9180	255	0	255	255	255	238.361	389.722	0	2.930	0.400	2.864	238.361	389.722	0	235	387	0	8	6	0
73	73	73	26	18615	255	0	255	255	255	755.288	392.781	0	4.358	0.348	4.342	755.288	392.781	0	751	388	0	9	10	0
223	223	223	48	56865	255	0	255	255	255	263.188	405.623	0	8.021	0.929	8.197	263.188	405.623	0	255	396	0	17	19	0
51	51	51	21	13005	255	0	255	255	255	771.294	408.098	0	3.572	0.381	3.537	771.294	408.098	0	767	405	0	9	7	0
22	22	22	14	5610	255	0	255	255	255	740.955	407.727	0	2.173	0.306	2.128	740.955	407.727	0	739	406	0	5	5	0
328	328	328	60	83640	255	0	255	255	255	242.326	420.415	0	9.782	0.995	9.739	242.326	420.415	0	232	409	0	21	22	0
60	60	60	23	15300	255	0	255	255	255	278.583	418.050	0	3.944	0.391	3.984	278.583	418.050	0	275	414	0	9	9	0
521	521	521	72	132855	255	0	255	255	255	204.674	432.311	0	12.544	1.456	12.747	204.674	432.311	0	190	420	0	29	26	0
391	391	391	65	99705	255	0	255	255	255	166.373	433.578	0	10.980	2.147	11.194	166.373	433.578	0	152	422	0	29	22	0
248	248	248	52	63240	255	0	255	255	255	722.371	438.754	0	8.612	1.760	8.607	722.372	438.754	0	712	432	0	23	16	0
130	130	130	40	33150	255	0	255	255	255	766.308	443.331	0	6.124	1.821	6.691	766.308	443.331	0	760	436	0	14	16	0
349	349	349	85	88995	255	0	255	255	255	238.819	452.776	0	10.489	5.148	10.929	238.820	452.777	0	227	439	0	25	32	0
20	20	20	13	5100	255	0	255	255	255	253.850	440.900	0	2.072	0.410	2.152	253.850	440.900	0	252	439	0	5	5	0
193	193	193	44	49215	255	0	255	255	255	750.943	454.855	0	7.446	0.839	7.271	750.944	454.855	0	744	447	0	15	18	0
329	329	329	58	83895	255	0	255	255	255	163.936	461.739	0	9.923	1.325	10.077	163.936	461.738	0	153	451	0	22	22	0
149	149	149	38	37995	255	0	255	255	255	686.289	463.416	0	6.843	1.832	6.915	686.289	463.416	0	678	456	0	17	16	0
227	227	227	51	57885	255	0	255	255	255	190.762	469.582	0	8.041	1.014	8.124	190.762	469.582	0	183	461	0	15	19	0
50	50	50	21	12750	255	0	255	255	255	264.620	464.240	0	3.534	0.334	3.600	264.620	464.240	0	261	461	0	8	8	0
72	72	72	26	18360	255	0	255	255	255	213.250	475.736	0	4.335	0.459	4.345	213.250	475.736	0	209	471	0	9	10	0
360	360	360	78	91800	255	0	255	255	255	141.511	482.494	0	10.016	2.848	10.503	141.511	482.495	0	127	473	0	28	21	0
167	167	167	44	42585	255	0	255	255	255	258.036	484.371	0	6.930	1.381	7.206	258.036	484.371	0	253	476	0	13	18	0
415	415	415	80	105825	255	0	255	255	255	686.547	491.711	0	11.757	4.215	11.961	686.548	491.711	0	674	477	0	24	33	0
454	454	454	108	115770	255	0	255	255	255	164.621	495.934	0	12.399	5.128	12.010	164.621	495.934	0	156	481	0	22	38	0
112	112	112	35	28560	255	0	255	255	255	203.946	493.223	0	5.586	1.176	5.854	203.946	493.223	0	197	488	0	15	11	0
328	328	328	70	83640	255	0	255	255	255	646.122	508.238	0	11.037	4.255	10.977	646.123	508.238	0	634	495	0	25	29	0
1575	1575	1575	178	401625	255	0	255	255	255	119.422	525.973	0	21.585	6.273	21.675	119.423	525.973	0	91	497	0	55	55	0
72	72	72	24	18360	255	0	255	255	255	709.542	502.222	0	4.386	0.362	4.479	709.542	502.222	0	705	498	0	10	10	0
554	554	554	125	141270	255	0	255	255	255	247.585	527.162	0	14.741	7.360	13.938	247.586	527.163	0	236	500	0	22	54	0
224	224	224	48	57120	255	0	255	255	255	219.513	511.513	0	8.098	1.260	8.276	219.513	511.514	0	211	503	0	18	18	0
186	186	186	47	47430	255	0	255	255	255	674.753	518.344	0	7.445	1.462	6.788	674.753	518.344	0	668	509	0	15	20	0
270	270	270	67	68850	255	0	255	255	255	620.656	527.018	0	9.682	3.488	9.619	620.657	527.019	0	612	510	0	17	29	0
33	33	33	22	8415	255	0	255	255	255	1131.727	520.091	0	3.363	1.746	3.209	1131.727	520.091	0	1125	518	0	12	5	0
19	19	19	13	4845	255	0	255	255	255	1141.421	519.158	0	2.099	0.737	1.958	1141.421	519.158	0	1138	518	0	7	4	0
596	596	596	83	151980	255	0	255	255	255	169.468	533.081	0	13.372	1.572	13.468	169.469	533.081	0	156	520	0	28	30	0
17	17	17	11	4335	255	0	255	255	255	688.412	524.118	0	1.895	0.277	1.927	688.412	524.118	0	687	522	0	4	5	0
201	201	201	44	51255	255	0	255	255	255	671.562	540.060	0	7.738	1.310	7.759	671.563	540.060	0	663	532	0	18	17	0
146	146	146	53	37230	255	0	255	255	255	192.479	545.219	0	6.078	2.597	6.878	192.479	545.219	0	187	537	0	12	19	0
920	920	920	157	234600	255	0	255	255	255	588.893	571.367	0	18.699	7.557	20.633	588.895	571.367	0	570	539	0	38	58	0
275	275	275	73	70125	255	0	255	255	255	1155.785	553.076	0	9.135	2.013	9.079	1155.787	553.077	0	1146	540	0	22	23	0
754	754	754	116	192270	255	0	255	255	255	639.853	556.252	0	15.302	4.191	16.054	639.854	556.252	0	618	543	0	40	35	0
592	592	592	89	150960	255	0	255	255	255	1112.061	572.319	0	13.303	1.506	13.653	1112.062	572.319	0	1100	556	0	27	31	0
466	466	466	77	118830	255	0	255	255	255	168.339	578.339	0	11.960	2.784	12.128	168.339	578.339	0	159	562	0	20	33	0
123	123	123	39	31365	255	0	255	255	255	236.764	568.333	0	6.057	1.550	6.305	236.764	568.333	0	229	562	0	15	13	0
1935	1935	1935	239	493425	255	0	255	255	255	1022.418	597.179	0	27.267	11.080	27.866	1022.415	597.175	0	985	562	0	79	73	0
96	96	96	32	24480	255	0	255	255	255	105.375	567.500	0	5.143	0.845	5.304	105.375	567.500	0	99	563	0	13	10	0
243	243	243	50	61965	255	0	255	255	255	85.021	572.239	0	8.632	2.108	8.222	85.021	572.239	0	75	564	0	22	18	0
99	99	99	31	25245	255	0	255	255	255	216.354	573.000	0	5.246	0.706	5.220	216.354	573.000	0	210	568	0	13	11	0
134	134	134	37	34170	255	0	255	255	255	614.015	578.619	0	6.365	1.536	6.911	614.015	578.619	0	607	572	0	15	14	0
244	244	244	51	62220	255	0	255	255	255	122.434	590.639	0	8.422	1.084	8.593	122.434	590.639	0	113	581	0	19	20	0
448	448	448	85	114240	255	0	255	255	255	205.971	595.886	0	12.111	4.398	12.586	205.971	595.886	0	185	586	0	38	20	0
27	27	27	14	6885	255	0	255	255	255	103.556	591.704	0	2.524	0.245	2.558	103.556	591.704	0	101	589	0	6	6	0
38	38	38	17	9690	255	0	255	255	255	593.947	596.921	0	3.067	0.191	3.079	593.947	596.921	0	591	594	0	7	7	0
151	151	151	39	38505	255	0	255	255	255	609.596	604.464	0	6.537	1.111	6.862	609.596	604.464	0	603	597	0	14	16	0
167	167	167	46	42585	255	0	255	255	255	113.365	611.856	0	7.382	2.599	7.525	113.365	611.856	0	103	605	0	21	15	0
29	29	29	15	7395	255	0	255	255	255	592.724	607.586	0	2.603	0.226	2.679	592.724	607.586	0	590	605	0	6	6	0
267	267	267	51	68085	255	0	255	255	255	1056.423	619.682	0	8.778	0.939	8.703	1056.424	619.682	0	1047	612	0	21	16	0
259	259	259	54	66045	255	0	255	255	255	145.425	624.371	0	8.735	1.408	7.978	145.425	624.371	0	138	614	0	16	22	0
342	342	342	73	87210	255	0	255	255	255	203.868	631.541	0	10.737	4.296	10.996	203.868	631.541	0	191	616	0	26	29	0
468	468	468	82	119340	255	0	255	255	255	171.109	634.017	0	12.005	3.179	12.211	171.109	634.017	0	161	617	0	21	34	0
1232	1232	1232	154	314160	255	0	255	255	255	959.608	636.761	0	21.633	8.235	22.838	959.610	636.761	0	929	617	0	66	39	0
72	72	72	37	18360	255	0	255	255	255	1096.861	621.125	0	4.282	1.342	4.214	1096.861	621.125	0	1092	617	0	12	10	0
285	285	285	55	72675	255	0	255	255	255	576.091	628.368	0	9.168	1.211	9.113	576.092	628.369	0	567	619	0	20	20	0
475	475	475	83	121125	255	0	255	255	255	498.434	637.787	0	12.306	3.918	12.479	498.435	637.787	0	487	623	0	26	32	0
139	139	139	37	35445	255	0	255	255	255	527.597	631.122	0	6.408	1.366	6.889	527.597	631.122	0	521	624	0	14	15	0
450	450	450	79	114750	255	0	255	255	255	71.242	637.682	0	11.810	2.111	11.748	71.242	637.682	0	55	625	0	29	25	0
167	167	167	42	42585	255	0	255	255	255	1033.665	641.401	0	6.953	1.462	6.887	1033.666	641.401	0	1025	635	0	18	13	0
260	260	260	50	66300	255	0	255	255	255	1056.215	645.227	0	8.814	1.203	8.838	1056.217	645.227	0	1048	636	0	18	20	0
256	256	256	56	65280	255	0	255	255	255	111.188	648.469	0	8.711	1.752	8.191	111.188	648.469	0	103	637	0	17	24	0
439	439	439	92	111945	255	0	255	255	255	464.549	664.437	0	11.261	3.745	12.315	464.550	664.437	0	453	647	0	23	33	0
1127	1127	1127	156	287385	255	0	255	255	255	966.316	673.945	0	18.601	7.065	18.634	966.317	673.943	0	937	654	0	56	38	0
119	119	119	35	30345	255	0	255	255	255	922.244	663.832	0	5.699	0.756	5.816	922.244	663.832	0	916	658	0	14	13	0
149	149	149	41	37995	255	0	255	255	255	61.436	670.094	0	6.439	1.072	6.694	61.436	670.094	0	56	663	0	12	16	0
25	25	25	14	6375	255	0	255	255	255	76.520	666.120	0	2.474	0.460	2.503	76.520	666.120	0	74	664	0	6	6	0
272	272	272	52	69360	255	0	255	255	255	1022.886	671.643	0	8.964	1.307	8.672	1022.887	671.643	0	1012	664	0	23	17	0
124	124	124	34	31620	255	0	255	255	255	544.121	672.565	0	5.926	1.063	5.979	544.121	672.565	0	538	666	0	13	14	0
207	207	207	47	52785	255	0	255	255	255	184.343	677.242	0	7.738	1.472	7.684	184.343	677.242	0	177	668	0	15	19	0
449	449	449	92	114495	255	0	255	255	255	894.927	681.129	0	13.349	5.737	13.025	894.927	681.130	0	876	670	0	42	24	0
174	174	174	51	44370	255	0	255	255	255	88.966	682.167	0	7.482	2.888	7.241	88.966	682.167	0	82	672	0	16	22	0
122	122	122	37	31110	255	0	255	255	255	156.656	679.549	0	5.870	1.701	6.479	156.656	679.549	0	149	674	0	16	12	0
32	32	32	20	8160	255	0	255	255	255	1033.688	681.250	0	2.896	1.185	2.824	1033.688	681.250	0	1032	677	0	4	10	0
361	361	361	78	92055	255	0	255	255	255	428.197	693.712	0	10.250	3.223	11.012	428.198	693.712	0	419	679	0	18	29	0
92	92	92	34	23460	255	0	255	255	255	111.783	685.065	0	5.106	1.792	5.334	111.783	685.065	0	105	681	0	15	9	0
73	73	73	28	18615	255	0	255	255	255	29.616	691.137	0	4.425	0.928	4.498	29.616	691.137	0	24	687	0	11	9	0
272	272	272	54	69360	255	0	255	255	255	513.849	701.062	0	8.997	1.418	8.649	513.850	701.063	0	505	692	0	19	20	0
583	583	583	91	148665	255	0	255	255	255	479.914	710.221	0	13.521	3.102	13.577	479.915	710.222	0	468	694	0	25	32	0
130	130	130	37	33150	255	0	255	255	255	171.192	702.254	0	6.021	1.249	5.972	171.192	702.254	0	167	695	0	10	16	0
349	349	349	60	88995	255	0	255	255	255	1012.000	704.619	0	10.118	1.257	10.040	1012.001	704.619	0	1000	696	0	25	18	0
2397	2397	2397	302	611235	255	0	255	255	255	958.173	721.037	0	26.598	11.362	28.296	958.172	721.037	0	908	698	0	90	54	0
290	290	290	57	73950	255	0	255	255	255	396.759	707.872	0	9.364	1.719	8.959	396.759	707.873	0	385	699	0	23	18	0
283	283	283	56	72165	255	0	255	255	255	123.696	712.216	0	9.138	1.612	8.412	123.696	712.215	0	115	702	0	19	22	0
702	702	702	93	179010	255	0	255	255	255	861.628	714.100	0	14.717	2.810	14.679	861.630	714.100	0	843	702	0	37	25	0
35	35	35	17	8925	255	0	255	255	255	48.257	708.086	0	2.932	0.469	2.960	48.257	708.086	0	45	705	0	7	7	0
334	334	334	72	85170	255	0	255	255	255	155.449	723.997	0	10.965	4.311	10.572	155.449	723.997	0	142	708	0	24	32	0
93	93	93	32	23715	255	0	255	255	255	434.516	714.376	0	5.126	1.375	5.373	434.516	714.376	0	428	710	0	14	10	0
236	236	236	54	60180	255	0	255	255	255	69.992	724.818	0	8.359	1.800	7.951	69.992	724.818	0	59	718	0	22	15	0
364	364	364	69	92820	255	0	255	255	255	390.093	735.187	0	10.739	3.091	10.579	390.094	735.187	0	381	719	0	18	31	0
582	582	582	112	148410	255	0	255	255	255	356.058	743.428	0	15.835	8.109	15.935	356.060	743.428	0	332	723	0	46	40	0
408	408	408	72	104040	255	0	255	255	255	900.304	731.091	0	11.309	2.799	10.517	900.305	731.091	0	884	723	0	33	17	0
1130	1130	1130	161	288150	255	0	255	255	255	811.076	744.812	0	19.743	8.671	19.526	811.077	744.813	0	782	726	0	61	41	0
46	46	46	19	11730	255	0	255	255	255	30.891	730.630	0	3.398	0.277	3.371	30.891	730.630	0	28	727	0	7	8	0
672	672	672	95	171360	255	0	255	255	255	880.652	756.510	0	14.769	3.240	13.692	880.653	756.510	0	865	739	0	36	32	0
177	177	177	45	45135	255	0	255	255	255	150.215	748.119	0	7.104	1.213	7.222	150.215	748.119	0	144	740	0	14	17	0
169	169	169	42	43095	255	0	255	255	255	422.367	752.408	0	6.987	1.277	6.675	422.367	752.408	0	417	743	0	12	19	0
1199	1199	1199	120	305745	255	0	255	255	255	935.001	763.059	0	19.300	3.114	19.030	935.003	763.060	0	911	745	0	47	37	0
297	297	297	56	75735	255	0	255	255	255	63.380	754.747	0	9.340	1.166	9.442	63.380	754.747	0	54	747	0	22	19	0
197	197	197	49	50235	255	0	255	255	255	839.269	755.787	0	7.542	1.303	7.418	839.270	755.787	0	833	747	0	17	18	0
126	126	126	39	32130	255	0	255	255	255	85.778	756.571	0	6.187	2.005	6.418	85.778	756.572	0	78	749	0	16	15	0
860	860	860	141	219300	255	0	255	255	255	760.414	780.691	0	18.834	6.718	17.309	760.415	780.690	0	743	754	0	35	56	0
64	64	64	27	16320	255	0	255	255	255	44.375	762.781	0	4.259	1.265	4.465	44.375	762.781	0	39	759	0	13	8	0
43	43	43	18	10965	255	0	255	255	255	323.581	762.512	0	3.294	0.460	3.472	323.581	762.512	0	320	759	0	8	8	0
304	304	304	59	77520	255	0	255	255	255	129.049	775.658	0	9.645	2.204	9.647	129.049	775.658	0	120	763	0	19	25	0
207	207	207	48	52785	255	0	255	255	255	436.874	773.425	0	7.965	2.072	7.662	436.875	773.425	0	429	764	0	17	20	0
125	125	125	41	31875	255	0	255	255	255	153.376	774.760	0	6.107	2.084	6.448	153.376	774.760	0	148	766	0	11	18	0
213	213	213	47	54315	255	0	255	255	255	304.099	779.366	0	8.129	1.867	8.239	304.099	779.366	0	295	771	0	20	17	0
383	383	383	72	97665	255	0	255	255	255	402.287	786.180	0	10.858	2.199	10.306	402.288	786.180	0	393	771	0	19	29	0
400	400	400	69	102000	255	0	255	255	255	102.592	787.583	0	11.079	2.072	10.903	102.592	787.581	0	92	773	0	21	29	0
310	310	310	61	79050	255	0	255	255	255	340.303	782.194	0	9.539	1.734	9.864	340.304	782.194	0	329	773	0	23	19	0
336	336	336	59	85680	255	0	255	255	255	729.378	788.726	0	9.941	1.514	9.900	729.379	788.726	0	717	780	0	25	18	0
3443	3443	3443	308	877965	255	0	255	255	255	865.683	820.001	0	37.512	15.530	35.129	865.685	820.016	0	812	782	0	115	81	0
14	14	14	10	3570	255	0	255	255	255	835.500	790.714	0	1.666	0.217	1.661	835.500	790.714	0	834	789	0	4	4	0
75	75	75	27	19125	255	0	255	255	255	290.693	793.360	0	4.452	0.853	4.540	290.693	793.360	0	285	790	0	12	8	0
173	173	173	44	44115	255	0	255	255	255	31.173	797.855	0	7.178	1.519	7.095	31.173	797.855	0	22	791	0	18	16	0
339	339	339	65	86445	255	0	255	255	255	134.348	807.658	0	10.235	2.711	9.793	134.348	807.658	0	123	795	0	22	26	0
325	325	325	61	82875	255	0	255	255	255	301.415	806.071	0	9.805	1.550	9.861	301.416	806.071	0	291	796	0	22	21	0
146	146	146	38	37230	255	0	255	255	255	63.671	805.240	0	6.392	0.802	6.377	63.671	805.240	0	57	798	0	15	14	0
533	533	533	85	135915	255	0	255	255	255	358.929	816.482	0	13.089	3.406	13.172	358.930	816.482	0	346	800	0	28	33	0
94	94	94	30	23970	255	0	255	255	255	723.606	804.298	0	5.036	0.734	5.024	723.606	804.298	0	718	800	0	13	10	0
825	825	825	131	210375	255	0	255	255	255	686.811	822.033	0	15.822	5.087	15.977	686.813	822.034	0	670	802	0	38	45	0
262	262	262	52	66810	255	0	255	255	255	388.221	813.553	0	8.813	1.637	8.817	388.222	813.554	0	379	803	0	19	21	0
77	77	77	26	19635	255	0	255	255	255	274.597	810.091	0	4.546	0.679	4.434	274.597	810.091	0	269	806	0	12	9	0
279	279	279	57	71145	255	0	255	255	255	326.233	821.663	0	9.015	1.774	9.239	326.233	821.663	0	316	813	0	22	19	0
64	64	64	27	16320	255	0	255	255	255	98.547	819.500	0	4.150	1.273	4.329	98.547	819.500	0	93	816	0	12	8	0
1211	1211	1211	166	308805	255	0	255	255	255	261.051	841.273	0	19.765	6.250	19.528	261.052	841.272	0	232	820	0	59	41	0
2928	2928	2928	313	746640	255	0	255	255	255	770.067	886.051	0	38.029	16.337	40.212	770.065	886.071	0	715	827	0	94	100	0
252	252	252	54	64260	255	0	255	255	255	97.647	838.409	0	8.621	1.564	8.263	97.647	838.409	0	90	828	0	17	22	0
253	253	253	51	64515	255	0	255	255	255	774.953	839.593	0	8.586	1.245	8.309	774.954	839.593	0	764	831	0	22	17	0
721	721	721	130	183855	255	0	255	255	255	130.888	858.631	0	16.924	6.729	16.586	130.888	858.631	0	117	833	0	33	51	0
111	111	111	32	28305	255	0	255	255	255	40.937	839.793	0	5.487	0.621	5.611	40.937	839.793	0	35	835	0	13	11	0
218	218	218	47	55590	255	0	255	255	255	372.972	845.009	0	7.980	1.470	8.262	372.973	845.010	0	364	837	0	19	17	0
72	72	72	25	18360	255	0	255	255	255	653.333	840.819	0	4.347	0.361	4.366	653.333	840.819	0	649	837	0	10	9	0
114	114	114	35	29070	255	0	255	255	255	721.930	848.333	0	5.743	1.388	6.334	721.930	848.333	0	716	842	0	13	14	0
43	43	43	19	10965	255	0	255	255	255	632.558	849.791	0	3.262	0.343	3.257	632.558	849.791	0	629	847	0	8	7	0
45	45	45	19	11475	255	0	255	255	255	312.711	853.133	0	3.347	0.281	3.338	312.711	853.133	0	309	850	0	8	7	0
616	616	616	100	157080	255	0	255	255	255	346.003	865.541	0	14.230	4.544	14.760	346.004	865.541	0	328	852	0	39	27	0
405	405	405	73	103275	255	0	255	255	255	605.116	865.758	0	11.757	4.066	11.449	605.117	865.758	0	590	854	0	32	26	0
225	225	225	47	57375	255	0	255	255	255	197.209	864.218	0	8.232	1.476	8.651	197.209	864.217	0	188	856	0	19	18	0
126	126	126	42	32130	255	0	255	255	255	231.325	865.714	0	6.091	2.166	6.199	231.325	865.714	0	223	860	0	17	12	0
16	16	16	10	4080	255	0	255	255	255	629.000	867.875	0	1.879	0.420	2.004	629.000	867.875	0	627	866	0	5	5	0
55	55	55	21	14025	255	0	255	255	255	742.745	878.327	0	3.755	0.325	3.757	742.745	878.327	0	739	875	0	9	8	0
283	283	283	53	72165	255	0	255	255	255	642.498	887.668	0	9.152	1.551	9.259	642.499	887.668	0	633	877	0	19	22	0
150	150	150	40	38250	255	0	255	255	255	754.687	884.093	0	6.530	1.192	6.730	754.687	884.093	0	750	877	0	13	16	0
157	157	157	41	40035	255	0	255	255	255	193.688	887.274	0	6.724	1.030	6.694	193.688	887.274	0	187	879	0	14	16	0
813	813	813	120	207315	255	0	255	255	255	550.268	900.028	0	17.911	7.438	18.679	550.269	900.030	0	530	879	0	47	43	0
526	526	526	80	134130	255	0	255	255	255	683.511	892.724	0	12.570	1.439	12.512	683.513	892.725	0	670	879	0	27	28	0
123	123	123	40	31365	255	0	255	255	255	91.593	887.626	0	5.891	1.682	6.286	91.593	887.626	0	88	880	0	9	16	0
73	73	73	28	18615	255	0	255	255	255	313.740	884.836	0	4.479	1.284	4.726	313.740	884.836	0	308	881	0	13	9	0
203	203	203	49	51765	255	0	255	255	255	166.961	890.463	0	7.829	1.767	7.643	166.961	890.463	0	157	884	0	21	14	0
238	238	238	53	60690	255	0	255	255	255	256.798	892.899	0	8.345	1.603	7.763	256.798	892.899	0	249	884	0	17	20	0
201	201	201	47	51255	255	0	255	255	255	285.298	892.547	0	7.701	1.214	7.539	285.298	892.548	0	276	885	0	20	16	0
193	193	193	52	49215	255	0	255	255	255	619.964	895.886	0	7.832	2.538	7.573	619.964	895.886	0	615	885	0	12	24	0
614	614	614	95	156570	255	0	255	255	255	589.248	909.279	0	14.058	4.456	14.454	589.249	909.279	0	575	889	0	28	39	0
46	46	46	19	11730	255	0	255	255	255	238.109	898.370	0	3.398	0.277	3.371	238.109	898.370	0	235	895	0	7	8	0
78	78	78	28	19890	255	0	255	255	255	332.987	901.654	0	4.532	0.676	4.692	332.987	901.654	0	328	898	0	11	8	0
825	825	825	121	210375	255	0	255	255	255	657.842	919.719	0	15.448	4.648	15.867	657.844	919.720	0	635	900	0	39	37	0
153	153	153	42	39015	255	0	255	255	255	74.667	911.712	0	6.675	1.346	6.133	74.667	911.713	0	69	903	0	12	18	0
129	129	129	45	32895	255	0	255	255	255	197.023	912.240	0	6.409	2.539	6.426	197.023	912.241	0	188	908	0	20	10	0
412	412	412	84	105060	255	0	255	255	255	498.221	926.376	0	13.046	5.150	12.538	498.222	926.376	0	485	910	0	31	35	0
52	52	52	20	13260	255	0	255	255	255	173.500	914.500	0	3.644	0.137	3.536	173.500	914.500	0	170	911	0	8	8	0
20	20	20	12	5100	255	0	255	255	255	52.950	915.100	0	2.090	0.221	2.136	52.950	915.100	0	51	913	0	5	5	0
462	462	462	74	117810	255	0	255	255	255	308.411	926.569	0	11.713	1.452	11.600	308.412	926.570	0	295	913	0	27	26	0
193	193	193	49	49215	255	0	255	255	255	622.663	925.047	0	7.544	2.253	7.345	622.664	925.047	0	611	920	0	23	11	0
153	153	153	40	39015	255	0	255	255	255	221.039	928.216	0	6.558	0.917	6.853	221.039	928.216	0	215	921	0	14	15	0
555	555	555	72	141525	255	0	255	255	255	717.733	937.178	0	12.903	0.852	12.846	717.735	937.178	0	705	924	0	29	27	0
44	44	44	26	11220	255	0	255	255	255	91.409	935.909	0	3.496	1.479	3.686	91.409	935.909	0	89	931	0	6	12	0
194	194	194	42	49470	255	0	255	255	255	107.851	941.928	0	7.447	0.555	7.373	107.851	941.929	0	100	935	0	17	16	0
231	231	231	52	58905	255	0	255	255	255	684.463	946.792	0	8.293	1.809	8.080	684.464	946.792	0	677	937	0	16	21	0
32	32	32	15	8160	255	0	255	255	255	605.844	942.375	0	2.790	0.268	2.757	605.844	942.375	0	603	940	0	7	6	0
161	161	161	40	41055	255	0	255	255	255	56.770	949.609	0	6.711	0.755	6.745	56.770	949.609	0	50	943	0	16	14	0
76	76	76	25	19380	255	0	255	255	255	535.342	948.658	0	4.524	0.365	4.545	535.342	948.658	0	531	944	0	10	10	0
128	128	128	38	32640	255	0	255	255	255	578.406	950.188	0	5.960	1.293	6.293	578.406	950.187	0	571	945	0	15	11	0
107	107	107	34	27285	255	0	255	255	255	627.383	955.523	0	5.766	1.698	5.770	627.383	955.523	0	621	949	0	13	14	0
108	108	108	32	27540	255	0	255	255	255	517.102	956.713	0	5.507	1.169	5.862	517.102	956.713	0	511	951	0	13	13	0
184	184	184	46	46920	255	0	255	255	255	234.114	960.739	0	7.237	1.232	6.983	234.114	960.739	0	228	952	0	14	18	0
28	28	28	15	7140	255	0	255	255	255	70.500	955.679	0	2.553	0.266	2.590	70.500	955.679	0	68	953	0	6	6	0
221	221	221	50	56355	255	0	255	255	255	193.226	960.267	0	8.095	1.610	7.312	193.226	960.267	0	182	953	0	23	15	0
213	213	213	46	54315	255	0	255	255	255	472.681	964.061	0	7.825	1.132	7.904	472.681	964.061	0	465	954	0	16	19	0
55	55	55	23	14025	255	0	255	255	255	505.364	959.673	0	3.759	0.713	3.651	505.364	959.673	0	502	955	0	8	10	0
16	16	16	12	4080	255	0	255	255	255	590.312	959.125	0	1.942	0.810	1.901	590.312	959.125	0	589	956	0	4	7	0
46	46	46	19	11730	255	0	255	255	255	141.630	960.109	0	3.398	0.277	3.371	141.630	960.109	0	138	957	0	8	7	0
63	63	63	23	16065	255	0	255	255	255	435.714	961.810	0	4.035	0.292	4.021	435.714	961.810	0	432	958	0	9	9	0
440	440	440	73	112200	255	0	255	255	255	572.502	974.618	0	11.611	2.702	11.580	572.503	974.619	0	563	959	0	19	32	0
301	301	301	58	76755	255	0	255	255	255	612.429	969.877	0	9.651	2.079	9.950	612.430	969.878	0	601	960	0	23	21	0
888	888	888	129	226440	255	0	255	255	255	639.604	983.179	0	17.067	5.250	17.399	639.604	983.180	0	616	962	0	42	41	0
147	147	147	37	37485	255	0	255	255	255	673.007	967.810	0	6.433	0.580	6.270	673.007	967.809	0	666	962	0	15	14	0
52	52	52	21	13260	255	0	255	255	255	153.058	967.115	0	3.622	0.440	3.624	153.058	967.115	0	149	964	0	9	7	0
153	153	153	40	39015	255	0	255	255	255	62.732	972.333	0	6.588	1.075	6.525	62.732	972.334	0	55	966	0	17	13	0
274	274	274	54	69870	255	0	255	255	255	404.259	973.934	0	8.943	1.319	9.086	404.260	973.934	0	393	966	0	22	17	0
532	532	532	95	135660	255	0	255	255	255	542.900	992.551	0	13.222	4.961	14.626	542.902	992.551	0	528	975	0	31	36	0
149	149	149	48	37995	255	0	255	255	255	446.826	982.591	0	6.893	2.468	6.572	446.826	982.590	0	437	976	0	18	16	0
643	643	643	100	163965	255	0	255	255	255	376.625	992.874	0	13.935	4.610	15.033	376.626	992.873	0	359	977	0	37	33	0
222	222	222	50	56610	255	0	255	255	255	94.230	990.662	0	8.269	2.108	7.932	94.230	990.663	0	84	982	0	21	18	0
40	40	40	18	10200	255	0	255	255	255	156.500	985.325	0	3.153	0.339	3.067	156.500	985.325	0	153	982	0	8	7	0
1213	1213	1213	173	309315	255	0	255	255	255	487.380	1012.037	0	20.039	7.723	20.278	487.381	1012.043	0	462	984	0	49	58	0
39	39	39	17	9945	255	0	255	255	255	222.872	988.872	0	3.110	0.199	3.085	222.872	988.872	0	220	986	0	7	7	0
174	174	174	42	44370	255	0	255	255	255	518.144	995.477	0	7.049	1.167	7.425	518.144	995.477	0	510	988	0	17	16	0
117	117	117	35	29835	255	0	255	255	255	280.436	997.855	0	5.687	1.287	5.749	280.436	997.855	0	276	991	0	10	15	0
67	67	67	24	17085	255	0	255	255	255	356.567	995.522	0	4.164	0.408	4.270	356.567	995.522	0	352	992	0	10	8	0
86	86	86	30	21930	255	0	255	255	255	599.512	998.233	0	4.787	0.845	4.916	599.512	998.232	0	596	992	0	8	13	0
156	156	156	46	39780	255	0	255	255	255	244.397	1001.731	0	6.859	1.999	7.050	244.397	1001.731	0	238	994	0	13	19	0
220	220	220	51	56100	255	0	255	255	255	210.759	1002.609	0	8.073	1.722	7.191	210.759	1002.609	0	201	995	0	20	17	0
630	630	630	144	160650	255	0	255	255	255	316.805	1011.033	0	14.873	6.161	15.018	316.806	1011.034	0	292	995	0	43	35	0
424	424	424	77	108120	255	0	255	255	255	174.241	1011.111	0	11.663	2.966	11.947	174.241	1011.111	0	159	999	0	31	24	0
233	233	233	52	59415	255	0	255	255	255	444.940	1007.030	0	8.240	1.366	8.118	444.941	1007.030	0	436	999	0	18	17	0
103	103	103	33	26265	255	0	255	255	255	74.689	1009.010	0	5.498	1.561	5.686	74.689	1009.009	0	68	1004	0	15	11	0
81	81	81	27	20655	255	0	255	255	255	147.778	1010.901	0	4.707	0.759	4.886	147.778	1010.901	0	142	1007	0	12	10	0
92	92	92	30	23460	255	0	255	255	255	575.272	1013.141	0	5.019	1.011	5.285	575.272	1013.141	0	570	1008	0	12	12	0
180	180	180	43	45900	255	0	255	255	255	592.711	1017.239	0	7.410	1.585	7.713	592.712	1017.239	0	584	1010	0	18	15	0
59	59	59	23	15045	255	0	255	255	255	226.729	1014.847	0	3.874	0.390	3.903	226.729	1014.847	0	223	1011	0	9	9	0
304	304	304	58	77520	255	0	255	255	255	541.595	1026.132	0	9.567	1.732	9.541	541.596	1026.132	0	531	1016	0	21	21	0
80	80	80	29	20400	255	0	255	255	255	360.375	1022.600	0	4.674	1.218	5.000	360.375	1022.600	0	355	1018	0	12	10	0
124	124	124	37	31620	255	0	255	255	255	178.282	1031.589	0	6.174	1.780	5.889	178.282	1031.589	0	171	1025	0	15	14	0
191	191	191	67	48705	255	0	255	255	255	135.058	1032.806	0	7.930	3.583	7.866	135.058	1032.807	0	121	1026	0	27	13	0
79	79	79	27	20145	255	0	255	255	255	580.658	1031.405	0	4.563	0.258	4.605	580.658	1031.405	0	576	1027	0	10	10	0
107	107	107	35	27285	255	0	255	255	255	425.084	1035.215	0	5.651	1.650	6.059	425.084	1035.215	0	418	1030	0	15	12	0
122	122	122	39	31110	255	0	255	255	255	387.303	1035.639	0	5.884	1.822	6.126	387.303	1035.640	0	379	1031	0	17	10	0
40	40	40	18	10200	255	0	255	255	255	72.550	1036.225	0	3.151	0.340	3.155	72.550	1036.225	0	69	1033	0	8	7	0
128	128	128	35	32640	255	0	255	255	255	559.547	1040.719	0	6.123	1.342	6.493	559.547	1040.719	0	553	1034	0	14	14	0
81	81	81	30	20655	255	0	255	255	255	302.778	1042.235	0	4.733	1.292	5.143	302.778	1042.234	0	298	1037	0	10	12	0
67	67	67	24	17085	255	0	255	255	255	529.507	1044.433	0	4.171	0.323	4.262	529.507	1044.433	0	525	1040	0	10	10	0
156	156	156	41	39780	255	0	255	255	255	200.449	1051.526	0	6.719	1.422	6.926	200.449	1051.526	0	194	1043	0	13	18	0
204	204	204	49	52020	255	0	255	255	255	459.123	1054.848	0	7.677	1.196	7.526	459.123	1054.849	0	451	1046	0	18	16	0
179	179	179	52	45645	255	0	255	255	255	402.145	1051.978	0	7.448	2.619	7.713	402.145	1051.977	0	391	1047	0	22	11	0
53	53	53	22	13515	255	0	255	255	255	60.019	1053.679	0	3.706	0.725	3.940	60.019	1053.679	0	56	1050	0	9	8	0
114	114	114	33	29070	255	0	255	255	255	180.596	1056.140	0	5.687	0.976	5.405	180.596	1056.141	0	174	1051	0	15	11	0
49	49	49	26	12495	255	0	255	255	255	331.898	1059.531	0	3.748	1.217	3.203	331.898	1059.531	0	327	1056	0	11	8	0
45	45	45	20	11475	255	0	255	255	255	534.600	1059.000	0	3.345	0.462	3.400	534.600	1059.000	0	531	1056	0	8	7	0
48	48	48	24	12240	255	0	255	255	255	121.562	1059.021	0	3.572	1.133	3.419	121.562	1059.021	0	117	1057	0	11	5	0
