Volume (pixel^3)	Surface (pixel^2)	Nb of obj. voxels	Nb of surf. voxels	IntDen	Mean	StdDev	Median	Min	Max	X	Y	Z	Mean dist. to surf. (pixel)	SD dist. to surf. (pixel)	Median dist. to surf. (pixel)	XM	YM	ZM	BX	BY	BZ	B-width	B-height	B-depth
19984	19984	19984	10174	5095920	255	0	255	255	255	746.515	536.925	0	713.399	109.350	734.487	746.525	536.973	0	0	0	0	1463	1074	0
253	253	253	52	64515	255	0	255	255	255	450.024	18.490	0	8.550	1.261	8.850	450.024	18.490	0	439	11	0	21	16	0
146	146	146	38	37230	255	0	255	255	255	1297.199	16.719	0	6.381	0.747	6.630	1297.200	16.719	0	1290	11	0	15	13	0
254	254	254	50	64770	255	0	255	255	255	181.024	35.783	0	8.794	1.666	9.245	181.024	35.783	0	172	26	0	19	20	0
636	636	636	89	162180	255	0	255	255	255	745.907	44.307	0	13.974	3.165	14.734	745.909	44.307	0	731	29	0	32	31	0
119	119	119	34	30345	255	0	255	255	255	240.992	36.269	0	5.723	0.697	5.672	240.992	36.269	0	236	30	0	11	13	0
121	121	121	32	30855	255	0	255	255	255	886.124	39.512	0	5.795	0.414	5.753	886.125	39.512	0	880	34	0	14	12	0
297	297	297	54	75735	255	0	255	255	255	36.519	51.751	0	9.518	1.761	9.741	36.519	51.751	0	26	42	0	22	20	0
275	275	275	52	70125	255	0	255	255	255	403.800	58.585	0	8.946	0.804	8.917	403.801	58.585	0	395	50	0	20	18	0
150	150	150	37	38250	255	0	255	255	255	625.867	57.747	0	6.467	0.473	6.422	625.867	57.747	0	619	51	0	15	14	0
126	126	126	34	32130	255	0	255	255	255	788.532	61.302	0	5.883	0.405	5.844	788.532	61.302	0	783	55	0	12	14	0
238	238	238	50	60690	255	0	255	255	255	535.908	64.050	0	8.286	1.154	8.441	535.908	64.050	0	526	56	0	20	16	0
251	251	251	53	64005	255	0	255	255	255	500.355	65.888	0	8.693	1.590	8.893	500.355	65.888	0	490	58	0	21	17	0
676	676	676	101	172380	255	0	255	255	255	842.661	73.120	0	14.605	4.983	15.259	842.663	73.120	0	823	59	0	40	30	0
336	336	336	73	85680	255	0	255	255	255	725.574	86.652	0	10.000	3.938	10.511	725.576	86.652	0	712	79	0	30	16	0
261	261	261	52	66555	255	0	255	255	255	270.973	91.839	0	8.805	1.444	9.115	270.973	91.839	0	262	83	0	20	19	0
313	313	313	56	79815	255	0	255	255	255	649.022	103.866	0	9.542	0.617	9.395	649.023	103.866	0	639	95	0	21	19	0
172	172	172	39	43860	255	0	255	255	255	550.767	116.901	0	6.979	0.455	6.980	550.768	116.901	0	544	109	0	15	16	0
247	247	247	49	62985	255	0	255	255	255	442.466	124.951	0	8.475	1.216	8.346	442.466	124.951	0	432	117	0	21	17	0
286	286	286	55	72930	255	0	255	255	255	96.101	127.885	0	9.292	1.824	9.565	96.101	127.885	0	86	118	0	22	20	0
304	304	304	54	77520	255	0	255	255	255	279.612	131.240	0	9.407	0.970	9.560	279.612	131.240	0	269	122	0	22	19	0
367	367	367	62	93585	255	0	255	255	255	415.155	141.109	0	10.366	1.055	10.390	415.156	141.109	0	404	130	0	24	22	0
266	266	266	53	67830	255	0	255	255	255	320.289	143.624	0	8.772	1.241	8.956	320.290	143.624	0	310	136	0	21	16	0
171	171	171	41	43605	255	0	255	255	255	356.322	157.474	0	6.917	0.533	6.974	356.322	157.474	0	349	151	0	15	15	0
212	212	212	45	54060	255	0	255	255	255	143.623	190.519	0	7.914	1.175	7.886	143.623	190.519	0	135	183	0	18	16	0
233	233	233	51	59415	255	0	255	255	255	93.798	212.605	0	8.277	1.629	8.407	93.798	212.605	0	84	206	0	21	14	0
206	206	206	46	52530	255	0	255	255	255	54.316	235.981	0	7.677	1.091	7.538	54.316	235.981	0	45	229	0	20	15	0
140	140	140	38	35700	255	0	255	255	255	95.371	254.107	0	6.278	0.951	6.340	95.371	254.107	0	90	247	0	12	15	0
218	218	218	46	55590	255	0	255	255	255	266.702	259.376	0	7.889	0.680	7.965	266.702	259.376	0	259	251	0	16	18	0
75	75	75	26	19125	255	0	255	255	255	76.467	267.053	0	4.425	0.302	4.542	76.467	267.053	0	72	263	0	10	9	0
246	246	246	51	62730	255	0	255	255	255	231.882	282.577	0	8.477	1.461	8.824	231.882	282.577	0	222	275	0	21	16	0
211	211	211	47	53805	255	0	255	255	255	333.171	290.436	0	7.744	1.020	8.046	333.171	290.436	0	326	282	0	15	18	0
218	218	218	48	55590	255	0	255	255	255	113.766	292.450	0	7.898	0.779	7.782	113.766	292.450	0	106	285	0	17	18	0
474	474	474	71	120870	255	0	255	255	255	50.624	329.097	0	11.875	1.299	11.674	50.624	329.097	0	38	318	0	27	24	0
251	251	251	50	64005	255	0	255	255	255	266.124	327.849	0	8.494	0.573	8.458	266.124	327.849	0	257	320	0	19	17	0
112	112	112	32	28560	255	0	255	255	255	297.241	339.027	0	5.540	0.422	5.506	297.241	339.027	0	291	334	0	13	11	0
468	468	468	73	119340	255	0	255	255	255	444.353	353.767	0	11.879	1.664	11.961	444.354	353.767	0	432	339	0	25	28	0
352	352	352	61	89760	255	0	255	255	255	536.352	443.781	0	10.116	0.807	10.260	536.353	443.781	0	527	433	0	20	23	0
370	370	370	60	94350	255	0	255	255	255	580.703	450.865	0	10.464	1.116	10.467	580.704	450.865	0	571	439	0	22	24	0
386	386	386	63	98430	255	0	255	255	255	574.904	515.959	0	10.762	1.423	11.078	574.905	515.959	0	563	504	0	24	25	0
489	489	489	74	124695	255	0	255	255	255	648.802	541.033	0	12.347	2.164	12.377	648.803	541.033	0	634	529	0	29	25	0
477	477	477	71	121635	255	0	255	255	255	714.340	588.547	0	12.452	3.380	12.980	714.341	588.547	0	700	575	0	30	28	0
490	490	490	74	124950	255	0	255	255	255	688.118	601.863	0	12.558	3.207	12.915	688.120	601.864	0	673	589	0	31	26	0
420	420	420	68	107100	255	0	255	255	255	850.476	695.790	0	11.177	1.525	11.538	850.478	695.791	0	838	684	0	27	25	0
10	10	10	8	2550	255	0	255	255	255	420.000	996.500	0	1.385	0.307	1.309	420.000	996.500	0	419	995	0	3	4	0
