Volume (pixel^3)	Surface (pixel^2)	Nb of obj. voxels	Nb of surf. voxels	IntDen	Mean	StdDev	Median	Min	Max	X	Y	Z	Mean dist. to surf. (pixel)	SD dist. to surf. (pixel)	Median dist. to surf. (pixel)	XM	YM	ZM	BX	BY	BZ	B-width	B-height	B-depth
16015	16015	16015	10224	4083825	255	0	255	255	255	764.140	547.758	0	725.307	112.988	747.143	764.139	547.763	0	0	0	0	1504	1100	0
395	395	395	106	100725	255	0	255	255	255	600.663	61.228	0	12.456	4.689	12.198	600.664	61.228	0	583	48	0	41	26	0
252	252	252	66	64260	255	0	255	255	255	636.190	56.647	0	8.597	1.978	8.940	636.191	56.647	0	627	48	0	20	22	0
32	32	32	18	8160	255	0	255	255	255	665.625	52.469	0	2.826	0.861	2.944	665.625	52.469	0	662	49	0	7	8	0
53	53	53	21	13515	255	0	255	255	255	673.868	57.830	0	3.688	0.363	3.679	673.868	57.830	0	670	54	0	8	9	0
58	58	58	30	14790	255	0	255	255	255	701.224	60.793	0	4.106	1.312	4.227	701.224	60.793	0	695	56	0	11	11	0
45	45	45	20	11475	255	0	255	255	255	656.089	61.178	0	3.355	0.401	3.306	656.089	61.178	0	653	58	0	7	8	0
220	220	220	63	56100	255	0	255	255	255	688.650	72.436	0	8.282	2.874	8.044	688.651	72.436	0	680	58	0	15	27	0
39	39	39	20	9945	255	0	255	255	255	664.000	66.128	0	3.095	0.767	3.083	664.000	66.128	0	660	63	0	8	8	0
49	49	49	21	12495	255	0	255	255	255	627.592	77.571	0	3.512	0.348	3.595	627.592	77.571	0	624	74	0	8	8	0
14	14	14	10	3570	255	0	255	255	255	616.500	76.286	0	1.666	0.217	1.661	616.500	76.286	0	615	75	0	4	4	0
182	182	182	44	46410	255	0	255	255	255	558.632	92.220	0	7.457	1.796	7.653	558.632	92.220	0	550	85	0	19	16	0
80	80	80	37	20400	255	0	255	255	255	615.388	89.662	0	4.754	1.826	4.802	615.388	89.662	0	608	85	0	15	10	0
22	22	22	13	5610	255	0	255	255	255	585.909	96.091	0	2.201	0.208	2.199	585.909	96.091	0	584	94	0	5	5	0
53	53	53	23	13515	255	0	255	255	255	648.094	107.887	0	3.788	0.924	3.907	648.094	107.887	0	643	105	0	10	8	0
13	13	13	9	3315	255	0	255	255	255	669.615	107.615	0	1.627	0.169	1.661	669.615	107.615	0	668	106	0	4	4	0
16	16	16	10	4080	255	0	255	255	255	664.500	110.000	0	1.846	0.219	1.803	664.500	110.000	0	663	108	0	4	5	0
413	413	413	98	105315	255	0	255	255	255	644.988	127.409	0	12.416	5.750	13.329	644.989	127.409	0	631	114	0	34	31	0
35	35	35	19	8925	255	0	255	255	255	247.057	120.800	0	2.874	0.581	2.954	247.057	120.800	0	245	117	0	5	8	0
32	32	32	16	8160	255	0	255	255	255	534.625	122.594	0	2.780	0.353	2.726	534.625	122.594	0	532	120	0	6	7	0
61	61	61	24	15555	255	0	255	255	255	621.426	129.393	0	3.942	0.357	3.857	621.426	129.393	0	617	126	0	10	8	0
24	24	24	15	6120	255	0	255	255	255	539.167	130.875	0	2.378	0.521	2.208	539.167	130.875	0	537	128	0	5	7	0
64	64	64	24	16320	255	0	255	255	255	517.297	132.625	0	4.083	0.455	4.054	517.297	132.625	0	513	129	0	10	8	0
308	308	308	61	78540	255	0	255	255	255	553.451	146.253	0	9.488	1.674	9.455	553.452	146.253	0	544	136	0	21	22	0
211	211	211	50	53805	255	0	255	255	255	508.953	151.450	0	7.826	1.895	8.140	508.953	151.450	0	503	142	0	14	21	0
392	392	392	77	99960	255	0	255	255	255	612.033	156.013	0	11.401	3.515	11.732	612.034	156.013	0	596	148	0	33	18	0
54	54	54	35	13770	255	0	255	255	255	535.352	158.981	0	4.322	2.021	4.034	535.352	158.981	0	532	151	0	8	16	0
51	51	51	25	13005	255	0	255	255	255	587.333	158.353	0	3.750	1.107	3.369	587.333	158.353	0	584	153	0	7	11	0
76	76	76	27	19380	255	0	255	255	255	497.724	164.776	0	4.504	0.777	4.596	497.724	164.776	0	492	161	0	12	9	0
77	77	77	35	19635	255	0	255	255	255	492.065	177.351	0	4.826	1.990	4.852	492.065	177.351	0	486	171	0	12	14	0
51	51	51	23	13005	255	0	255	255	255	518.216	177.412	0	3.584	0.685	3.595	518.216	177.412	0	515	173	0	8	9	0
89	89	89	39	22695	255	0	255	255	255	543.090	182.236	0	5.076	2.004	5.314	543.090	182.236	0	538	175	0	11	15	0
105	105	105	31	26775	255	0	255	255	255	600.229	182.724	0	5.342	0.570	5.358	600.229	182.724	0	594	178	0	13	11	0
14	14	14	14	3570	255	0	255	255	255	553.714	191.071	0	2.107	0.766	2.003	553.714	191.071	0	551	188	0	5	6	0
45	45	45	20	11475	255	0	255	255	255	574.333	196.778	0	3.337	0.342	3.316	574.333	196.778	0	571	193	0	8	8	0
40	40	40	20	10200	255	0	255	255	255	589.025	197.750	0	3.189	0.594	3.183	589.025	197.750	0	586	195	0	8	7	0
172	172	172	42	43860	255	0	255	255	255	468.349	208.744	0	7.087	1.263	7.138	468.349	208.744	0	462	201	0	14	17	0
25	25	25	13	6375	255	0	255	255	255	491.880	204.200	0	2.423	0.378	2.369	491.880	204.200	0	490	201	0	5	7	0
78	78	78	35	19890	255	0	255	255	255	469.859	224.321	0	4.706	1.737	5.146	469.859	224.321	0	464	218	0	11	13	0
270	270	270	61	68850	255	0	255	255	255	555.156	237.563	0	8.360	2.108	8.907	555.156	237.563	0	547	228	0	19	20	0
44	44	44	23	11220	255	0	255	255	255	531.227	236.023	0	3.241	0.823	3.372	531.227	236.023	0	528	233	0	8	7	0
76	76	76	28	19380	255	0	255	255	255	451.211	242.632	0	4.485	0.880	4.300	451.211	242.632	0	446	238	0	11	10	0
10	10	10	8	2550	255	0	255	255	255	480.500	256.200	0	1.364	0.301	1.407	480.500	256.200	0	479	255	0	4	3	0
54	54	54	23	13770	255	0	255	255	255	426.722	260.407	0	3.723	0.862	3.664	426.722	260.407	0	423	256	0	9	10	0
17	17	17	13	4335	255	0	255	255	255	502.059	266.000	0	1.864	0.560	2.059	502.059	266.000	0	500	264	0	5	5	0
60	60	60	24	15300	255	0	255	255	255	494.850	271.233	0	3.917	0.533	3.911	494.850	271.233	0	491	267	0	8	10	0
131	131	131	49	33405	255	0	255	255	255	526.076	285.092	0	6.323	2.457	6.282	526.076	285.092	0	520	274	0	14	19	0
27	27	27	16	6885	255	0	255	255	255	441.593	279.296	0	2.493	0.484	2.559	441.593	279.296	0	439	277	0	6	6	0
404	404	404	96	103020	255	0	255	255	255	851.510	298.109	0	10.675	3.301	10.895	851.511	298.109	0	838	284	0	29	28	0
181	181	181	53	46155	255	0	255	255	255	421.381	296.923	0	7.421	2.140	7.109	421.381	296.923	0	414	286	0	14	22	0
20	20	20	12	5100	255	0	255	255	255	474.050	289.650	0	2.100	0.367	2.068	474.050	289.650	0	472	287	0	5	6	0
67	67	67	25	17085	255	0	255	255	255	405.791	297.030	0	4.344	1.037	4.333	405.791	297.030	0	402	292	0	9	11	0
152	152	152	47	38760	255	0	255	255	255	498.461	304.276	0	6.842	2.395	6.763	498.461	304.276	0	488	300	0	22	10	0
77	77	77	28	19635	255	0	255	255	255	480.260	307.429	0	4.504	0.687	4.605	480.260	307.429	0	476	303	0	10	10	0
23	23	23	14	5865	255	0	255	255	255	518.609	306.522	0	2.273	0.448	2.327	518.609	306.522	0	517	304	0	5	6	0
15	15	15	11	3825	255	0	255	255	255	828.400	308.600	0	1.719	0.250	1.649	828.400	308.600	0	827	307	0	4	4	0
205	205	205	51	52275	255	0	255	255	255	396.322	324.956	0	8.042	2.703	8.229	396.322	324.956	0	389	313	0	14	23	0
84	84	84	26	21420	255	0	255	255	255	849.833	319.845	0	4.780	0.520	4.806	849.833	319.845	0	845	314	0	11	12	0
134	134	134	37	34170	255	0	255	255	255	494.798	327.776	0	6.101	0.746	6.050	494.799	327.776	0	489	322	0	13	13	0
317	317	317	85	80835	255	0	255	255	255	819.845	338.161	0	9.343	3.292	10.030	819.846	338.161	0	810	325	0	20	27	0
39	39	39	17	9945	255	0	255	255	255	446.179	332.923	0	3.120	0.299	3.082	446.179	332.923	0	443	330	0	8	7	0
28	28	28	15	7140	255	0	255	255	255	797.107	333.321	0	2.550	0.342	2.530	797.107	333.321	0	795	331	0	6	6	0
39	39	39	19	9945	255	0	255	255	255	410.769	335.308	0	3.062	0.424	3.062	410.769	335.308	0	407	332	0	8	7	0
14	14	14	10	3570	255	0	255	255	255	841.286	334.000	0	1.700	0.364	1.672	841.286	334.000	0	840	332	0	4	5	0
36	36	36	17	9180	255	0	255	255	255	383.861	336.389	0	2.940	0.301	2.926	383.861	336.389	0	381	334	0	7	6	0
236	236	236	64	60180	255	0	255	255	255	396.797	350.869	0	8.791	3.730	8.950	396.797	350.869	0	389	338	0	14	29	0
449	449	449	90	114495	255	0	255	255	255	374.715	357.432	0	12.549	4.365	13.080	374.716	357.432	0	364	342	0	22	35	0
72	72	72	30	18360	255	0	255	255	255	480.000	348.111	0	4.495	1.355	4.472	480.000	348.111	0	476	342	0	8	13	0
21	21	21	12	5355	255	0	255	255	255	447.000	351.000	0	2.157	0.116	2.236	447.000	351.000	0	445	349	0	5	5	0
36	36	36	18	9180	255	0	255	255	255	785.972	356.389	0	2.945	0.470	3.044	785.972	356.389	0	783	354	0	7	6	0
126	126	126	51	32130	255	0	255	255	255	809.119	364.310	0	6.357	2.149	6.158	809.120	364.310	0	802	358	0	18	15	0
11	11	11	9	2805	255	0	255	255	255	480.364	368.091	0	1.418	0.316	1.367	480.364	368.091	0	479	367	0	4	3	0
371	371	371	83	94605	255	0	255	255	255	458.078	381.774	0	11.027	3.842	10.079	458.079	381.773	0	442	372	0	33	22	0
17	17	17	11	4335	255	0	255	255	255	748.471	383.235	0	1.963	0.455	1.842	748.471	383.235	0	746	381	0	5	5	0
16	16	16	11	4080	255	0	255	255	255	398.188	383.375	0	1.873	0.400	1.817	398.188	383.375	0	396	382	0	5	4	0
41	41	41	19	10455	255	0	255	255	255	374.610	392.585	0	3.209	0.502	3.054	374.610	392.585	0	372	389	0	7	8	0
242	242	242	52	61710	255	0	255	255	255	464.682	402.769	0	8.493	1.938	8.456	464.683	402.768	0	457	392	0	17	23	0
71	71	71	31	18105	255	0	255	255	255	785.324	397.803	0	4.666	1.512	4.401	785.324	397.803	0	779	393	0	12	12	0
63	63	63	27	16065	255	0	255	255	255	337.571	404.524	0	4.211	0.965	4.229	337.571	404.524	0	333	398	0	9	12	0
57	57	57	22	14535	255	0	255	255	255	374.912	404.825	0	3.844	0.559	3.742	374.912	404.825	0	371	400	0	8	10	0
36	36	36	18	9180	255	0	255	255	255	775.111	405.083	0	3.013	0.741	3.076	775.111	405.083	0	772	401	0	7	9	0
10	10	10	8	2550	255	0	255	255	255	435.500	412.000	0	1.385	0.307	1.309	435.500	412.000	0	434	411	0	4	3	0
73	73	73	36	18615	255	0	255	255	255	397.178	424.055	0	4.990	2.209	5.085	397.178	424.055	0	393	415	0	8	16	0
14	14	14	10	3570	255	0	255	255	255	703.071	418.857	0	1.698	0.488	1.750	703.071	418.857	0	701	417	0	5	4	0
33	33	33	25	8415	255	0	255	255	255	717.182	424.636	0	3.641	1.754	3.859	717.182	424.636	0	713	419	0	9	11	0
328	328	328	74	83640	255	0	255	255	255	752.503	429.936	0	9.646	2.641	10.116	752.504	429.936	0	742	420	0	24	22	0
14	14	14	10	3570	255	0	255	255	255	461.286	425.500	0	1.666	0.217	1.661	461.286	425.500	0	460	424	0	4	4	0
58	58	58	23	14790	255	0	255	255	255	322.586	429.086	0	3.882	0.594	3.957	322.586	429.086	0	318	425	0	10	9	0
46	46	46	20	11730	255	0	255	255	255	726.870	428.804	0	3.368	0.431	3.380	726.870	428.804	0	724	425	0	7	8	0
43	43	43	20	10965	255	0	255	255	255	338.000	431.279	0	3.251	0.418	3.261	338.000	431.279	0	335	428	0	7	8	0
31	31	31	16	7905	255	0	255	255	255	359.194	435.645	0	2.723	0.393	2.697	359.194	435.645	0	356	433	0	7	6	0
43	43	43	19	10965	255	0	255	255	255	420.791	442.512	0	3.295	0.406	3.250	420.791	442.512	0	418	439	0	7	8	0
38	38	38	18	9690	255	0	255	255	255	686.789	441.658	0	3.037	0.382	3.022	686.789	441.658	0	684	439	0	7	7	0
150	150	150	50	38250	255	0	255	255	255	726.507	447.520	0	6.525	2.212	6.883	726.507	447.520	0	719	440	0	14	18	0
19	19	19	12	4845	255	0	255	255	255	749.000	446.211	0	2.020	0.258	2.050	749.000	446.211	0	747	444	0	5	5	0
14	14	14	9	3570	255	0	255	255	255	673.786	452.643	0	1.731	0.274	1.821	673.786	452.643	0	672	451	0	5	4	0
156	156	156	42	39780	255	0	255	255	255	434.474	460.846	0	6.680	1.476	6.867	434.474	460.846	0	429	453	0	13	17	0
112	112	112	35	28560	255	0	255	255	255	327.312	462.232	0	5.663	1.309	5.720	327.312	462.232	0	321	457	0	14	12	0
107	107	107	31	27285	255	0	255	255	255	311.682	464.776	0	5.469	0.823	5.388	311.682	464.776	0	306	459	0	13	12	0
80	80	80	37	20400	255	0	255	255	255	672.862	465.725	0	4.982	1.866	5.064	672.862	465.725	0	666	459	0	13	14	0
18	18	18	11	4590	255	0	255	255	255	705.278	463.833	0	1.972	0.321	1.970	705.278	463.833	0	703	462	0	5	5	0
19	19	19	13	4845	255	0	255	255	255	403.316	468.684	0	2.013	0.457	1.861	403.316	468.684	0	401	467	0	6	4	0
134	134	134	38	34170	255	0	255	255	255	393.679	477.761	0	6.121	1.272	6.141	393.679	477.761	0	386	473	0	16	11	0
21	21	21	13	5355	255	0	255	255	255	420.857	477.143	0	2.183	0.348	2.148	420.857	477.143	0	419	475	0	5	5	0
306	306	306	86	78030	255	0	255	255	255	709.611	490.833	0	10.895	4.187	10.374	709.612	490.833	0	701	477	0	25	31	0
68	68	68	28	17340	255	0	255	255	255	298.691	483.515	0	4.243	0.900	4.059	298.691	483.515	0	294	478	0	9	11	0
70	70	70	25	17850	255	0	255	255	255	653.929	483.086	0	4.271	0.306	4.224	653.929	483.086	0	649	479	0	10	9	0
31	31	31	18	7905	255	0	255	255	255	406.871	484.161	0	2.904	1.002	2.905	406.871	484.161	0	404	480	0	6	9	0
182	182	182	47	46410	255	0	255	255	255	36.582	495.533	0	7.502	2.500	7.736	36.582	495.533	0	27	487	0	20	18	0
27	27	27	15	6885	255	0	255	255	255	382.259	490.815	0	2.508	0.354	2.515	382.259	490.815	0	380	488	0	6	6	0
97	97	97	35	24735	255	0	255	255	255	653.773	497.649	0	5.161	1.669	5.489	653.773	497.649	0	648	491	0	13	14	0
413	413	413	103	105315	255	0	255	255	255	412.090	513.157	0	13.318	6.201	13.493	412.091	513.157	0	400	494	0	24	44	0
91	91	91	39	23205	255	0	255	255	255	642.462	510.549	0	5.277	2.401	5.643	642.462	510.549	0	635	504	0	15	14	0
76	76	76	29	19380	255	0	255	255	255	695.447	510.684	0	4.557	1.248	4.903	695.447	510.684	0	690	506	0	12	11	0
216	216	216	51	55080	255	0	255	255	255	66.917	523.009	0	7.955	1.375	7.764	66.917	523.009	0	59	514	0	16	20	0
44	44	44	21	11220	255	0	255	255	255	40.614	520.477	0	3.296	0.482	3.426	40.614	520.477	0	38	517	0	7	8	0
84	84	84	32	21420	255	0	255	255	255	276.929	525.036	0	4.753	1.129	4.929	276.929	525.036	0	272	519	0	11	13	0
87	87	87	32	22185	255	0	255	255	255	647.264	532.184	0	4.825	1.117	5.150	647.264	532.184	0	643	527	0	10	12	0
69	69	69	24	17595	255	0	255	255	255	385.029	532.551	0	4.261	0.430	4.272	385.029	532.551	0	381	528	0	9	10	0
24	24	24	14	6120	255	0	255	255	255	636.083	530.417	0	2.401	0.768	2.374	636.083	530.417	0	633	528	0	7	6	0
28	28	28	15	7140	255	0	255	255	255	90.500	535.607	0	2.648	0.651	2.573	90.500	535.607	0	87	533	0	8	6	0
36	36	36	23	9180	255	0	255	255	255	626.083	540.694	0	3.098	1.133	2.904	626.083	540.694	0	624	536	0	5	10	0
62	62	62	24	15810	255	0	255	255	255	398.871	550.984	0	3.984	0.306	4.048	398.871	550.984	0	395	547	0	9	9	0
67	67	67	26	17085	255	0	255	255	255	662.866	549.940	0	4.191	0.747	4.204	662.866	549.940	0	658	547	0	11	8	0
29	29	29	16	7395	255	0	255	255	255	103.483	551.379	0	2.615	0.504	2.569	103.483	551.379	0	101	549	0	6	7	0
16	16	16	10	4080	255	0	255	255	255	81.000	556.500	0	1.846	0.219	1.803	81.000	556.500	0	79	555	0	5	4	0
10	10	10	8	2550	255	0	255	255	255	73.000	558.800	0	1.341	0.278	1.281	73.000	558.800	0	72	557	0	3	4	0
33	33	33	23	8415	255	0	255	255	255	661.515	561.545	0	3.066	1.225	2.926	661.515	561.545	0	658	558	0	7	9	0
12	12	12	8	3060	255	0	255	255	255	91.500	561.500	0	1.581	1.274E-7	1.581	91.500	561.500	0	90	560	0	4	4	0
273	273	273	77	69615	255	0	255	255	255	667.806	578.557	0	10.737	5.244	10.797	667.807	578.557	0	653	565	0	28	30	0
15	15	15	12	3825	255	0	255	255	255	61.333	568.400	0	1.865	0.720	1.898	61.333	568.400	0	60	566	0	4	6	0
124	124	124	34	31620	255	0	255	255	255	604.710	576.419	0	5.883	0.762	5.804	604.710	576.420	0	598	570	0	14	13	0
32	32	32	17	8160	255	0	255	255	255	258.125	573.906	0	2.754	0.485	2.855	258.125	573.906	0	255	571	0	7	6	0
16	16	16	11	4080	255	0	255	255	255	264.750	574.375	0	1.805	0.297	1.790	264.750	574.375	0	263	573	0	5	4	0
17	17	17	11	4335	255	0	255	255	255	55.882	578.235	0	1.950	0.455	1.973	55.882	578.235	0	54	576	0	5	5	0
21	21	21	12	5355	255	0	255	255	255	364.095	580.190	0	2.180	0.294	2.154	364.095	580.190	0	362	578	0	5	6	0
71	71	71	27	18105	255	0	255	255	255	111.648	586.324	0	4.325	0.875	4.364	111.648	586.324	0	108	581	0	8	11	0
15	15	15	11	3825	255	0	255	255	255	637.333	585.667	0	1.813	0.545	1.700	637.333	585.667	0	635	584	0	5	5	0
180	180	180	44	45900	255	0	255	255	255	585.800	592.833	0	7.154	1.150	7.192	585.801	592.833	0	578	587	0	18	13	0
102	102	102	35	26010	255	0	255	255	255	78.892	594.814	0	5.437	1.394	5.616	78.892	594.814	0	72	590	0	14	11	0
51	51	51	21	13005	255	0	255	255	255	136.588	595.686	0	3.605	0.470	3.602	136.588	595.686	0	133	592	0	8	8	0
112	112	112	50	28560	255	0	255	255	255	102.312	612.062	0	6.399	2.873	6.252	102.312	612.062	0	96	601	0	15	19	0
89	89	89	28	22695	255	0	255	255	255	147.292	609.528	0	4.902	0.494	4.832	147.292	609.528	0	143	604	0	10	12	0
125	125	125	37	31875	255	0	255	255	255	654.624	611.576	0	6.098	1.755	5.802	654.624	611.576	0	648	605	0	15	15	0
95	95	95	35	24225	255	0	255	255	255	251.726	620.821	0	5.261	1.688	5.866	251.726	620.821	0	246	614	0	12	15	0
84	84	84	32	21420	255	0	255	255	255	570.762	619.774	0	4.798	1.179	4.688	570.762	619.774	0	565	614	0	11	11	0
23	23	23	14	5865	255	0	255	255	255	149.826	619.000	0	2.239	0.255	2.169	149.826	619.000	0	148	617	0	5	5	0
94	94	94	30	23970	255	0	255	255	255	373.223	626.340	0	5.061	0.659	5.016	373.223	626.340	0	367	621	0	12	12	0
150	150	150	52	38250	255	0	255	255	255	578.633	628.167	0	6.920	3.196	7.391	578.634	628.167	0	568	622	0	23	14	0
105	105	105	37	26775	255	0	255	255	255	558.276	629.829	0	5.465	1.461	5.338	558.276	629.829	0	554	623	0	10	16	0
300	300	300	60	76500	255	0	255	255	255	624.773	638.153	0	9.634	1.973	8.836	624.774	638.154	0	616	624	0	18	27	0
43	43	43	19	10965	255	0	255	255	255	164.837	631.512	0	3.293	0.420	3.215	164.837	631.512	0	162	628	0	7	8	0
70	70	70	25	17850	255	0	255	255	255	349.957	645.157	0	4.337	0.668	4.365	349.957	645.157	0	345	641	0	11	10	0
128	128	128	39	32640	255	0	255	255	255	71.758	648.906	0	6.024	1.108	6.127	71.758	648.906	0	65	643	0	15	13	0
18	18	18	12	4590	255	0	255	255	255	167.056	645.722	0	2.039	0.663	2.071	167.056	645.722	0	165	643	0	5	6	0
680	680	680	97	173400	255	0	255	255	255	369.885	666.409	0	14.928	4.045	14.681	369.886	666.409	0	358	647	0	24	42	0
121	121	121	42	30855	255	0	255	255	255	592.388	653.099	0	6.259	2.453	6.155	592.388	653.099	0	584	647	0	19	14	0
265	265	265	80	67575	255	0	255	255	255	548.208	661.226	0	9.295	4.738	9.508	548.208	661.226	0	535	650	0	28	24	0
55	55	55	28	14025	255	0	255	255	255	630.636	655.364	0	4.065	1.629	3.901	630.636	655.364	0	628	650	0	7	13	0
126	126	126	41	32130	255	0	255	255	255	574.167	659.476	0	5.950	2.146	6.577	574.167	659.476	0	567	652	0	15	15	0
43	43	43	20	10965	255	0	255	255	255	269.581	655.465	0	3.225	0.460	3.452	269.581	655.465	0	266	653	0	8	6	0
280	280	280	86	71400	255	0	255	255	255	253.789	669.821	0	9.521	3.440	9.777	253.789	669.821	0	243	655	0	23	27	0
68	68	68	25	17340	255	0	255	255	255	201.485	660.265	0	4.281	0.821	4.156	201.485	660.265	0	196	656	0	12	9	0
156	156	156	39	39780	255	0	255	255	255	344.103	661.135	0	6.583	0.782	6.557	344.103	661.134	0	336	656	0	16	12	0
68	68	68	24	17340	255	0	255	255	255	236.765	664.029	0	4.220	0.310	4.225	236.765	664.029	0	233	660	0	9	9	0
104	104	104	30	26520	255	0	255	255	255	216.154	668.413	0	5.345	0.582	5.420	216.154	668.413	0	211	663	0	12	12	0
43	43	43	18	10965	255	0	255	255	255	330.023	666.419	0	3.278	0.244	3.289	330.023	666.419	0	327	663	0	7	8	0
233	233	233	61	59415	255	0	255	255	255	614.210	674.622	0	8.155	2.437	8.614	614.211	674.622	0	605	663	0	18	22	0
10	10	10	9	2550	255	0	255	255	255	565.700	667.800	0	1.343	0.410	1.315	565.700	667.800	0	564	667	0	4	3	0
23	23	23	13	5865	255	0	255	255	255	584.435	671.522	0	2.282	0.475	2.490	584.435	671.522	0	582	669	0	6	6	0
48	48	48	21	12240	255	0	255	255	255	527.521	680.104	0	3.450	0.311	3.457	527.521	680.104	0	524	677	0	8	7	0
31	31	31	17	7905	255	0	255	255	255	127.129	680.258	0	2.685	0.518	2.751	127.129	680.258	0	124	678	0	7	6	0
377	377	377	74	96135	255	0	255	255	255	334.767	691.942	0	10.646	2.114	10.636	334.767	691.942	0	323	678	0	26	25	0
27	27	27	15	6885	255	0	255	255	255	190.148	682.185	0	2.550	0.487	2.453	190.148	682.185	0	188	679	0	5	7	0
18	18	18	12	4590	255	0	255	255	255	134.000	684.500	0	1.955	0.323	1.932	134.000	684.500	0	132	683	0	5	4	0
226	226	226	56	57630	255	0	255	255	255	554.557	699.827	0	8.309	2.636	7.965	554.558	699.827	0	548	688	0	14	25	0
25	25	25	14	6375	255	0	255	255	255	589.240	689.960	0	2.397	0.335	2.353	589.240	689.960	0	587	688	0	6	5	0
200	200	200	63	51000	255	0	255	255	255	217.425	700.530	0	8.398	3.511	7.968	217.425	700.530	0	204	694	0	28	15	0
573	573	573	111	146115	255	0	255	255	255	368.799	709.405	0	13.361	4.065	13.974	368.800	709.404	0	348	695	0	38	28	0
31	31	31	15	7905	255	0	255	255	255	604.903	698.161	0	2.725	0.446	2.840	604.903	698.161	0	602	695	0	7	7	0
47	47	47	23	11985	255	0	255	255	255	354.745	701.511	0	3.585	1.110	3.580	354.745	701.511	0	352	696	0	7	11	0
34	34	34	21	8670	255	0	255	255	255	95.265	703.088	0	2.938	1.242	3.175	95.265	703.088	0	93	699	0	5	10	0
15	15	15	11	3825	255	0	255	255	255	132.800	701.667	0	1.728	0.403	1.794	132.800	701.667	0	131	700	0	5	4	0
435	435	435	82	110925	255	0	255	255	255	507.920	715.143	0	11.124	2.657	11.286	507.921	715.143	0	498	703	0	22	28	0
63	63	63	35	16065	255	0	255	255	255	204.968	711.619	0	4.529	1.936	4.719	204.968	711.619	0	200	705	0	10	13	0
47	47	47	21	11985	255	0	255	255	255	603.723	709.277	0	3.412	0.477	3.517	603.723	709.277	0	600	706	0	8	7	0
300	300	300	75	76500	255	0	255	255	255	575.497	717.420	0	9.857	3.648	9.747	575.498	717.420	0	564	707	0	26	25	0
356	356	356	68	90780	255	0	255	255	255	327.183	722.171	0	10.397	2.699	10.710	327.183	722.171	0	319	708	0	17	29	0
61	61	61	24	15555	255	0	255	255	255	157.574	714.410	0	4.006	0.680	3.877	157.574	714.410	0	154	710	0	9	10	0
48	48	48	22	12240	255	0	255	255	255	170.000	717.521	0	3.650	1.100	3.500	170.000	717.521	0	167	712	0	8	11	0
70	70	70	29	17850	255	0	255	255	255	249.200	721.757	0	4.267	0.941	4.284	249.200	721.757	0	244	717	0	10	10	0
117	117	117	46	29835	255	0	255	255	255	590.479	725.068	0	6.233	2.862	6.579	590.479	725.068	0	581	718	0	18	16	0
29	29	29	18	7395	255	0	255	255	255	484.138	728.690	0	2.580	0.556	2.545	484.138	728.690	0	481	727	0	7	5	0
94	94	94	30	23970	255	0	255	255	255	280.245	734.415	0	5.007	0.585	5.044	280.245	734.415	0	276	729	0	10	12	0
75	75	75	28	19125	255	0	255	255	255	340.747	734.613	0	4.475	0.727	4.591	340.747	734.613	0	336	730	0	10	10	0
84	84	84	28	21420	255	0	255	255	255	220.012	737.405	0	4.849	1.097	5.006	220.012	737.405	0	214	733	0	13	10	0
179	179	179	44	45645	255	0	255	255	255	322.067	747.765	0	7.313	1.916	7.468	322.067	747.766	0	314	739	0	17	18	0
35	35	35	17	8925	255	0	255	255	255	353.571	741.914	0	2.909	0.408	2.946	353.571	741.914	0	351	739	0	7	7	0
15	15	15	11	3825	255	0	255	255	255	483.800	743.733	0	1.783	0.532	1.820	483.800	743.733	0	482	742	0	5	4	0
24	24	24	15	6120	255	0	255	255	255	522.083	744.917	0	2.285	0.293	2.202	522.083	744.917	0	520	743	0	5	5	0
17	17	17	12	4335	255	0	255	255	255	515.412	749.118	0	2.027	0.715	1.872	515.412	749.118	0	514	746	0	4	7	0
137	137	137	38	34935	255	0	255	255	255	462.168	758.526	0	6.218	1.040	6.330	462.168	758.526	0	456	750	0	13	16	0
94	94	94	42	23970	255	0	255	255	255	567.989	758.426	0	5.741	2.704	6.520	567.989	758.426	0	562	750	0	13	17	0
46	46	46	20	11730	255	0	255	255	255	269.239	753.609	0	3.378	0.544	3.457	269.239	753.609	0	265	751	0	9	7	0
108	108	108	43	27540	255	0	255	255	255	1394.259	756.009	0	5.439	2.159	5.829	1394.260	756.009	0	1386	751	0	16	12	0
11	11	11	9	2805	255	0	255	255	255	494.636	752.909	0	1.418	0.316	1.367	494.636	752.909	0	493	752	0	4	3	0
57	57	57	23	14535	255	0	255	255	255	389.772	760.421	0	3.871	0.738	3.795	389.772	760.421	0	386	756	0	9	10	0
20	20	20	14	5100	255	0	255	255	255	73.050	760.850	0	2.248	0.789	2.251	73.050	760.850	0	70	758	0	6	6	0
36	36	36	18	9180	255	0	255	255	255	359.389	760.806	0	2.953	0.463	2.871	359.389	760.806	0	356	758	0	8	6	0
30	30	30	19	7650	255	0	255	255	255	273.467	763.633	0	2.662	0.736	2.674	273.467	763.633	0	271	760	0	7	7	0
100	100	100	30	25500	255	0	255	255	255	438.220	767.020	0	5.235	0.506	5.189	438.220	767.020	0	433	761	0	12	12	0
99	99	99	31	25245	255	0	255	255	255	557.172	767.081	0	5.254	0.945	5.283	557.172	767.081	0	552	761	0	12	13	0
34	34	34	17	8670	255	0	255	255	255	245.882	764.235	0	2.842	0.376	2.902	245.882	764.235	0	243	762	0	7	6	0
117	117	117	33	29835	255	0	255	255	255	184.889	770.333	0	5.792	1.006	5.898	184.889	770.333	0	179	763	0	13	15	0
100	100	100	43	25500	255	0	255	255	255	484.700	770.980	0	5.471	2.146	6.100	484.700	770.980	0	480	763	0	11	16	0
105	105	105	35	26775	255	0	255	255	255	264.019	770.819	0	5.283	1.177	5.303	264.019	770.819	0	258	766	0	13	11	0
12	12	12	9	3060	255	0	255	255	255	1359.500	767.833	0	1.598	0.596	1.716	1359.500	767.833	0	1358	766	0	4	5	0
12	12	12	9	3060	255	0	255	255	255	155.583	768.250	0	1.521	0.319	1.603	155.583	768.250	0	154	767	0	4	4	0
266	266	266	58	67830	255	0	255	255	255	1370.297	776.060	0	8.729	1.795	9.051	1370.298	776.060	0	1359	767	0	21	19	0
18	18	18	12	4590	255	0	255	255	255	514.500	771.500	0	1.994	0.456	1.851	514.500	771.500	0	513	769	0	4	6	0
37	37	37	21	9435	255	0	255	255	255	327.757	771.487	0	3.096	1.100	3.132	327.757	771.487	0	323	770	0	10	5	0
67	67	67	25	17085	255	0	255	255	255	299.731	776.134	0	4.217	0.744	4.172	299.731	776.134	0	294	773	0	12	8	0
30	30	30	15	7650	255	0	255	255	255	1350.300	776.433	0	2.671	0.335	2.710	1350.300	776.433	0	1347	774	0	7	6	0
80	80	80	28	20400	255	0	255	255	255	476.725	780.925	0	4.612	0.557	4.678	476.725	780.925	0	472	776	0	10	11	0
230	230	230	62	58650	255	0	255	255	255	404.222	784.448	0	8.490	2.938	8.373	404.222	784.448	0	390	777	0	26	16	0
63	63	63	29	16065	255	0	255	255	255	502.190	782.571	0	4.079	1.331	4.069	502.190	782.571	0	496	778	0	12	9	0
866	866	866	201	220830	255	0	255	255	255	1335.320	796.864	0	18.099	8.761	16.720	1335.319	796.866	0	1298	779	0	64	34	0
10	10	10	10	2550	255	0	255	255	255	370.100	783.400	0	1.470	0.795	1.212	370.100	783.400	0	368	783	0	6	2	0
16	16	16	13	4080	255	0	255	255	255	533.500	786.562	0	1.922	0.726	1.641	533.500	786.562	0	530	785	0	7	4	0
490	490	490	106	124950	255	0	255	255	255	458.416	800.141	0	11.687	4.076	11.870	458.417	800.140	0	444	789	0	32	27	0
205	205	205	51	52275	255	0	255	255	255	292.937	800.395	0	7.773	1.950	7.817	292.937	800.395	0	285	790	0	15	20	0
69	69	69	37	17595	255	0	255	255	255	212.406	796.493	0	4.933	2.465	5.234	212.406	796.493	0	206	792	0	16	11	0
71	71	71	31	18105	255	0	255	255	255	510.113	804.014	0	4.743	1.823	4.986	510.113	804.014	0	504	799	0	13	12	0
57	57	57	26	14535	255	0	255	255	255	131.421	806.175	0	3.943	1.178	3.858	131.421	806.175	0	126	803	0	12	8	0
41	41	41	20	10455	255	0	255	255	255	1376.659	807.463	0	3.204	0.739	3.217	1376.659	807.463	0	1374	804	0	6	9	0
46	46	46	19	11730	255	0	255	255	255	420.783	809.935	0	3.405	0.335	3.389	420.783	809.935	0	417	806	0	8	8	0
64	64	64	26	16320	255	0	255	255	255	1284.328	812.062	0	4.064	0.905	4.276	1284.328	812.062	0	1281	807	0	8	11	0
15	15	15	10	3825	255	0	255	255	255	214.133	812.467	0	1.754	0.271	1.807	214.133	812.467	0	212	811	0	5	4	0
173	173	173	46	44115	255	0	255	255	255	348.751	820.763	0	6.989	1.401	7.355	348.751	820.763	0	342	813	0	14	17	0
15	15	15	11	3825	255	0	255	255	255	468.867	815.533	0	1.811	0.482	1.854	468.867	815.533	0	467	814	0	5	4	0
279	279	279	89	71145	255	0	255	255	255	1300.885	825.115	0	8.452	2.706	8.478	1300.886	825.115	0	1291	814	0	21	23	0
54	54	54	26	13770	255	0	255	255	255	322.407	820.482	0	3.695	0.864	3.772	322.407	820.482	0	318	817	0	9	9	0
184	184	184	48	46920	255	0	255	255	255	523.255	829.641	0	7.456	1.757	6.877	523.256	829.641	0	518	819	0	12	21	0
174	174	174	51	44370	255	0	255	255	255	1278.649	827.069	0	7.477	2.139	7.351	1278.651	827.069	0	1270	820	0	21	15	0
11	11	11	10	2805	255	0	255	255	255	239.909	825.727	0	1.442	0.496	1.294	239.909	825.727	0	238	825	0	5	3	0
74	74	74	29	18870	255	0	255	255	255	431.459	830.405	0	4.613	1.401	4.618	431.459	830.405	0	426	825	0	13	11	0
75	75	75	26	19125	255	0	255	255	255	407.613	838.520	0	4.436	0.470	4.457	407.613	838.520	0	403	834	0	10	10	0
10	10	10	8	2550	255	0	255	255	255	1226.500	836.800	0	1.364	0.301	1.407	1226.500	836.800	0	1225	836	0	4	3	0
294	294	294	78	74970	255	0	255	255	255	1234.622	848.820	0	10.030	3.141	9.780	1234.623	848.820	0	1224	837	0	24	28	0
285	285	285	90	72675	255	0	255	255	255	483.632	851.688	0	10.099	4.256	10.347	483.633	851.688	0	473	838	0	22	31	0
309	309	309	62	78795	255	0	255	255	255	1350.651	845.194	0	9.542	1.593	9.831	1350.651	845.194	0	1340	838	0	22	16	0
30	30	30	16	7650	255	0	255	255	255	1260.533	841.467	0	2.632	0.266	2.582	1260.533	841.467	0	1258	839	0	6	6	0
20	20	20	12	5100	255	0	255	255	255	1252.750	843.050	0	2.119	0.289	2.077	1252.750	843.050	0	1251	841	0	5	5	0
78	78	78	28	19890	255	0	255	255	255	1205.000	848.551	0	4.598	1.089	4.831	1205.000	848.551	0	1200	843	0	10	12	0
83	83	83	35	21165	255	0	255	255	255	505.470	853.506	0	5.147	1.752	4.967	505.470	853.506	0	502	845	0	8	16	0
35	35	35	18	8925	255	0	255	255	255	269.057	850.514	0	2.871	0.732	3.166	269.057	850.514	0	267	847	0	5	8	0
79	79	79	35	20145	255	0	255	255	255	218.013	854.114	0	5.135	2.212	5.284	218.013	854.114	0	212	848	0	14	13	0
87	87	87	28	22185	255	0	255	255	255	1184.977	852.713	0	4.832	0.382	4.813	1184.978	852.713	0	1180	848	0	11	10	0
80	80	80	27	20400	255	0	255	255	255	393.050	856.612	0	4.756	1.069	4.988	393.050	856.613	0	387	852	0	12	11	0
31	31	31	16	7905	255	0	255	255	255	1251.613	854.806	0	2.721	0.596	2.729	1251.613	854.806	0	1248	852	0	8	6	0
19	19	19	14	4845	255	0	255	255	255	432.368	855.421	0	1.995	0.468	1.910	432.368	855.421	0	430	853	0	5	6	0
25	25	25	15	6375	255	0	255	255	255	1327.320	855.640	0	2.370	0.461	2.382	1327.320	855.640	0	1325	854	0	6	5	0
39	39	39	18	9945	255	0	255	255	255	1147.077	859.872	0	3.104	0.378	3.104	1147.077	859.872	0	1144	857	0	7	7	0
47	47	47	20	11985	255	0	255	255	255	297.681	863.447	0	3.451	0.750	3.410	297.681	863.447	0	295	859	0	6	10	0
43	43	43	20	10965	255	0	255	255	255	1259.395	861.349	0	3.325	0.635	3.384	1259.395	861.349	0	1255	859	0	9	7	0
24	24	24	14	6120	255	0	255	255	255	1337.500	861.917	0	2.306	0.301	2.434	1337.500	861.917	0	1335	860	0	6	5	0
250	250	250	77	63750	255	0	255	255	255	1125.312	868.796	0	8.655	2.523	8.847	1125.313	868.796	0	1112	862	0	25	19	0
21	21	21	13	5355	255	0	255	255	255	1329.381	866.571	0	2.140	0.450	2.159	1329.381	866.571	0	1327	865	0	6	4	0
22	22	22	14	5610	255	0	255	255	255	279.227	868.227	0	2.304	0.606	2.239	279.227	868.227	0	276	866	0	7	5	0
230	230	230	68	58650	255	0	255	255	255	1104.761	875.826	0	8.212	2.761	8.652	1104.762	875.827	0	1095	866	0	21	21	0
325	325	325	62	82875	255	0	255	255	255	1293.215	879.754	0	9.699	1.448	9.596	1293.217	879.754	0	1283	868	0	20	25	0
343	343	343	90	87465	255	0	255	255	255	1071.204	878.717	0	9.628	4.015	10.242	1071.206	878.717	0	1058	870	0	30	21	0
26	26	26	15	6630	255	0	255	255	255	1227.731	872.346	0	2.438	0.380	2.394	1227.731	872.346	0	1226	870	0	5	6	0
111	111	111	40	28305	255	0	255	255	255	1244.387	874.577	0	5.757	2.176	5.940	1244.388	874.577	0	1235	870	0	18	9	0
39	39	39	20	9945	255	0	255	255	255	1319.487	873.641	0	3.085	0.495	2.991	1319.487	873.641	0	1317	871	0	7	7	0
11	11	11	9	2805	255	0	255	255	255	446.091	874.636	0	1.418	0.316	1.367	446.091	874.636	0	445	873	0	3	4	0
76	76	76	26	19380	255	0	255	255	255	1041.211	879.105	0	4.479	0.452	4.344	1041.211	879.105	0	1036	875	0	11	9	0
15	15	15	11	3825	255	0	255	255	255	1268.600	877.600	0	1.719	0.250	1.649	1268.600	877.600	0	1267	876	0	4	4	0
120	120	120	39	30600	255	0	255	255	255	453.233	887.942	0	6.031	1.838	6.199	453.233	887.941	0	448	880	0	11	18	0
71	71	71	25	18105	255	0	255	255	255	1016.070	885.944	0	4.343	0.484	4.195	1016.070	885.944	0	1012	882	0	10	9	0
68	68	68	36	17340	255	0	255	255	255	1269.044	890.162	0	4.452	1.885	4.355	1269.044	890.162	0	1265	882	0	10	15	0
215	215	215	62	54825	255	0	255	255	255	990.065	894.940	0	8.453	3.262	8.960	990.066	894.940	0	978	885	0	22	22	0
52	52	52	27	13260	255	0	255	255	255	1146.827	892.135	0	3.808	1.495	3.814	1146.827	892.135	0	1145	886	0	5	13	0
48	48	48	21	12240	255	0	255	255	255	1156.583	889.375	0	3.474	0.579	3.473	1156.583	889.375	0	1153	886	0	8	8	0
291	291	291	67	74205	255	0	255	255	255	1244.210	893.161	0	9.763	3.185	10.403	1244.211	893.161	0	1232	886	0	28	18	0
16	16	16	13	4080	255	0	255	255	255	334.812	891.250	0	2.092	1.031	1.929	334.812	891.250	0	334	887	0	3	8	0
188	188	188	64	47940	255	0	255	255	255	1207.415	901.080	0	8.553	3.852	8.698	1207.415	901.080	0	1201	887	0	13	31	0
89	89	89	28	22695	255	0	255	255	255	495.944	893.337	0	4.875	0.298	4.826	495.944	893.337	0	491	889	0	11	10	0
23	23	23	16	5865	255	0	255	255	255	351.609	891.870	0	2.521	1.007	2.431	351.609	891.870	0	349	890	0	8	5	0
71	71	71	26	18105	255	0	255	255	255	317.113	898.197	0	4.298	0.345	4.284	317.113	898.197	0	313	894	0	9	10	0
223	223	223	54	56865	255	0	255	255	255	964.812	901.157	0	8.434	2.408	8.267	964.813	901.158	0	953	894	0	24	15	0
24	24	24	15	6120	255	0	255	255	255	371.167	897.333	0	2.312	0.550	2.478	371.167	897.333	0	369	895	0	5	6	0
284	284	284	72	72420	255	0	255	255	255	919.338	905.173	0	10.102	4.130	9.889	919.339	905.173	0	903	899	0	33	13	0
37	37	37	19	9435	255	0	255	255	255	1175.486	902.811	0	2.999	0.630	3.180	1175.486	902.811	0	1172	900	0	8	7	0
28	28	28	17	7140	255	0	255	255	255	942.536	903.250	0	2.593	0.821	2.685	942.536	903.250	0	939	901	0	8	5	0
100	100	100	46	25500	255	0	255	255	255	522.460	911.550	0	5.878	2.375	5.141	522.460	911.550	0	515	903	0	13	16	0
12	12	12	11	3060	255	0	255	255	255	1073.083	904.583	0	1.542	0.592	1.419	1073.083	904.583	0	1071	903	0	5	4	0
13	13	13	11	3315	255	0	255	255	255	1228.154	905.769	0	1.617	0.504	1.494	1228.154	905.769	0	1227	904	0	3	5	0
56	56	56	23	14280	255	0	255	255	255	340.929	910.714	0	3.777	0.578	3.866	340.929	910.714	0	337	907	0	8	9	0
434	434	434	99	110670	255	0	255	255	255	1179.961	921.871	0	11.270	3.585	11.288	1179.961	921.871	0	1164	907	0	30	31	0
47	47	47	19	11985	255	0	255	255	255	972.553	912.106	0	3.456	0.483	3.473	972.553	912.106	0	969	908	0	8	9	0
10	10	10	8	2550	255	0	255	255	255	1075.200	909.400	0	1.385	0.457	1.378	1075.200	909.400	0	1074	908	0	4	4	0
50	50	50	28	12750	255	0	255	255	255	165.200	914.360	0	3.732	1.483	4.105	165.200	914.360	0	162	909	0	7	11	0
69	69	69	34	17595	255	0	255	255	255	869.797	913.594	0	4.826	1.724	4.745	869.797	913.594	0	861	910	0	15	8	0
20	20	20	13	5100	255	0	255	255	255	557.100	913.450	0	2.126	0.510	1.978	557.100	913.450	0	555	911	0	6	5	0
26	26	26	14	6630	255	0	255	255	255	1067.308	914.192	0	2.439	0.366	2.461	1067.308	914.192	0	1065	912	0	6	6	0
15	15	15	10	3825	255	0	255	255	255	851.533	914.867	0	1.754	0.271	1.807	851.533	914.867	0	850	913	0	4	5	0
81	81	81	42	20655	255	0	255	255	255	602.901	923.988	0	5.039	2.221	5.386	602.901	923.988	0	598	916	0	9	16	0
26	26	26	20	6630	255	0	255	255	255	291.385	923.192	0	2.404	0.807	2.555	291.385	923.192	0	289	920	0	6	6	0
39	39	39	19	9945	255	0	255	255	255	571.923	922.692	0	3.065	0.386	3.092	571.923	922.692	0	569	920	0	7	7	0
109	109	109	39	27795	255	0	255	255	255	1058.789	928.202	0	5.612	2.096	5.773	1058.789	928.202	0	1055	920	0	9	17	0
161	161	161	58	41055	255	0	255	255	255	1138.963	930.161	0	6.981	2.589	7.182	1138.964	930.162	0	1133	920	0	17	19	0
64	64	64	24	16320	255	0	255	255	255	307.688	929.000	0	4.087	0.564	3.949	307.688	929.000	0	304	924	0	8	11	0
26	26	26	15	6630	255	0	255	255	255	1050.846	926.346	0	2.425	0.335	2.479	1050.846	926.346	0	1049	924	0	5	6	0
48	48	48	23	12240	255	0	255	255	255	1023.021	928.854	0	3.552	0.779	3.307	1023.021	928.854	0	1020	925	0	7	10	0
65	65	65	24	16575	255	0	255	255	255	528.477	929.631	0	4.108	0.582	4.195	528.477	929.631	0	524	926	0	10	8	0
43	43	43	18	10965	255	0	255	255	255	1164.930	934.465	0	3.283	0.289	3.274	1164.930	934.465	0	1162	931	0	7	8	0
12	12	12	10	3060	255	0	255	255	255	375.833	934.917	0	1.617	0.565	1.758	375.833	934.917	0	374	933	0	4	5	0
10	10	10	9	2550	255	0	255	255	255	1026.100	937.300	0	1.403	0.591	1.304	1026.100	937.300	0	1025	935	0	3	5	0
20	20	20	12	5100	255	0	255	255	255	917.750	938.250	0	2.097	0.262	2.151	917.750	938.250	0	916	936	0	5	5	0
84	84	84	37	21420	255	0	255	255	255	488.655	941.500	0	5.148	1.832	5.060	488.655	941.500	0	482	938	0	16	9	0
16	16	16	11	4080	255	0	255	255	255	893.688	940.500	0	1.842	0.404	1.760	893.688	940.500	0	892	938	0	4	6	0
24	24	24	18	6120	255	0	255	255	255	318.958	940.292	0	2.430	1.117	2.539	318.958	940.292	0	315	939	0	8	4	0
297	297	297	60	75735	255	0	255	255	255	1121.313	949.815	0	9.284	1.716	9.724	1121.314	949.815	0	1110	939	0	23	21	0
64	64	64	26	16320	255	0	255	255	255	553.781	944.641	0	4.156	0.909	4.312	553.781	944.641	0	550	940	0	9	11	0
57	57	57	30	14535	255	0	255	255	255	1034.982	943.123	0	4.029	1.672	4.474	1034.982	943.123	0	1029	940	0	13	7	0
24	24	24	15	6120	255	0	255	255	255	1055.083	942.708	0	2.381	0.620	2.311	1055.083	942.708	0	1052	940	0	6	6	0
10	10	10	8	2550	255	0	255	255	255	1103.800	942.500	0	1.364	0.301	1.407	1103.800	942.500	0	1103	941	0	3	4	0
42	42	42	20	10710	255	0	255	255	255	611.119	946.786	0	3.223	0.552	3.171	611.119	946.786	0	607	943	0	8	8	0
61	61	61	28	15555	255	0	255	255	255	204.279	949.180	0	3.945	1.279	3.973	204.279	949.180	0	200	944	0	10	10	0
36	36	36	18	9180	255	0	255	255	255	908.861	946.333	0	2.960	0.524	3.018	908.861	946.333	0	905	944	0	8	6	0
203	203	203	48	51765	255	0	255	255	255	1091.266	951.153	0	7.677	1.592	7.917	1091.267	951.153	0	1083	944	0	20	15	0
15	15	15	10	3825	255	0	255	255	255	790.067	949.733	0	1.802	0.366	1.843	790.067	949.733	0	788	948	0	5	4	0
30	30	30	16	7650	255	0	255	255	255	884.467	951.367	0	2.635	0.246	2.643	884.467	951.367	0	882	949	0	6	6	0
24	24	24	14	6120	255	0	255	255	255	365.208	954.250	0	2.364	0.386	2.296	365.208	954.250	0	363	952	0	6	6	0
95	95	95	30	24225	255	0	255	255	255	567.505	959.516	0	5.060	0.607	5.048	567.505	959.516	0	563	954	0	10	12	0
14	14	14	10	3570	255	0	255	255	255	801.286	961.143	0	1.677	0.382	1.720	801.286	961.143	0	799	960	0	5	4	0
35	35	35	17	8925	255	0	255	255	255	494.714	963.543	0	2.906	0.344	2.773	494.714	963.543	0	492	961	0	7	7	0
161	161	161	42	41055	255	0	255	255	255	542.304	968.783	0	6.725	1.066	6.791	542.305	968.782	0	536	961	0	14	16	0
29	29	29	16	7395	255	0	255	255	255	874.621	965.966	0	2.616	0.513	2.581	874.621	965.966	0	872	963	0	6	7	0
37	37	37	19	9435	255	0	255	255	255	1049.459	965.811	0	3.015	0.511	2.862	1049.459	965.811	0	1046	963	0	8	7	0
19	19	19	12	4845	255	0	255	255	255	773.053	966.158	0	2.023	0.271	2.097	773.053	966.158	0	771	964	0	5	5	0
13	13	13	10	3315	255	0	255	255	255	602.231	971.385	0	1.584	0.321	1.608	602.231	971.385	0	601	970	0	4	4	0
22	22	22	16	5610	255	0	255	255	255	937.364	976.045	0	2.221	0.927	2.457	937.364	976.045	0	935	974	0	7	6	0
150	150	150	41	38250	255	0	255	255	255	949.560	980.647	0	6.445	0.864	6.493	949.561	980.647	0	943	974	0	14	14	0
109	109	109	35	27795	255	0	255	255	255	972.661	978.248	0	5.475	1.135	5.607	972.661	978.248	0	966	974	0	14	10	0
299	299	299	57	76245	255	0	255	255	255	469.378	984.191	0	9.292	1.087	9.482	469.379	984.191	0	460	975	0	21	19	0
89	89	89	33	22695	255	0	255	255	255	552.438	983.191	0	5.013	1.867	5.421	552.438	983.191	0	548	976	0	10	16	0
42	42	42	20	10710	255	0	255	255	255	496.738	980.762	0	3.221	0.483	3.260	496.738	980.762	0	493	978	0	8	7	0
205	205	205	54	52275	255	0	255	255	255	903.395	989.127	0	8.244	2.672	8.416	903.396	989.127	0	893	982	0	25	15	0
12	12	12	9	3060	255	0	255	255	255	703.333	984.667	0	1.593	0.379	1.491	703.333	984.667	0	702	983	0	4	4	0
227	227	227	75	57885	255	0	255	255	255	535.255	993.749	0	9.832	4.726	9.357	535.256	993.748	0	521	985	0	34	17	0
562	562	562	142	143310	255	0	255	255	255	694.046	997.306	0	13.075	5.524	11.530	694.048	997.306	0	673	986	0	46	22	0
99	99	99	33	25245	255	0	255	255	255	332.838	994.061	0	5.343	1.383	5.913	332.838	994.061	0	327	988	0	12	13	0
36	36	36	19	9180	255	0	255	255	255	936.194	995.028	0	2.942	0.432	2.979	936.194	995.028	0	933	992	0	7	7	0
168	168	168	61	42840	255	0	255	255	255	911.911	1002.131	0	8.835	4.260	8.193	911.912	1002.130	0	902	993	0	27	17	0
54	54	54	22	13770	255	0	255	255	255	424.333	1002.296	0	3.722	0.458	3.726	424.333	1002.296	0	421	998	0	8	9	0
30	30	30	21	7650	255	0	255	255	255	836.533	1001.833	0	2.740	1.199	2.654	836.533	1001.833	0	835	998	0	5	9	0
22	22	22	14	5610	255	0	255	255	255	844.773	1000.455	0	2.268	0.677	2.379	844.773	1000.455	0	842	998	0	6	6	0
54	54	54	23	13770	255	0	255	255	255	308.556	1005.741	0	3.718	0.636	3.611	308.556	1005.741	0	304	1002	0	9	9	0
53	53	53	23	13515	255	0	255	255	255	406.925	1008.679	0	3.643	0.509	3.680	406.925	1008.679	0	403	1005	0	8	9	0
69	69	69	26	17595	255	0	255	255	255	876.609	1009.768	0	4.326	0.986	3.922	876.609	1009.768	0	871	1006	0	12	8	0
38	38	38	20	9690	255	0	255	255	255	848.632	1009.947	0	3.031	0.660	3.192	848.632	1009.947	0	845	1007	0	8	6	0
10	10	10	8	2550	255	0	255	255	255	707.800	1009.500	0	1.364	0.301	1.407	707.800	1009.500	0	707	1008	0	3	4	0
82	82	82	30	20910	255	0	255	255	255	493.768	1013.561	0	4.751	1.232	4.840	493.768	1013.561	0	488	1009	0	12	11	0
26	26	26	18	6630	255	0	255	255	255	699.846	1012.769	0	2.800	1.281	2.876	699.846	1012.769	0	697	1010	0	9	7	0
22	22	22	13	5610	255	0	255	255	255	254.182	1014.591	0	2.204	0.434	2.300	254.182	1014.591	0	252	1012	0	5	6	0
168	168	168	43	42840	255	0	255	255	255	614.161	1020.905	0	6.861	1.053	7.132	614.161	1020.905	0	607	1014	0	16	15	0
41	41	41	20	10455	255	0	255	255	255	841.415	1017.634	0	3.154	0.473	3.032	841.415	1017.634	0	838	1015	0	8	7	0
33	33	33	17	8415	255	0	255	255	255	834.182	1023.485	0	2.845	0.607	2.752	834.182	1023.485	0	832	1020	0	6	8	0
78	78	78	26	19890	255	0	255	255	255	691.205	1026.321	0	4.560	0.621	4.507	691.205	1026.321	0	686	1022	0	12	9	0
20	20	20	14	5100	255	0	255	255	255	711.650	1024.350	0	2.125	0.518	2.021	711.650	1024.350	0	709	1023	0	6	4	0
80	80	80	30	20400	255	0	255	255	255	807.675	1026.800	0	4.779	1.307	4.535	807.675	1026.800	0	800	1023	0	15	9	0
14	14	14	10	3570	255	0	255	255	255	402.500	1029.500	0	1.689	0.228	1.581	402.500	1029.500	0	401	1028	0	4	4	0
91	91	91	36	23205	255	0	255	255	255	475.791	1041.791	0	4.947	1.743	5.446	475.791	1041.791	0	470	1036	0	12	13	0
12	12	12	9	3060	255	0	255	255	255	611.667	1037.667	0	1.593	0.379	1.491	611.667	1037.667	0	610	1036	0	4	4	0
40	40	40	24	10200	255	0	255	255	255	560.200	1041.600	0	3.416	1.343	3.331	560.200	1041.600	0	557	1037	0	8	11	0
39	39	39	18	9945	255	0	255	255	255	514.385	1044.154	0	3.102	0.386	3.171	514.385	1044.154	0	511	1041	0	8	7	0
32	32	32	17	8160	255	0	255	255	255	740.562	1045.625	0	2.751	0.422	2.685	740.562	1045.625	0	738	1043	0	6	7	0
40	40	40	19	10200	255	0	255	255	255	448.750	1047.775	0	3.165	0.573	3.164	448.750	1047.775	0	445	1045	0	8	6	0
26	26	26	13	6630	255	0	255	255	255	491.654	1048.346	0	2.496	0.222	2.436	491.654	1048.346	0	489	1046	0	6	6	0
29	29	29	17	7395	255	0	255	255	255	433.793	1048.759	0	2.626	0.827	2.822	433.793	1048.759	0	430	1047	0	8	5	0
59	59	59	25	15045	255	0	255	255	255	507.729	1053.898	0	3.881	0.611	3.888	507.729	1053.898	0	504	1050	0	9	9	0
36	36	36	17	9180	255	0	255	255	255	533.972	1054.278	0	2.986	0.634	3.040	533.972	1054.278	0	531	1050	0	7	9	0
13	13	13	10	3315	255	0	255	255	255	401.154	1062.692	0	1.606	0.373	1.628	401.154	1062.692	0	399	1061	0	5	4	0
20	20	20	13	5100	255	0	255	255	255	512.250	1065.700	0	2.105	0.497	2.110	512.250	1065.700	0	511	1063	0	4	6	0
