Volume (pixel^3)	Surface (pixel^2)	Nb of obj. voxels	Nb of surf. voxels	IntDen	Mean	StdDev	Median	Min	Max	X	Y	Z	Mean dist. to surf. (pixel)	SD dist. to surf. (pixel)	Median dist. to surf. (pixel)	XM	YM	ZM	BX	BY	BZ	B-width	B-height	B-depth
26248	26248	26248	11950	6693240	255	0	255	255	255	961.817	655.061	0	826.068	157.152	834.599	961.961	655.044	0	0	0	0	1892	1332	0
33	33	33	18	8415	255	0	255	255	255	1634.303	370.576	0	2.768	0.327	2.741	1634.303	370.576	0	1632	368	0	6	6	0
277	277	277	68	70635	255	0	255	255	255	1620.758	402.776	0	8.855	3.699	9.322	1620.759	402.776	0	1609	392	0	25	22	0
127	127	127	36	32385	255	0	255	255	255	1471.504	421.898	0	6.037	1.060	5.955	1471.505	421.898	0	1466	414	0	13	15	0
35	35	35	22	8925	255	0	255	255	255	1513.600	427.086	0	3.134	1.208	3.128	1513.600	427.086	0	1511	423	0	8	9	0
418	418	418	77	106590	255	0	255	255	255	1596.883	437.065	0	11.830	3.802	12.117	1596.884	437.065	0	1581	424	0	31	25	0
22	22	22	13	5610	255	0	255	255	255	1454.682	438.682	0	2.198	0.477	2.340	1454.682	438.682	0	1452	437	0	6	5	0
23	23	23	13	5865	255	0	255	255	255	1283.696	441.478	0	2.327	0.550	2.363	1283.696	441.478	0	1281	439	0	6	6	0
234	234	234	54	59670	255	0	255	255	255	1444.214	455.739	0	8.278	2.243	8.566	1444.215	455.739	0	1435	446	0	20	21	0
93	93	93	31	23715	255	0	255	255	255	1515.645	453.204	0	5.012	0.613	4.853	1515.646	453.204	0	1510	449	0	12	10	0
806	806	806	96	205530	255	0	255	255	255	1564.960	462.440	0	15.675	1.904	15.894	1564.960	462.440	0	1548	449	0	34	32	0
285	285	285	77	72675	255	0	255	255	255	1424.270	478.895	0	9.348	4.234	10.008	1424.271	478.895	0	1414	465	0	21	28	0
164	164	164	46	41820	255	0	255	255	255	1459.421	480.701	0	7.011	1.685	6.528	1459.422	480.701	0	1451	474	0	17	15	0
68	68	68	25	17340	255	0	255	255	255	1530.162	488.750	0	4.189	0.285	4.218	1530.162	488.750	0	1526	485	0	9	9	0
502	502	502	95	128010	255	0	255	255	255	1509.885	509.886	0	13.431	5.462	12.791	1509.885	509.887	0	1499	488	0	22	43	0
89	89	89	29	22695	255	0	255	255	255	1471.506	497.494	0	5.066	1.312	5.140	1471.506	497.494	0	1465	493	0	14	11	0
240	240	240	65	61200	255	0	255	255	255	1399.738	506.096	0	8.843	3.295	9.183	1399.738	506.096	0	1388	494	0	22	23	0
315	315	315	56	80325	255	0	255	255	255	1478.806	512.502	0	9.621	0.964	9.636	1478.808	512.501	0	1468	503	0	23	19	0
19	19	19	13	4845	255	0	255	255	255	1441.368	514.105	0	2.047	0.511	1.997	1441.368	514.105	0	1439	512	0	5	6	0
80	80	80	31	20400	255	0	255	255	255	1413.250	527.175	0	4.696	1.252	4.711	1413.251	527.175	0	1407	524	0	13	8	0
377	377	377	60	96135	255	0	255	255	255	1374.767	536.127	0	10.534	0.627	10.510	1374.768	536.127	0	1364	525	0	23	23	0
18	18	18	11	4590	255	0	255	255	255	1480.611	532.278	0	1.980	0.399	1.887	1480.611	532.278	0	1479	530	0	4	6	0
254	254	254	131	64770	255	0	255	255	255	1210.335	548.425	0	9.748	4.356	9.996	1210.335	548.425	0	1194	540	0	34	19	0
141	141	141	40	35955	255	0	255	255	255	1128.965	548.915	0	6.305	0.861	6.244	1128.965	548.915	0	1122	543	0	15	14	0
215	215	215	48	54825	255	0	255	255	255	1348.163	554.233	0	7.925	1.682	8.181	1348.164	554.233	0	1341	544	0	15	21	0
370	370	370	71	94350	255	0	255	255	255	1470.978	553.757	0	10.946	3.547	11.024	1470.980	553.757	0	1458	544	0	29	23	0
87	87	87	31	22185	255	0	255	255	255	1409.517	556.897	0	4.894	1.123	5.314	1409.518	556.897	0	1405	551	0	10	13	0
133	133	133	48	33915	255	0	255	255	255	1123.489	569.361	0	6.349	2.051	6.211	1123.489	569.361	0	1116	562	0	19	14	0
153	153	153	40	39015	255	0	255	255	255	1378.922	568.752	0	6.564	1.222	6.561	1378.923	568.752	0	1371	564	0	17	11	0
45350	45350	45350	2465	11564250	255	0	255	255	255	748.822	732.068	0	236.414	119.631	239.552	749.127	731.912	0	313	565	0	807	276	0
69	69	69	26	17595	255	0	255	255	255	1452.551	569.928	0	4.217	0.396	4.149	1452.551	569.928	0	1449	565	0	9	10	0
38	38	38	28	9690	255	0	255	255	255	1146.763	571.816	0	3.172	1.201	3.184	1146.763	571.816	0	1142	568	0	11	7	0
592	592	592	88	150960	255	0	255	255	255	1429.534	580.970	0	13.428	3.681	14.039	1429.535	580.969	0	1412	570	0	38	24	0
73	73	73	29	18615	255	0	255	255	255	1135.548	579.808	0	4.449	0.833	4.552	1135.548	579.808	0	1131	575	0	10	11	0
21	21	21	13	5355	255	0	255	255	255	1320.286	584.238	0	2.168	0.408	2.181	1320.286	584.238	0	1318	582	0	6	5	0
178	178	178	42	45390	255	0	255	255	255	1390.730	593.916	0	7.210	1.295	7.384	1390.731	593.916	0	1383	585	0	18	18	0
417	417	417	78	106335	255	0	255	255	255	1317.645	601.683	0	11.529	3.088	11.231	1317.646	601.684	0	1303	592	0	32	21	0
62	62	62	23	15810	255	0	255	255	255	1369.306	598.774	0	3.996	0.395	3.986	1369.307	598.774	0	1365	595	0	10	9	0
111	111	111	46	28305	255	0	255	255	255	1365.604	611.955	0	6.228	2.169	5.842	1365.604	611.955	0	1356	607	0	18	12	0
12	12	12	10	3060	255	0	255	255	255	1080.000	610.250	0	1.544	0.444	1.425	1080.000	610.250	0	1078	608	0	4	5	0
298	298	298	77	75990	255	0	255	255	255	1284.483	627.171	0	9.506	4.197	10.365	1284.485	627.171	0	1276	612	0	18	30	0
35	35	35	27	8925	255	0	255	255	255	1077.829	620.114	0	3.367	1.456	3.173	1077.829	620.114	0	1073	615	0	9	11	0
102	102	102	31	26010	255	0	255	255	255	1297.216	623.765	0	5.283	0.485	5.294	1297.216	623.765	0	1291	618	0	12	12	0
462	462	462	84	117810	255	0	255	255	255	1330.686	637.004	0	12.169	3.948	12.045	1330.687	637.004	0	1318	622	0	28	31	0
114	114	114	34	29070	255	0	255	255	255	1257.088	644.702	0	5.632	0.858	5.629	1257.088	644.702	0	1251	640	0	14	11	0
173	173	173	42	44115	255	0	255	255	255	1274.688	652.711	0	7.100	1.362	6.871	1274.689	652.711	0	1266	646	0	18	14	0
97	97	97	30	24735	255	0	255	255	255	1288.134	662.340	0	5.123	0.464	5.143	1288.135	662.340	0	1283	657	0	11	11	0
435	435	435	69	110925	255	0	255	255	255	1313.917	684.269	0	11.541	2.148	11.458	1313.918	684.269	0	1300	674	0	30	23	0
444	444	444	94	113220	255	0	255	255	255	1205.306	698.059	0	12.463	5.449	13.264	1205.307	698.059	0	1196	679	0	24	38	0
325	325	325	70	82875	255	0	255	255	255	1280.348	694.058	0	9.898	2.705	10.410	1280.348	694.059	0	1271	682	0	19	26	0
340	340	340	64	86700	255	0	255	255	255	1239.968	702.768	0	10.105	1.711	10.080	1239.969	702.768	0	1230	691	0	22	23	0
113	113	113	31	28815	255	0	255	255	255	1255.611	696.212	0	5.603	0.730	5.615	1255.611	696.212	0	1249	691	0	14	12	0
42	42	42	20	10710	255	0	255	255	255	1294.690	707.762	0	3.249	0.606	3.147	1294.690	707.762	0	1291	705	0	8	7	0
70	70	70	25	17850	255	0	255	255	255	1228.971	713.871	0	4.310	0.496	4.184	1228.972	713.871	0	1225	709	0	9	10	0
314	314	314	56	80070	255	0	255	255	255	1174.596	722.854	0	9.573	0.822	9.576	1174.597	722.854	0	1165	712	0	20	21	0
211	211	211	50	53805	255	0	255	255	255	1268.640	722.156	0	7.741	1.477	8.058	1268.641	722.156	0	1260	716	0	19	13	0
84	84	84	27	21420	255	0	255	255	255	1204.631	725.000	0	4.801	0.716	4.738	1204.632	725.000	0	1200	720	0	11	11	0
1295	1295	1295	186	330225	255	0	255	255	255	1232.228	750.510	0	18.684	7.242	19.815	1232.230	750.509	0	1214	724	0	49	51	0
635	635	635	101	161925	255	0	255	255	255	1157.315	751.676	0	13.805	4.975	14.679	1157.316	751.676	0	1142	734	0	34	34	0
367	367	367	70	93585	255	0	255	255	255	1196.714	769.736	0	10.450	3.021	11.375	1196.715	769.735	0	1186	756	0	25	27	0
2041	2041	2041	199	520455	255	0	255	255	255	1130.547	797.183	0	24.446	7.718	26.307	1130.545	797.182	0	1106	769	0	57	66	0
949	949	949	163	241995	255	0	255	255	255	1097.154	837.543	0	17.361	7.440	17.478	1097.155	837.543	0	1077	810	0	36	58	0
42	42	42	20	10710	255	0	255	255	255	1120.286	838.524	0	3.208	0.574	3.216	1120.286	838.524	0	1117	834	0	7	9	0
157	157	157	38	40035	255	0	255	255	255	1047.656	851.306	0	6.626	0.423	6.585	1047.657	851.306	0	1041	844	0	14	15	0
1125	1125	1125	168	286875	255	0	255	255	255	1046.750	883.215	0	19.071	8.147	19.108	1046.751	883.214	0	1020	866	0	63	35	0
136	136	136	37	34680	255	0	255	255	255	1007.765	885.846	0	6.145	0.491	6.123	1007.766	885.845	0	1002	879	0	12	14	0
228	228	228	48	58140	255	0	255	255	255	956.193	902.013	0	8.223	1.563	8.545	956.194	902.014	0	947	893	0	19	19	0
29	29	29	17	7395	255	0	255	255	255	995.862	898.862	0	2.710	0.833	2.865	995.862	898.862	0	993	896	0	7	7	0
15	15	15	13	3825	255	0	255	255	255	1061.000	900.600	0	1.867	0.956	2.040	1061.000	900.600	0	1058	899	0	7	4	0
121	121	121	35	30855	255	0	255	255	255	1017.719	908.455	0	5.884	1.231	5.848	1017.720	908.454	0	1013	901	0	11	15	0
72	72	72	26	18360	255	0	255	255	255	1008.583	924.889	0	4.528	1.001	4.719	1008.584	924.889	0	1004	920	0	11	11	0
177	177	177	43	45135	255	0	255	255	255	946.650	957.785	0	7.044	0.772	7.178	946.651	957.786	0	939	951	0	16	16	0
284	284	284	58	72420	255	0	255	255	255	873.310	990.313	0	9.089	1.422	9.066	873.311	990.313	0	863	981	0	21	19	0
319	319	319	81	81345	255	0	255	255	255	829.611	1031.586	0	9.795	4.793	10.397	829.612	1031.586	0	814	1020	0	29	23	0
377	377	377	69	96135	255	0	255	255	255	687.682	1103.302	0	10.855	2.705	10.389	687.683	1103.303	0	674	1092	0	28	21	0
343	343	343	62	87465	255	0	255	255	255	686.624	1130.085	0	10.149	1.650	10.318	686.625	1130.085	0	675	1121	0	24	20	0
