Volume (pixel^3)	Surface (pixel^2)	Nb of obj. voxels	Nb of surf. voxels	IntDen	Mean	StdDev	Median	Min	Max	X	Y	Z	Mean dist. to surf. (pixel)	SD dist. to surf. (pixel)	Median dist. to surf. (pixel)	XM	YM	ZM	BX	BY	BZ	B-width	B-height	B-depth
21775	21775	21775	10558	5552625	255	0	255	255	255	810.365	567.044	0	748.648	120.932	762.872	810.395	567.097	0	0	0	0	1610	1133	0
62	62	62	25	15810	255	0	255	255	255	1469.790	77.274	0	4.062	0.939	3.950	1469.791	77.274	0	1464	74	0	12	8	0
126	126	126	38	32130	255	0	255	255	255	1402.690	92.468	0	6.026	1.339	5.666	1402.691	92.468	0	1396	86	0	14	15	0
10	10	10	9	2550	255	0	255	255	255	1427.100	93.700	0	1.354	0.632	1.304	1427.100	93.700	0	1425	93	0	5	3	0
12	12	12	10	3060	255	0	255	255	255	1450.583	119.833	0	1.547	0.482	1.509	1450.583	119.833	0	1449	119	0	5	3	0
25	25	25	14	6375	255	0	255	255	255	1459.920	128.120	0	2.403	0.482	2.310	1459.920	128.120	0	1457	126	0	7	5	0
173	173	173	43	44115	255	0	255	255	255	1392.358	162.566	0	7.081	1.392	6.966	1392.360	162.566	0	1384	157	0	18	12	0
186	186	186	44	47430	255	0	255	255	255	1325.521	177.688	0	7.315	0.938	7.457	1325.522	177.688	0	1318	170	0	16	16	0
30	30	30	16	7650	255	0	255	255	255	1358.933	171.833	0	2.664	0.492	2.714	1358.933	171.833	0	1356	170	0	7	5	0
13	13	13	10	3315	255	0	255	255	255	1392.231	174.615	0	1.584	0.321	1.608	1392.231	174.615	0	1391	173	0	4	4	0
77	77	77	26	19635	255	0	255	255	255	1432.662	183.416	0	4.514	0.327	4.523	1432.663	183.416	0	1428	179	0	10	10	0
43	43	43	20	10965	255	0	255	255	255	1299.860	184.349	0	3.280	0.554	3.208	1299.860	184.349	0	1296	181	0	9	7	0
256	256	256	66	65280	255	0	255	255	255	1366.785	190.367	0	8.729	2.080	9.017	1366.787	190.367	0	1357	181	0	21	23	0
38	38	38	19	9690	255	0	255	255	255	1414.737	184.132	0	3.040	0.378	2.962	1414.737	184.132	0	1411	181	0	8	7	0
101	101	101	32	25755	255	0	255	255	255	1230.525	198.297	0	5.286	1.032	5.432	1230.526	198.297	0	1224	194	0	14	10	0
16	16	16	11	4080	255	0	255	255	255	1326.750	200.625	0	1.805	0.297	1.790	1326.750	200.625	0	1325	199	0	5	4	0
18	18	18	12	4590	255	0	255	255	255	1339.000	200.500	0	1.955	0.323	1.932	1339.000	200.500	0	1337	199	0	5	4	0
73	73	73	26	18615	255	0	255	255	255	1207.027	205.096	0	4.395	0.483	4.352	1207.028	205.096	0	1202	201	0	11	9	0
242	242	242	53	61710	255	0	255	255	255	1375.641	212.132	0	8.429	1.673	8.393	1375.642	212.132	0	1365	205	0	22	15	0
168	168	168	55	42840	255	0	255	255	255	1413.619	211.952	0	7.418	3.094	7.381	1413.620	211.952	0	1403	206	0	24	13	0
102	102	102	30	26010	255	0	255	255	255	1449.461	210.765	0	5.274	0.343	5.289	1449.461	210.765	0	1444	206	0	12	11	0
12	12	12	8	3060	255	0	255	255	255	1180.500	209.500	0	1.581	1.274E-7	1.581	1180.500	209.500	0	1179	208	0	4	4	0
56	56	56	25	14280	255	0	255	255	255	1435.536	212.286	0	3.797	1.013	4.150	1435.536	212.286	0	1431	209	0	10	8	0
92	92	92	28	23460	255	0	255	255	255	1271.315	217.272	0	4.997	0.493	4.961	1271.316	217.272	0	1266	212	0	12	11	0
18	18	18	12	4590	255	0	255	255	255	1199.667	216.000	0	1.942	0.315	1.986	1199.667	216.000	0	1198	214	0	4	5	0
32	32	32	18	8160	255	0	255	255	255	1152.188	217.812	0	2.777	0.632	2.702	1152.188	217.812	0	1149	216	0	8	5	0
181	181	181	64	46155	255	0	255	255	255	1250.326	224.657	0	7.418	2.337	7.463	1250.327	224.657	0	1241	216	0	22	19	0
56	56	56	22	14280	255	0	255	255	255	1462.500	220.071	0	3.829	0.530	3.905	1462.500	220.071	0	1459	216	0	8	10	0
130	130	130	37	33150	255	0	255	255	255	1200.515	227.754	0	6.051	0.916	5.872	1200.516	227.754	0	1195	221	0	13	14	0
65	65	65	34	16575	255	0	255	255	255	1093.523	225.954	0	4.416	2.083	4.633	1093.523	225.954	0	1087	222	0	14	10	0
191	191	191	43	48705	255	0	255	255	255	1075.785	230.581	0	7.408	0.858	7.353	1075.786	230.581	0	1067	224	0	18	15	0
26	26	26	14	6630	255	0	255	255	255	1141.731	230.846	0	2.469	0.353	2.461	1141.731	230.846	0	1139	228	0	6	6	0
35	35	35	17	8925	255	0	255	255	255	1157.171	230.343	0	2.933	0.529	2.904	1157.171	230.343	0	1154	228	0	8	6	0
50	50	50	22	12750	255	0	255	255	255	1325.220	232.640	0	3.560	0.567	3.472	1325.220	232.640	0	1322	228	0	7	9	0
89	89	89	36	22695	255	0	255	255	255	1108.281	236.135	0	4.809	1.822	4.824	1108.281	236.135	0	1101	232	0	15	9	0
14	14	14	11	3570	255	0	255	255	255	1119.143	233.929	0	1.659	0.477	1.567	1119.143	233.929	0	1117	233	0	5	3	0
75	75	75	26	19125	255	0	255	255	255	1281.800	239.307	0	4.453	0.549	4.463	1281.800	239.307	0	1277	235	0	11	10	0
372	372	372	90	94860	255	0	255	255	255	1252.140	246.645	0	11.175	4.464	11.708	1252.142	246.645	0	1236	236	0	34	21	0
22	22	22	14	5610	255	0	255	255	255	1429.500	237.364	0	2.195	0.480	2.220	1429.500	237.364	0	1427	236	0	6	4	0
12	12	12	9	3060	255	0	255	255	255	1055.583	240.000	0	1.566	0.382	1.583	1055.583	240.000	0	1054	238	0	4	5	0
25	25	25	14	6375	255	0	255	255	255	1378.800	241.560	0	2.404	0.354	2.415	1378.800	241.560	0	1377	239	0	5	6	0
18	18	18	11	4590	255	0	255	255	255	1027.278	244.111	0	1.983	0.246	2.022	1027.278	244.111	0	1025	242	0	5	5	0
203	203	203	50	51765	255	0	255	255	255	1405.473	250.517	0	7.794	1.639	7.916	1405.474	250.517	0	1396	242	0	19	17	0
96	96	96	32	24480	255	0	255	255	255	1365.938	248.385	0	5.132	1.121	5.331	1365.938	248.385	0	1360	244	0	13	10	0
24	24	24	14	6120	255	0	255	255	255	1232.333	249.375	0	2.338	0.548	2.346	1232.333	249.375	0	1229	247	0	7	5	0
83	83	83	27	21165	255	0	255	255	255	957.723	253.000	0	4.712	0.405	4.723	957.723	253.000	0	953	248	0	10	11	0
27	27	27	17	6885	255	0	255	255	255	1289.111	249.889	0	2.570	0.851	2.386	1289.111	249.889	0	1286	248	0	8	5	0
26	26	26	25	6630	255	0	255	255	255	1306.769	255.038	0	2.920	1.438	2.971	1306.769	255.038	0	1303	251	0	7	10	0
27	27	27	15	6885	255	0	255	255	255	938.518	257.481	0	2.525	0.517	2.564	938.518	257.481	0	936	255	0	6	6	0
144	144	144	41	36720	255	0	255	255	255	1250.674	262.806	0	6.363	1.042	6.511	1250.675	262.806	0	1245	255	0	14	16	0
65	65	65	32	16575	255	0	255	255	255	910.738	266.954	0	5.067	2.321	5.143	910.738	266.954	0	906	260	0	13	14	0
159	159	159	40	40545	255	0	255	255	255	1357.648	266.780	0	6.641	0.576	6.793	1357.649	266.780	0	1352	260	0	13	15	0
90	90	90	30	22950	255	0	255	255	255	1270.867	269.378	0	4.971	1.159	4.930	1270.868	269.378	0	1267	263	0	9	14	0
200	200	200	53	51000	255	0	255	255	255	1458.065	269.700	0	7.744	2.419	7.680	1458.066	269.700	0	1448	264	0	23	13	0
60	60	60	30	15300	255	0	255	255	255	1180.117	271.033	0	4.358	1.804	4.243	1180.117	271.033	0	1177	265	0	8	13	0
105	105	105	35	26775	255	0	255	255	255	884.229	271.952	0	5.375	1.349	5.518	884.229	271.952	0	878	267	0	14	11	0
83	83	83	38	21165	255	0	255	255	255	1288.349	272.554	0	5.227	1.970	4.974	1288.350	272.554	0	1279	269	0	17	9	0
1140	1140	1140	197	290700	255	0	255	255	255	830.072	293.523	0	22.779	10.902	22.216	830.072	293.523	0	792	273	0	79	42	0
145	145	145	43	36975	255	0	255	255	255	1412.917	279.131	0	6.512	1.736	6.388	1412.919	279.131	0	1406	273	0	18	12	0
13	13	13	11	3315	255	0	255	255	255	1172.846	276.154	0	1.691	0.673	1.632	1172.846	276.154	0	1172	274	0	3	6	0
12	12	12	9	3060	255	0	255	255	255	937.583	279.250	0	1.521	0.319	1.603	937.583	279.250	0	936	278	0	4	4	0
48	48	48	24	12240	255	0	255	255	255	947.625	280.438	0	3.559	1.264	3.741	947.625	280.438	0	942	278	0	11	6	0
178	178	178	41	45390	255	0	255	255	255	1315.028	284.792	0	7.076	0.675	7.131	1315.029	284.792	0	1307	278	0	17	14	0
26	26	26	15	6630	255	0	255	255	255	1372.038	289.692	0	2.413	0.328	2.422	1372.038	289.692	0	1370	287	0	5	6	0
54	54	54	29	13770	255	0	255	255	255	912.722	296.315	0	3.857	1.786	4.086	912.722	296.315	0	906	294	0	13	6	0
49	49	49	21	12495	255	0	255	255	255	1461.041	298.837	0	3.518	0.602	3.448	1461.041	298.837	0	1457	296	0	9	7	0
113	113	113	35	28815	255	0	255	255	255	1420.212	304.310	0	5.610	1.435	5.685	1420.213	304.310	0	1416	297	0	10	16	0
59	59	59	29	15045	255	0	255	255	255	863.542	302.763	0	3.941	1.220	3.754	863.542	302.763	0	858	299	0	12	10	0
35	35	35	17	8925	255	0	255	255	255	920.314	304.086	0	2.896	0.310	2.931	920.314	304.086	0	918	301	0	6	7	0
127	127	127	36	32385	255	0	255	255	255	784.276	308.520	0	5.912	0.475	5.851	784.276	308.520	0	778	302	0	13	14	0
208	208	208	65	53040	255	0	255	255	255	1449.284	312.091	0	7.545	2.995	7.560	1449.284	312.091	0	1438	305	0	24	15	0
30	30	30	18	7650	255	0	255	255	255	885.367	309.600	0	2.766	0.857	2.766	885.367	309.600	0	883	306	0	6	8	0
414	414	414	96	105570	255	0	255	255	255	903.077	320.623	0	11.267	2.296	11.406	903.079	320.623	0	888	307	0	28	28	0
39	39	39	18	9945	255	0	255	255	255	1345.077	314.538	0	3.073	0.297	3.124	1345.077	314.538	0	1342	311	0	7	8	0
72	72	72	26	18360	255	0	255	255	255	1374.222	316.264	0	4.331	0.568	4.369	1374.223	316.264	0	1370	312	0	10	10	0
781	781	781	175	199155	255	0	255	255	255	847.414	333.868	0	15.124	5.660	15.732	847.415	333.868	0	830	313	0	35	44	0
26	26	26	14	6630	255	0	255	255	255	927.846	318.385	0	2.442	0.280	2.492	927.846	318.385	0	925	316	0	6	6	0
19	19	19	12	4845	255	0	255	255	255	1482.474	318.632	0	2.006	0.391	2.030	1482.474	318.632	0	1481	316	0	4	6	0
3405	3405	3405	583	868275	255	0	255	255	255	762.782	364.353	0	36.403	15.580	37.010	762.782	364.355	0	701	318	0	124	86	0
57	57	57	28	14535	255	0	255	255	255	1328.509	323.298	0	4.157	1.420	4.274	1328.509	323.298	0	1321	320	0	13	7	0
41	41	41	21	10455	255	0	255	255	255	793.854	328.049	0	3.235	0.996	3.317	793.854	328.049	0	791	324	0	7	9	0
81	81	81	31	20655	255	0	255	255	255	822.667	328.148	0	4.767	1.177	4.357	822.667	328.148	0	816	324	0	13	10	0
34	34	34	17	8670	255	0	255	255	255	887.882	330.382	0	2.847	0.403	2.908	887.882	330.382	0	885	328	0	7	6	0
11	11	11	8	2805	255	0	255	255	255	1425.545	331.364	0	1.474	0.273	1.543	1425.545	331.364	0	1424	330	0	4	4	0
68	68	68	25	17340	255	0	255	255	255	878.059	334.941	0	4.275	0.513	4.167	878.059	334.941	0	874	331	0	9	9	0
91	91	91	31	23205	255	0	255	255	255	1233.165	337.890	0	5.070	1.216	5.178	1233.165	337.890	0	1228	332	0	11	13	0
454	454	454	85	115770	255	0	255	255	255	719.282	346.421	0	12.089	3.160	10.939	719.283	346.421	0	702	334	0	33	24	0
75	75	75	28	19125	255	0	255	255	255	744.680	339.520	0	4.441	0.694	4.465	744.680	339.520	0	741	334	0	9	11	0
91	91	91	31	23205	255	0	255	255	255	1292.703	346.758	0	4.942	0.972	5.276	1292.704	346.758	0	1287	343	0	13	9	0
68	68	68	33	17340	255	0	255	255	255	1418.632	352.250	0	4.423	1.983	4.705	1418.633	352.250	0	1411	348	0	14	9	0
63	63	63	23	16065	255	0	255	255	255	742.095	355.206	0	4.044	0.429	4.087	742.095	355.206	0	738	351	0	9	10	0
690	690	690	106	175950	255	0	255	255	255	679.878	372.184	0	16.484	6.042	15.836	679.880	372.184	0	658	354	0	44	36	0
35	35	35	16	8925	255	0	255	255	255	1462.886	359.886	0	2.926	0.259	3.004	1462.886	359.886	0	1460	357	0	7	7	0
111	111	111	35	28305	255	0	255	255	255	1373.090	371.180	0	5.635	1.376	5.891	1373.091	371.180	0	1366	366	0	15	12	0
13	13	13	9	3315	255	0	255	255	255	1284.154	370.077	0	1.648	0.387	1.578	1284.154	370.077	0	1282	369	0	5	4	0
1116	1116	1116	145	284580	255	0	255	255	255	688.784	408.294	0	17.640	4.483	18.470	688.785	408.293	0	673	386	0	35	46	0
26	26	26	14	6630	255	0	255	255	255	1365.038	387.692	0	2.451	0.495	2.461	1365.038	387.692	0	1362	386	0	7	5	0
34	34	34	17	8670	255	0	255	255	255	1394.294	389.265	0	2.831	0.386	2.825	1394.294	389.265	0	1392	386	0	6	7	0
176	176	176	54	44880	255	0	255	255	255	1420.722	391.205	0	7.763	3.217	7.686	1420.723	391.205	0	1407	386	0	27	12	0
902	902	902	143	230010	255	0	255	255	255	649.864	406.303	0	16.269	6.543	17.151	649.864	406.302	0	626	391	0	46	38	0
160	160	160	56	40800	255	0	255	255	255	615.287	418.769	0	6.887	2.526	7.296	615.288	418.769	0	607	410	0	16	21	0
26	26	26	15	6630	255	0	255	255	255	713.077	411.923	0	2.419	0.358	2.273	713.077	411.923	0	710	410	0	7	5	0
38	38	38	23	9690	255	0	255	255	255	1442.026	417.579	0	3.174	1.204	3.280	1442.026	417.579	0	1438	415	0	10	6	0
50	50	50	22	12750	255	0	255	255	255	1454.940	421.980	0	3.545	0.486	3.573	1454.940	421.980	0	1451	419	0	9	7	0
15326	15326	15326	1428	3908130	255	0	255	255	255	513.127	568.988	0	100.239	52.476	101.492	513.092	568.975	0	430	423	0	223	333	0
359	359	359	65	91545	255	0	255	255	255	1412.772	435.749	0	10.309	1.307	9.975	1412.772	435.749	0	1403	424	0	21	24	0
244	244	244	50	62220	255	0	255	255	255	666.127	441.082	0	8.411	1.284	8.301	666.128	441.082	0	657	434	0	20	16	0
195	195	195	54	49725	255	0	255	255	255	1455.585	446.626	0	7.609	1.583	7.731	1455.586	446.626	0	1447	438	0	18	16	0
72	72	72	28	18360	255	0	255	255	255	1389.500	446.417	0	4.407	0.978	4.528	1389.500	446.417	0	1385	443	0	12	9	0
100	100	100	33	25500	255	0	255	255	255	1352.300	458.370	0	5.286	1.412	5.545	1352.301	458.370	0	1347	451	0	11	15	0
33	33	33	16	8415	255	0	255	255	255	1434.758	463.697	0	2.838	0.344	2.807	1434.758	463.697	0	1432	461	0	7	6	0
76	76	76	29	19380	255	0	255	255	255	1355.605	474.487	0	4.503	0.725	4.530	1355.606	474.487	0	1351	469	0	10	11	0
10	10	10	8	2550	255	0	255	255	255	1418.500	479.000	0	1.385	0.307	1.309	1418.500	479.000	0	1417	478	0	4	3	0
98	98	98	31	24990	255	0	255	255	255	1291.398	484.214	0	5.261	0.919	5.455	1291.399	484.214	0	1285	479	0	13	11	0
46	46	46	20	11730	255	0	255	255	255	1393.783	483.087	0	3.372	0.299	3.361	1393.783	483.087	0	1390	480	0	8	7	0
33	33	33	20	8415	255	0	255	255	255	1482.182	487.455	0	2.854	0.879	2.967	1482.182	487.455	0	1480	484	0	5	8	0
17	17	17	11	4335	255	0	255	255	255	1450.412	489.118	0	1.895	0.277	1.927	1450.412	489.118	0	1449	487	0	4	5	0
43	43	43	18	10965	255	0	255	255	255	1395.721	491.744	0	3.308	0.466	3.253	1395.721	491.744	0	1392	489	0	9	7	0
30	30	30	15	7650	255	0	255	255	255	1345.633	493.367	0	2.659	0.215	2.708	1345.633	493.367	0	1343	491	0	6	6	0
184	184	184	54	46920	255	0	255	255	255	1266.908	497.886	0	7.587	2.847	7.520	1266.909	497.886	0	1256	492	0	23	14	0
20	20	20	12	5100	255	0	255	255	255	1458.850	494.050	0	2.199	0.520	2.139	1458.850	494.050	0	1456	492	0	6	5	0
21	21	21	12	5355	255	0	255	255	255	1452.048	496.381	0	2.197	0.305	2.111	1452.048	496.381	0	1450	494	0	5	6	0
45	45	45	26	11475	255	0	255	255	255	1383.289	501.933	0	3.509	1.480	4.046	1383.289	501.933	0	1379	498	0	10	9	0
66	66	66	29	16830	255	0	255	255	255	1316.258	503.500	0	4.246	1.603	4.514	1316.258	503.500	0	1311	500	0	13	9	0
54	54	54	22	13770	255	0	255	255	255	1245.648	506.333	0	3.701	0.301	3.696	1245.648	506.333	0	1242	502	0	8	9	0
10	10	10	8	2550	255	0	255	255	255	1442.800	506.000	0	1.341	0.278	1.281	1442.800	506.000	0	1441	505	0	4	3	0
74	74	74	26	18870	255	0	255	255	255	1376.284	515.068	0	4.391	0.291	4.393	1376.284	515.068	0	1372	511	0	10	9	0
25	25	25	13	6375	255	0	255	255	255	1283.600	515.440	0	2.438	0.243	2.473	1283.600	515.440	0	1281	513	0	6	6	0
56	56	56	22	14280	255	0	255	255	255	1292.339	516.393	0	3.790	0.392	3.718	1292.339	516.393	0	1288	513	0	9	8	0
197	197	197	47	50235	255	0	255	255	255	1220.081	525.269	0	7.553	1.263	7.298	1220.082	525.269	0	1212	516	0	15	19	0
22	22	22	15	5610	255	0	255	255	255	1477.773	521.591	0	2.249	0.952	2.265	1477.773	521.591	0	1474	520	0	8	4	0
34	34	34	18	8670	255	0	255	255	255	1428.471	530.176	0	2.814	0.328	2.763	1428.471	530.176	0	1426	527	0	6	7	0
105	105	105	35	26775	255	0	255	255	255	1363.524	536.990	0	5.456	1.680	5.588	1363.525	536.990	0	1356	532	0	16	11	0
51	51	51	28	13005	255	0	255	255	255	1248.294	542.647	0	3.941	1.817	3.907	1248.294	542.647	0	1244	536	0	9	13	0
129	129	129	36	32895	255	0	255	255	255	1208.310	546.302	0	5.973	0.794	5.942	1208.311	546.302	0	1203	539	0	12	15	0
371	371	371	82	94605	255	0	255	255	255	1489.167	548.394	0	10.874	3.975	10.480	1489.168	548.393	0	1475	540	0	34	18	0
20	20	20	14	5100	255	0	255	255	255	1355.800	545.350	0	2.293	0.862	2.388	1355.800	545.350	0	1354	542	0	5	7	0
203	203	203	50	51765	255	0	255	255	255	1187.803	552.690	0	7.687	1.565	8.205	1187.804	552.690	0	1181	543	0	15	19	0
182	182	182	55	46410	255	0	255	255	255	1319.929	551.071	0	7.430	2.618	7.132	1319.930	551.072	0	1309	544	0	23	15	0
27	27	27	16	6885	255	0	255	255	255	1395.593	546.704	0	2.533	0.572	2.467	1395.593	546.704	0	1394	544	0	5	7	0
23	23	23	14	5865	255	0	255	255	255	1407.000	546.000	0	2.253	0.266	2.236	1407.000	546.000	0	1405	544	0	5	5	0
203	203	203	61	51765	255	0	255	255	255	1437.630	552.133	0	7.604	2.193	7.632	1437.632	552.133	0	1429	544	0	18	19	0
26	26	26	16	6630	255	0	255	255	255	1333.115	548.769	0	2.415	0.438	2.349	1333.115	548.769	0	1331	546	0	6	6	0
36	36	36	17	9180	255	0	255	255	255	471.611	551.139	0	2.940	0.301	2.926	471.611	551.139	0	469	548	0	6	7	0
100	100	100	36	25500	255	0	255	255	255	1292.350	564.450	0	5.341	1.730	5.703	1292.351	564.450	0	1286	559	0	14	12	0
79	79	79	28	20145	255	0	255	255	255	1418.835	564.468	0	4.571	0.671	4.548	1418.836	564.468	0	1415	559	0	9	11	0
69	69	69	31	17595	255	0	255	255	255	1511.130	566.768	0	4.270	1.844	4.736	1511.131	566.768	0	1508	561	0	8	14	0
63	63	63	24	16065	255	0	255	255	255	1337.190	566.413	0	4.045	0.723	4.170	1337.191	566.413	0	1333	562	0	10	10	0
89	89	89	30	22695	255	0	255	255	255	1496.539	568.180	0	4.981	0.866	4.788	1496.540	568.180	0	1491	564	0	14	9	0
164	164	164	62	41820	255	0	255	255	255	1156.671	572.098	0	7.553	3.579	7.623	1156.672	572.097	0	1145	565	0	24	15	0
124	124	124	35	31620	255	0	255	255	255	1386.476	570.000	0	5.821	0.745	6.003	1386.477	570.000	0	1380	565	0	14	11	0
18	18	18	12	4590	255	0	255	255	255	475.500	570.000	0	1.955	0.323	1.932	475.500	570.000	0	474	568	0	4	5	0
196	196	196	46	49980	255	0	255	255	255	1218.138	575.929	0	7.619	1.571	7.224	1218.139	575.929	0	1209	569	0	20	15	0
55	55	55	22	14025	255	0	255	255	255	1522.327	572.327	0	3.750	0.313	3.724	1522.328	572.327	0	1519	569	0	8	8	0
79	79	79	32	20145	255	0	255	255	255	1237.304	577.987	0	4.658	1.559	4.698	1237.304	577.987	0	1233	571	0	9	14	0
65	65	65	26	16575	255	0	255	255	255	1248.708	575.938	0	4.128	0.675	4.194	1248.708	575.938	0	1245	571	0	9	10	0
109	109	109	34	27795	255	0	255	255	255	1191.514	578.624	0	5.508	1.492	5.701	1191.515	578.624	0	1185	573	0	14	13	0
50	50	50	20	12750	255	0	255	255	255	1361.240	580.080	0	3.623	0.712	3.836	1361.240	580.080	0	1357	576	0	9	9	0
85	85	85	27	21675	255	0	255	255	255	1497.835	580.553	0	4.769	0.353	4.758	1497.836	580.553	0	1493	576	0	11	10	0
63	63	63	31	16065	255	0	255	255	255	1302.032	582.778	0	4.318	1.669	4.804	1302.032	582.778	0	1295	579	0	13	8	0
283	283	283	82	72165	255	0	255	255	255	1480.495	595.594	0	10.121	4.131	9.957	1480.495	595.593	0	1471	579	0	21	31	0
21	21	21	13	5355	255	0	255	255	255	1352.286	582.238	0	2.168	0.408	2.181	1352.286	582.238	0	1350	580	0	6	5	0
12	12	12	8	3060	255	0	255	255	255	1544.500	581.500	0	1.581	1.274E-7	1.581	1544.500	581.500	0	1543	580	0	4	4	0
181	181	181	50	46155	255	0	255	255	255	1329.000	591.204	0	7.366	2.175	7.690	1329.001	591.205	0	1319	586	0	21	11	0
211	211	211	61	53805	255	0	255	255	255	1512.289	604.090	0	7.950	2.734	7.132	1512.291	604.090	0	1506	593	0	14	25	0
84	84	84	29	21420	255	0	255	255	255	1297.095	598.893	0	4.719	0.710	4.906	1297.096	598.893	0	1291	595	0	12	9	0
10	10	10	8	2550	255	0	255	255	255	1562.500	595.800	0	1.364	0.301	1.407	1562.500	595.800	0	1561	595	0	4	3	0
25	25	25	17	6375	255	0	255	255	255	1161.760	606.840	0	2.561	0.904	2.546	1161.760	606.840	0	1160	604	0	5	8	0
155	155	155	52	39525	255	0	255	255	255	1093.142	620.142	0	7.211	3.113	7.063	1093.143	620.142	0	1084	610	0	17	21	0
65	65	65	32	16575	255	0	255	255	255	1135.892	618.692	0	4.416	2.070	4.545	1135.892	618.692	0	1133	612	0	6	15	0
119	119	119	43	30345	255	0	255	255	255	1161.840	622.950	0	5.806	1.860	5.707	1161.841	622.950	0	1154	616	0	15	15	0
47	47	47	20	11985	255	0	255	255	255	1193.638	619.064	0	3.432	0.340	3.362	1193.638	619.064	0	1190	616	0	8	8	0
106	106	106	32	27030	255	0	255	255	255	1226.538	625.094	0	5.387	0.747	5.357	1226.538	625.094	0	1222	618	0	11	14	0
13	13	13	9	3315	255	0	255	255	255	1183.615	623.615	0	1.627	0.169	1.661	1183.615	623.615	0	1182	622	0	4	4	0
69	69	69	27	17595	255	0	255	255	255	1201.841	626.420	0	4.356	1.159	4.079	1201.841	626.420	0	1196	623	0	12	8	0
45	45	45	20	11475	255	0	255	255	255	1492.844	629.044	0	3.320	0.281	3.277	1492.844	629.044	0	1489	626	0	8	7	0
36	36	36	17	9180	255	0	255	255	255	1524.806	632.056	0	2.959	0.291	2.998	1524.806	632.056	0	1522	629	0	7	7	0
97	97	97	35	24735	255	0	255	255	255	1558.021	635.763	0	5.255	1.737	5.974	1558.021	635.763	0	1553	629	0	11	15	0
52	52	52	22	13260	255	0	255	255	255	1138.942	635.077	0	3.609	0.460	3.588	1138.942	635.077	0	1136	631	0	7	9	0
22	22	22	16	5610	255	0	255	255	255	1238.364	635.682	0	2.335	0.911	2.394	1238.364	635.682	0	1236	633	0	7	6	0
76	76	76	29	19380	255	0	255	255	255	1479.566	638.737	0	4.577	1.229	4.611	1479.566	638.737	0	1474	635	0	13	9	0
92	92	92	29	23460	255	0	255	255	255	1220.152	643.576	0	4.987	0.569	4.886	1220.153	643.576	0	1215	638	0	11	12	0
109	109	109	39	27795	255	0	255	255	255	1083.605	648.532	0	5.966	1.784	6.115	1083.606	648.532	0	1077	641	0	14	15	0
39	39	39	19	9945	255	0	255	255	255	1189.000	645.718	0	3.105	0.506	3.034	1189.000	645.718	0	1186	643	0	8	6	0
49	49	49	25	12495	255	0	255	255	255	1107.367	646.796	0	3.786	1.131	3.576	1107.367	646.796	0	1103	644	0	12	7	0
160	160	160	46	40800	255	0	255	255	255	1568.119	651.669	0	7.219	2.057	7.125	1568.120	651.669	0	1559	644	0	17	17	0
78	78	78	27	19890	255	0	255	255	255	1072.462	648.949	0	4.525	0.593	4.606	1072.462	648.949	0	1067	645	0	11	9	0
35	35	35	19	8925	255	0	255	255	255	1482.571	647.857	0	2.914	0.790	3.172	1482.571	647.857	0	1479	646	0	8	6	0
175	175	175	43	44625	255	0	255	255	255	1179.937	654.143	0	7.107	1.087	7.129	1179.938	654.143	0	1172	647	0	18	14	0
473	473	473	106	120615	255	0	255	255	255	1048.114	663.772	0	13.205	5.630	14.241	1048.116	663.772	0	1026	651	0	40	24	0
32	32	32	17	8160	255	0	255	255	255	1456.500	653.625	0	2.731	0.294	2.672	1456.500	653.625	0	1454	651	0	6	6	0
34	34	34	18	8670	255	0	255	255	255	1196.029	654.353	0	2.877	0.483	2.830	1196.029	654.353	0	1193	652	0	8	6	0
25	25	25	13	6375	255	0	255	255	255	1077.760	657.640	0	2.419	0.293	2.406	1077.760	657.640	0	1075	655	0	6	6	0
158	158	158	41	40290	255	0	255	255	255	1546.487	663.291	0	6.649	0.940	6.709	1546.488	663.291	0	1540	656	0	14	15	0
34	34	34	16	8670	255	0	255	255	255	1510.000	659.500	0	2.878	0.314	2.867	1510.000	659.500	0	1507	657	0	7	6	0
10	10	10	8	2550	255	0	255	255	255	1429.800	661.000	0	1.341	0.278	1.281	1429.800	661.000	0	1428	660	0	4	3	0
83	83	83	27	21165	255	0	255	255	255	1152.639	677.542	0	4.718	0.690	4.742	1152.639	677.542	0	1148	672	0	10	12	0
33	33	33	19	8415	255	0	255	255	255	1058.545	677.121	0	2.838	0.969	2.624	1058.545	677.121	0	1057	673	0	4	9	0
26	26	26	16	6630	255	0	255	255	255	1074.231	677.500	0	2.423	0.640	2.504	1074.231	677.500	0	1071	676	0	7	4	0
380	380	380	96	96900	255	0	255	255	255	1127.882	692.268	0	11.601	3.822	11.269	1127.883	692.268	0	1117	679	0	26	33	0
387	387	387	71	98685	255	0	255	255	255	1034.093	693.488	0	10.817	2.120	10.243	1034.094	693.488	0	1025	681	0	20	29	0
17	17	17	11	4335	255	0	255	255	255	1411.294	689.353	0	1.950	0.404	1.825	1411.294	689.353	0	1409	687	0	6	5	0
19	19	19	13	4845	255	0	255	255	255	1002.737	689.842	0	2.034	0.578	2.087	1002.737	689.842	0	1000	688	0	6	4	0
409	409	409	95	104295	255	0	255	255	255	1104.208	705.384	0	11.713	4.049	11.773	1104.209	705.384	0	1095	689	0	18	37	0
141	141	141	40	35955	255	0	255	255	255	1583.277	696.709	0	6.299	1.263	6.371	1583.278	696.709	0	1576	691	0	16	12	0
52	52	52	24	13260	255	0	255	255	255	1401.346	696.885	0	3.618	0.644	3.591	1401.346	696.885	0	1398	693	0	8	9	0
29	29	29	15	7395	255	0	255	255	255	1520.552	695.724	0	2.644	0.513	2.653	1520.552	695.724	0	1518	693	0	6	7	0
40	40	40	18	10200	255	0	255	255	255	1060.675	701.375	0	3.137	0.457	3.122	1060.675	701.375	0	1058	698	0	7	8	0
78	78	78	28	19890	255	0	255	255	255	1497.872	702.269	0	4.572	0.665	4.452	1497.873	702.269	0	1492	698	0	12	9	0
55	55	55	22	14025	255	0	255	255	255	1566.745	702.382	0	3.730	0.317	3.730	1566.746	702.382	0	1563	698	0	8	9	0
102	102	102	38	26010	255	0	255	255	255	1011.137	704.941	0	5.391	2.025	5.949	1011.138	704.941	0	1003	701	0	16	9	0
31	31	31	15	7905	255	0	255	255	255	1043.097	704.452	0	2.746	0.274	2.686	1043.097	704.452	0	1040	702	0	7	6	0
26	26	26	15	6630	255	0	255	255	255	1444.654	703.885	0	2.461	0.398	2.507	1444.654	703.885	0	1442	702	0	6	5	0
142	142	142	44	36210	255	0	255	255	255	1396.472	714.542	0	6.564	1.962	5.883	1396.473	714.542	0	1392	705	0	11	20	0
84	84	84	31	21420	255	0	255	255	255	979.905	714.679	0	4.766	1.625	5.051	979.905	714.679	0	976	708	0	9	15	0
15	15	15	13	3825	255	0	255	255	255	1040.600	711.667	0	1.938	0.926	1.933	1040.600	711.667	0	1038	710	0	7	4	0
724	724	724	152	184620	255	0	255	255	255	1070.477	730.137	0	14.350	5.895	14.268	1070.477	730.136	0	1048	711	0	46	36	0
16	16	16	10	4080	255	0	255	255	255	1381.000	712.500	0	1.846	0.219	1.803	1381.000	712.500	0	1379	711	0	5	4	0
19	19	19	13	4845	255	0	255	255	255	1117.842	714.579	0	2.052	0.476	1.931	1117.842	714.579	0	1115	713	0	6	4	0
52	52	52	22	13260	255	0	255	255	255	1449.346	719.481	0	3.619	0.463	3.619	1449.346	719.481	0	1446	716	0	8	8	0
466	466	466	82	118830	255	0	255	255	255	1478.223	728.502	0	12.184	3.461	11.814	1478.223	728.502	0	1462	717	0	33	22	0
713	713	713	160	181815	255	0	255	255	255	1005.982	729.662	0	13.810	6.159	14.146	1005.982	729.661	0	985	718	0	43	25	0
126	126	126	41	32130	255	0	255	255	255	1373.556	730.698	0	6.131	1.895	6.317	1373.557	730.698	0	1367	723	0	13	16	0
54	54	54	21	13770	255	0	255	255	255	1051.611	728.611	0	3.707	0.218	3.662	1051.611	728.611	0	1048	725	0	8	8	0
113	113	113	34	28815	255	0	255	255	255	965.106	730.540	0	5.539	0.767	5.816	965.107	730.540	0	959	726	0	13	12	0
48	48	48	21	12240	255	0	255	255	255	1551.896	736.271	0	3.446	0.468	3.446	1551.896	736.271	0	1548	733	0	9	8	0
43	43	43	19	10965	255	0	255	255	255	1387.140	737.372	0	3.264	0.330	3.220	1387.140	737.372	0	1384	734	0	7	8	0
238	238	238	55	60690	255	0	255	255	255	944.689	744.336	0	8.523	2.010	8.827	944.690	744.336	0	936	736	0	20	19	0
14	14	14	10	3570	255	0	255	255	255	1026.929	738.357	0	1.681	0.343	1.687	1026.929	738.357	0	1025	737	0	5	4	0
132	132	132	38	33660	255	0	255	255	255	977.651	748.447	0	6.181	1.392	6.509	977.652	748.447	0	971	741	0	14	15	0
48	48	48	21	12240	255	0	255	255	255	1557.583	745.250	0	3.470	0.495	3.426	1557.583	745.250	0	1555	741	0	7	9	0
246	246	246	74	62730	255	0	255	255	255	1361.610	757.870	0	10.618	4.878	10.233	1361.610	757.870	0	1355	745	0	16	34	0
57	57	57	22	14535	255	0	255	255	255	1017.404	750.193	0	3.843	0.377	3.826	1017.404	750.193	0	1013	746	0	9	9	0
30	30	30	16	7650	255	0	255	255	255	1037.733	752.533	0	2.680	0.588	2.755	1037.733	752.533	0	1035	750	0	7	6	0
20	20	20	12	5100	255	0	255	255	255	1492.500	753.950	0	2.113	0.361	2.062	1492.500	753.950	0	1490	752	0	6	5	0
179	179	179	43	45645	255	0	255	255	255	923.050	763.235	0	7.263	1.367	7.092	923.051	763.235	0	915	755	0	16	16	0
38	38	38	17	9690	255	0	255	255	255	995.921	759.053	0	3.067	0.191	3.079	995.921	759.053	0	993	756	0	7	7	0
72	72	72	31	18360	255	0	255	255	255	1543.278	760.236	0	4.571	1.539	4.827	1543.278	760.236	0	1538	756	0	12	9	0
19	19	19	11	4845	255	0	255	255	255	1432.842	758.842	0	2.063	0.212	2.164	1432.842	758.842	0	1431	757	0	5	5	0
78	78	78	27	19890	255	0	255	255	255	1451.731	763.026	0	4.593	0.720	4.420	1451.731	763.026	0	1446	759	0	12	9	0
44	44	44	19	11220	255	0	255	255	255	1570.682	763.841	0	3.298	0.353	3.301	1570.682	763.841	0	1567	761	0	8	7	0
20	20	20	13	5100	255	0	255	255	255	1496.700	764.150	0	2.172	0.609	2.305	1496.700	764.150	0	1494	762	0	6	5	0
67	67	67	29	17085	255	0	255	255	255	942.209	772.224	0	4.389	1.505	4.781	942.209	772.224	0	937	767	0	11	11	0
56	56	56	22	14280	255	0	255	255	255	966.089	771.821	0	3.786	0.410	3.813	966.089	771.821	0	963	768	0	8	9	0
12	12	12	9	3060	255	0	255	255	255	1010.250	769.583	0	1.521	0.319	1.603	1010.250	769.583	0	1009	768	0	4	4	0
17	17	17	11	4335	255	0	255	255	255	1393.588	770.882	0	1.895	0.277	1.927	1393.588	770.882	0	1392	769	0	4	5	0
112	112	112	45	28560	255	0	255	255	255	1431.339	778.527	0	5.910	2.543	5.863	1431.340	778.527	0	1425	771	0	15	17	0
21	21	21	12	5355	255	0	255	255	255	1460.381	775.286	0	2.168	0.331	2.259	1460.381	775.286	0	1458	773	0	6	5	0
41	41	41	26	10455	255	0	255	255	255	1020.366	779.439	0	3.516	1.394	3.455	1020.366	779.439	0	1016	774	0	8	10	0
33	33	33	16	8415	255	0	255	255	255	1389.545	779.091	0	2.825	0.290	2.736	1389.545	779.091	0	1387	776	0	6	7	0
21	21	21	15	5355	255	0	255	255	255	976.286	778.238	0	2.690	1.305	2.458	976.286	778.238	0	971	777	0	10	4	0
628	628	628	114	160140	255	0	255	255	255	899.702	796.019	0	13.276	3.892	13.065	899.704	796.020	0	882	780	0	36	32	0
62	62	62	24	15810	255	0	255	255	255	1008.968	782.887	0	4.024	0.744	4.103	1008.968	782.887	0	1004	780	0	11	7	0
229	229	229	58	58395	255	0	255	255	255	987.511	791.493	0	8.460	3.034	8.508	987.512	791.494	0	980	781	0	18	24	0
32	32	32	19	8160	255	0	255	255	255	1511.562	785.625	0	2.854	0.978	2.776	1511.562	785.625	0	1509	782	0	6	9	0
12	12	12	8	3060	255	0	255	255	255	1517.500	785.500	0	1.581	1.274E-7	1.581	1517.500	785.500	0	1516	784	0	4	4	0
58	58	58	28	14790	255	0	255	255	255	1551.500	789.448	0	4.151	1.554	4.614	1551.500	789.448	0	1546	785	0	12	10	0
151	151	151	38	38505	255	0	255	255	255	928.954	794.199	0	6.550	1.027	6.716	928.954	794.199	0	922	787	0	13	16	0
26	26	26	14	6630	255	0	255	255	255	1470.500	791.000	0	2.430	0.255	2.500	1470.500	791.000	0	1468	789	0	6	5	0
477	477	477	109	121635	255	0	255	255	255	879.918	812.069	0	12.326	4.434	12.221	879.919	812.070	0	865	795	0	33	35	0
94	94	94	34	23970	255	0	255	255	255	1534.085	799.862	0	5.274	1.789	5.742	1534.086	799.862	0	1527	795	0	16	11	0
57	57	57	22	14535	255	0	255	255	255	941.193	799.544	0	3.842	0.385	3.811	941.193	799.544	0	937	796	0	9	9	0
14	14	14	11	3570	255	0	255	255	255	1546.357	802.143	0	1.800	0.596	1.774	1546.357	802.143	0	1544	801	0	6	4	0
22	22	22	13	5610	255	0	255	255	255	1526.727	811.318	0	2.225	0.351	2.295	1526.727	811.318	0	1524	809	0	6	5	0
241	241	241	53	61455	255	0	255	255	255	1511.875	822.054	0	8.353	1.683	8.408	1511.876	822.054	0	1501	813	0	20	20	0
20	20	20	12	5100	255	0	255	255	255	965.250	817.950	0	2.119	0.289	2.077	965.250	817.950	0	963	816	0	5	5	0
507	507	507	107	129285	255	0	255	255	255	835.722	834.976	0	15.401	6.890	14.999	835.723	834.976	0	815	819	0	44	35	0
155	155	155	44	39525	255	0	255	255	255	939.116	828.432	0	6.761	2.012	7.180	939.117	828.432	0	933	819	0	14	18	0
11	11	11	8	2805	255	0	255	255	255	1434.545	826.636	0	1.474	0.273	1.543	1434.545	826.636	0	1433	825	0	4	4	0
44	44	44	19	11220	255	0	255	255	255	926.273	830.364	0	3.308	0.331	3.334	926.273	830.364	0	923	827	0	8	8	0
198	198	198	70	50490	255	0	255	255	255	905.955	838.045	0	9.030	4.383	9.160	905.956	838.046	0	890	828	0	29	19	0
18	18	18	11	4590	255	0	255	255	255	1438.889	833.111	0	2.043	0.382	2.088	1438.889	833.111	0	1437	831	0	5	5	0
24	24	24	15	6120	255	0	255	255	255	1410.708	837.792	0	2.353	0.648	2.319	1410.708	837.792	0	1409	835	0	4	7	0
85	85	85	30	21675	255	0	255	255	255	1473.988	840.906	0	4.927	1.344	5.041	1473.989	840.906	0	1468	836	0	13	11	0
52	52	52	25	13260	255	0	255	255	255	1363.385	841.885	0	3.983	1.370	4.124	1363.385	841.885	0	1358	838	0	11	9	0
48	48	48	21	12240	255	0	255	255	255	923.312	844.875	0	3.446	0.337	3.426	923.312	844.875	0	920	841	0	8	8	0
464	464	464	99	118320	255	0	255	255	255	879.795	863.263	0	13.277	5.793	13.167	879.797	863.263	0	873	844	0	16	43	0
51	51	51	22	13005	255	0	255	255	255	1406.020	849.333	0	3.792	1.027	3.940	1406.020	849.333	0	1402	845	0	9	9	0
21	21	21	14	5355	255	0	255	255	255	846.714	850.095	0	2.200	0.658	2.076	846.714	850.095	0	845	847	0	5	7	0
41	41	41	18	10455	255	0	255	255	255	1472.317	851.927	0	3.175	0.335	3.179	1472.317	851.927	0	1469	848	0	7	8	0
69	69	69	27	17595	255	0	255	255	255	1428.319	856.058	0	4.300	1.146	4.573	1428.319	856.058	0	1423	852	0	12	9	0
99	99	99	35	25245	255	0	255	255	255	807.727	862.061	0	5.346	1.653	5.567	807.728	862.060	0	801	856	0	13	13	0
59	59	59	28	15045	255	0	255	255	255	1460.288	863.915	0	4.303	1.390	3.910	1460.288	863.915	0	1455	860	0	11	11	0
85	85	85	44	21675	255	0	255	255	255	1329.718	877.282	0	5.055	2.284	5.500	1329.718	877.282	0	1324	868	0	11	16	0
3479	3479	3479	491	887145	255	0	255	255	255	783.095	948.395	0	41.025	18.146	39.588	783.102	948.394	0	748	872	0	69	149	0
452	452	452	98	115260	255	0	255	255	255	856.719	898.646	0	13.681	6.021	14.379	856.720	898.646	0	843	877	0	28	39	0
19	19	19	12	4845	255	0	255	255	255	1297.632	889.263	0	2.009	0.338	1.963	1297.632	889.263	0	1296	887	0	5	5	0
112	112	112	44	28560	255	0	255	255	255	1413.848	894.670	0	5.988	1.965	5.884	1413.849	894.670	0	1405	889	0	17	11	0
121	121	121	34	30855	255	0	255	255	255	811.000	897.413	0	5.808	0.819	5.723	811.001	897.413	0	804	892	0	15	12	0
68	68	68	24	17340	255	0	255	255	255	1386.500	898.500	0	4.203	0.421	4.301	1386.500	898.500	0	1383	894	0	8	10	0
155	155	155	47	39525	255	0	255	255	255	1369.613	904.600	0	6.559	1.442	6.744	1369.614	904.600	0	1363	897	0	15	16	0
80	80	80	32	20400	255	0	255	255	255	1278.950	911.562	0	4.936	1.534	5.075	1278.951	911.563	0	1274	906	0	12	12	0
96	96	96	32	24480	255	0	255	255	255	814.625	916.323	0	5.124	0.629	5.170	814.625	916.323	0	810	911	0	12	12	0
558	558	558	110	142290	255	0	255	255	255	826.934	934.383	0	14.538	4.719	14.693	826.935	934.384	0	813	912	0	28	42	0
66	66	66	26	16830	255	0	255	255	255	792.894	923.288	0	4.242	1.154	4.279	792.894	923.288	0	789	917	0	9	13	0
162	162	162	41	41310	255	0	255	255	255	1373.068	929.457	0	6.819	0.968	6.780	1373.069	929.456	0	1366	922	0	15	15	0
51	51	51	25	13005	255	0	255	255	255	1264.098	927.255	0	3.678	1.071	3.832	1264.098	927.255	0	1259	924	0	11	7	0
31	31	31	17	7905	255	0	255	255	255	1297.935	931.290	0	2.757	0.652	2.950	1297.935	931.290	0	1295	928	0	7	7	0
15	15	15	11	3825	255	0	255	255	255	1336.400	941.400	0	1.719	0.250	1.649	1336.400	941.400	0	1335	940	0	4	4	0
10	10	10	8	2550	255	0	255	255	255	1267.000	946.800	0	1.341	0.278	1.281	1267.000	946.800	0	1266	945	0	3	4	0
38	38	38	17	9690	255	0	255	255	255	1350.658	947.395	0	3.056	0.408	3.002	1350.658	947.395	0	1347	945	0	8	6	0
15	15	15	10	3825	255	0	255	255	255	1297.267	948.667	0	1.767	0.307	1.793	1297.267	948.667	0	1296	947	0	4	5	0
32	32	32	16	8160	255	0	255	255	255	1292.312	953.469	0	2.746	0.277	2.740	1292.312	953.469	0	1289	951	0	7	6	0
134	134	134	39	34170	255	0	255	255	255	1219.910	963.366	0	6.282	1.581	6.009	1219.911	963.366	0	1214	955	0	12	18	0
14	14	14	10	3570	255	0	255	255	255	1257.429	959.000	0	1.661	0.329	1.744	1257.429	959.000	0	1256	957	0	4	5	0
114	114	114	36	29070	255	0	255	255	255	1323.719	970.096	0	5.589	0.891	5.393	1323.720	970.096	0	1318	964	0	12	13	0
160	160	160	44	40800	255	0	255	255	255	1290.762	976.956	0	6.872	1.789	6.961	1290.764	976.956	0	1284	967	0	15	19	0
490	490	490	105	124950	255	0	255	255	255	740.949	999.908	0	13.587	4.220	13.430	740.950	999.908	0	730	978	0	24	42	0
46	46	46	27	11730	255	0	255	255	255	1277.065	988.674	0	3.915	1.689	3.848	1277.065	988.674	0	1271	985	0	11	9	0
42	42	42	20	10710	255	0	255	255	255	1255.976	996.714	0	3.214	0.761	3.336	1255.976	996.714	0	1252	994	0	9	6	0
14	14	14	9	3570	255	0	255	255	255	1246.786	1001.643	0	1.731	0.274	1.821	1246.786	1001.643	0	1245	1000	0	5	4	0
21	21	21	13	5355	255	0	255	255	255	1207.619	1003.571	0	2.142	0.448	2.159	1207.619	1003.571	0	1205	1001	0	6	6	0
11	11	11	9	2805	255	0	255	255	255	1215.636	1002.091	0	1.418	0.316	1.367	1215.636	1002.091	0	1214	1001	0	4	3	0
10	10	10	10	2550	255	0	255	255	255	759.700	1002.900	0	1.649	0.802	1.703	759.700	1002.900	0	757	1002	0	6	3	0
14	14	14	11	3570	255	0	255	255	255	760.143	1007.071	0	1.659	0.477	1.567	760.143	1007.071	0	758	1006	0	5	3	0
43	43	43	26	10965	255	0	255	255	255	1275.163	1013.070	0	3.607	1.477	3.844	1275.163	1013.070	0	1271	1009	0	10	10	0
30	30	30	16	7650	255	0	255	255	255	1216.500	1013.500	0	2.633	0.266	2.550	1216.500	1013.500	0	1214	1011	0	6	6	0
37	37	37	22	9435	255	0	255	255	255	733.811	1025.486	0	3.101	1.019	3.323	733.811	1025.486	0	731	1021	0	7	9	0
113	113	113	38	28815	255	0	255	255	255	1185.124	1031.115	0	5.656	1.228	5.833	1185.125	1031.115	0	1180	1023	0	11	15	0
134	134	134	40	34170	255	0	255	255	255	1253.269	1032.702	0	6.149	1.399	6.306	1253.270	1032.702	0	1247	1027	0	15	13	0
119	119	119	44	30345	255	0	255	255	255	1224.529	1040.933	0	6.119	1.706	5.904	1224.530	1040.932	0	1219	1032	0	16	17	0
60	60	60	29	15300	255	0	255	255	255	1143.100	1042.750	0	4.126	1.796	4.286	1143.100	1042.750	0	1138	1037	0	11	12	0
16	16	16	11	4080	255	0	255	255	255	1239.375	1039.250	0	1.805	0.297	1.790	1239.375	1039.250	0	1238	1037	0	4	5	0
22	22	22	13	5610	255	0	255	255	255	1158.091	1042.091	0	2.201	0.208	2.199	1158.091	1042.091	0	1156	1040	0	5	5	0
44	44	44	19	11220	255	0	255	255	255	1149.682	1048.409	0	3.355	0.519	3.424	1149.682	1048.409	0	1146	1045	0	9	7	0
124	124	124	37	31620	255	0	255	255	255	1213.758	1052.032	0	5.821	1.109	6.229	1213.759	1052.032	0	1207	1047	0	15	11	0
180	180	180	57	45900	255	0	255	255	255	1130.956	1062.872	0	8.186	3.121	7.941	1130.956	1062.872	0	1123	1051	0	19	23	0
18	18	18	15	4590	255	0	255	255	255	751.111	1055.722	0	2.063	0.884	2.022	751.111	1055.722	0	748	1054	0	7	4	0
86	86	86	35	21930	255	0	255	255	255	1115.477	1074.651	0	5.077	1.412	5.488	1115.477	1074.651	0	1110	1069	0	12	12	0
320	320	320	71	81600	255	0	255	255	255	1199.553	1080.866	0	10.574	3.135	10.284	1199.554	1080.866	0	1189	1069	0	22	29	0
48	48	48	20	12240	255	0	255	255	255	1129.979	1086.271	0	3.480	0.534	3.411	1129.979	1086.271	0	1126	1083	0	9	7	0
29	29	29	16	7395	255	0	255	255	255	1170.655	1090.724	0	2.628	0.514	2.656	1170.655	1090.724	0	1168	1087	0	6	7	0
42	42	42	18	10710	255	0	255	255	255	1098.500	1092.000	0	3.225	0.273	3.202	1098.500	1092.000	0	1095	1089	0	8	7	0
16	16	16	10	4080	255	0	255	255	255	1184.312	1098.875	0	1.861	0.291	1.901	1184.312	1098.875	0	1182	1097	0	5	5	0
106	106	106	35	27030	255	0	255	255	255	1094.557	1105.160	0	5.496	1.253	5.866	1094.557	1105.160	0	1089	1099	0	13	13	0
28	28	28	15	7140	255	0	255	255	255	1176.071	1101.321	0	2.557	0.371	2.557	1176.071	1101.321	0	1173	1099	0	7	6	0
