Volume (pixel^3)	Surface (pixel^2)	Nb of obj. voxels	Nb of surf. voxels	IntDen	Mean	StdDev	Median	Min	Max	X	Y	Z	Mean dist. to surf. (pixel)	SD dist. to surf. (pixel)	Median dist. to surf. (pixel)	XM	YM	ZM	BX	BY	BZ	B-width	B-height	B-depth
11231	11231	11231	1395	2863905	255	0	255	255	255	1085.835	137.288	0	82.915	41.575	83.039	1085.885	137.286	0	1003	0	0	175	281	0
45	45	45	23	11475	255	0	255	255	255	1056.422	2.044	0	3.395	0.845	3.423	1056.422	2.044	0	1052	0	0	10	6	0
1639	1639	1639	175	417945	255	0	255	255	255	1069.215	37.281	0	24.432	6.266	23.218	1069.214	37.281	0	1047	0	0	44	68	0
326	326	326	83	83130	255	0	255	255	255	1382.985	151.485	0	11.282	4.880	11.227	1382.985	151.485	0	1378	133	0	10	38	0
494	494	494	98	125970	255	0	255	255	255	1054.036	158.630	0	13.233	5.131	11.829	1054.037	158.630	0	1043	140	0	26	39	0
1606	1606	1606	287	409530	255	0	255	255	255	1092.287	196.146	0	22.301	8.955	23.002	1092.284	196.146	0	1056	170	0	69	59	0
5949	5949	5949	828	1516995	255	0	255	255	255	1347.485	274.000	0	45.714	21.182	45.042	1347.474	274.001	0	1302	175	0	86	177	0
127	127	127	64	32385	255	0	255	255	255	1377.764	194.465	0	7.626	3.451	7.486	1377.764	194.465	0	1367	187	0	21	21	0
109	109	109	34	27795	255	0	255	255	255	1380.936	236.183	0	5.522	0.946	5.412	1380.936	236.183	0	1375	231	0	13	12	0
876	876	876	136	223380	255	0	255	255	255	1181.527	276.192	0	17.218	6.311	17.265	1181.527	276.192	0	1163	254	0	40	48	0
28212	28212	28212	1546	7194060	255	0	255	255	255	578.365	383.183	0	155.895	81.550	146.214	578.346	383.186	0	301	277	0	579	231	0
907	907	907	148	231285	255	0	255	255	255	1153.621	299.658	0	15.533	5.806	17.303	1153.621	299.658	0	1136	278	0	37	45	0
7132	7132	7132	828	1818660	255	0	255	255	255	1182.419	419.393	0	66.377	39.162	62.363	1182.404	419.389	0	1104	284	0	169	227	0
4794	4794	4794	727	1222470	255	0	255	255	255	1253.091	398.074	0	44.432	24.467	39.726	1253.089	398.072	0	1206	303	0	93	183	0
1437	1437	1437	167	366435	255	0	255	255	255	1298.443	351.286	0	23.310	8.249	21.099	1298.442	351.286	0	1279	314	0	40	74	0
147	147	147	39	37485	255	0	255	255	255	1194.075	322.952	0	6.584	1.526	6.754	1194.076	322.952	0	1188	315	0	13	17	0
245	245	245	68	62475	255	0	255	255	255	1320.282	328.604	0	8.959	3.884	9.151	1320.283	328.604	0	1313	316	0	14	29	0
325	325	325	94	82875	255	0	255	255	255	1173.191	335.400	0	11.045	4.853	11.014	1173.192	335.400	0	1158	322	0	33	27	0
371	371	371	64	94605	255	0	255	255	255	1208.178	347.550	0	10.521	1.528	10.628	1208.179	347.550	0	1196	336	0	24	25	0
117	117	117	46	29835	255	0	255	255	255	1382.222	351.145	0	6.145	2.108	5.354	1382.223	351.145	0	1377	343	0	11	19	0
204	204	204	47	52020	255	0	255	255	255	1176.240	359.294	0	7.684	1.274	7.258	1176.241	359.294	0	1170	350	0	14	20	0
228	228	228	68	58140	255	0	255	255	255	1347.474	363.373	0	8.045	3.035	8.743	1347.475	363.373	0	1335	354	0	25	17	0
88	88	88	34	22440	255	0	255	255	255	1324.932	362.500	0	4.918	1.670	5.371	1324.932	362.500	0	1322	356	0	7	14	0
46	46	46	19	11730	255	0	255	255	255	1202.565	369.152	0	3.406	0.264	3.438	1202.565	369.152	0	1199	366	0	8	8	0
15	15	15	11	3825	255	0	255	255	255	1381.067	374.733	0	1.747	0.388	1.735	1381.067	374.733	0	1379	373	0	5	4	0
114	114	114	35	29070	255	0	255	255	255	1184.640	378.404	0	5.628	1.105	5.633	1184.641	378.404	0	1178	374	0	15	11	0
110	110	110	38	28050	255	0	255	255	255	1133.591	391.364	0	5.758	1.750	5.379	1133.592	391.364	0	1129	382	0	9	18	0
50	50	50	21	12750	255	0	255	255	255	1189.140	389.440	0	3.533	0.326	3.546	1189.140	389.440	0	1186	386	0	8	8	0
58	58	58	24	14790	255	0	255	255	255	1378.328	391.500	0	3.913	0.794	3.725	1378.328	391.500	0	1373	388	0	11	7	0
415	415	415	90	105825	255	0	255	255	255	1338.880	400.766	0	12.293	4.712	12.177	1338.881	400.766	0	1323	390	0	35	26	0
16170	16170	16170	1960	4123350	255	0	255	255	255	1079.363	506.295	0	85.576	39.503	81.594	1079.402	506.303	0	947	408	0	265	235	0
461	461	461	86	117555	255	0	255	255	255	1230.926	431.809	0	11.938	3.851	12.940	1230.927	431.809	0	1217	417	0	30	30	0
10	10	10	8	2550	255	0	255	255	255	1342.200	418.500	0	1.364	0.301	1.407	1342.200	418.500	0	1341	417	0	3	4	0
954	954	954	145	243270	255	0	255	255	255	1368.828	453.601	0	19.280	7.359	19.601	1368.831	453.600	0	1345	428	0	43	52	0
4288	4288	4288	717	1093440	255	0	255	255	255	1302.801	516.201	0	36.360	16.146	37.254	1302.803	516.202	0	1246	447	0	111	130	0
102	102	102	37	26010	255	0	255	255	255	1107.118	464.667	0	5.469	1.891	5.920	1107.119	464.667	0	1101	458	0	13	14	0
1479	1479	1479	283	377145	255	0	255	255	255	1122.782	490.695	0	20.109	8.612	21.227	1122.784	490.695	0	1087	462	0	64	50	0
34	34	34	16	8670	255	0	255	255	255	1297.559	464.588	0	2.867	0.394	2.846	1297.559	464.588	0	1294	462	0	8	6	0
44	44	44	19	11220	255	0	255	255	255	1081.273	465.636	0	3.325	0.503	3.334	1081.273	465.636	0	1077	463	0	9	7	0
49	49	49	20	12495	255	0	255	255	255	1096.776	476.224	0	3.517	0.321	3.503	1096.776	476.224	0	1093	473	0	8	8	0
928	928	928	183	236640	255	0	255	255	255	823.904	496.123	0	19.735	8.729	19.736	823.906	496.124	0	792	481	0	66	28	0
56	56	56	23	14280	255	0	255	255	255	1107.232	485.661	0	3.758	0.305	3.778	1107.232	485.661	0	1103	482	0	9	8	0
634	634	634	96	161670	255	0	255	255	255	886.672	507.046	0	14.046	3.229	14.002	886.673	507.046	0	871	487	0	30	38	0
194	194	194	56	49470	255	0	255	255	255	915.856	502.918	0	7.860	2.629	7.314	915.857	502.917	0	904	497	0	24	13	0
1075	1075	1075	189	274125	255	0	255	255	255	825.568	526.119	0	22.344	10.519	23.171	825.569	526.119	0	789	501	0	68	46	0
384	384	384	88	97920	255	0	255	255	255	1244.271	513.865	0	11.665	3.758	11.303	1244.272	513.865	0	1229	502	0	31	26	0
10418	10418	10418	1635	2656590	255	0	255	255	255	973.627	580.158	0	61.562	24.924	60.568	973.622	580.161	0	853	506	0	212	169	0
227	227	227	60	57885	255	0	255	255	255	1262.198	518.348	0	8.663	2.382	7.665	1262.199	518.348	0	1253	510	0	19	21	0
25	25	25	14	6375	255	0	255	255	255	901.480	532.040	0	2.372	0.360	2.480	901.480	532.040	0	899	530	0	6	6	0
53	53	53	27	13515	255	0	255	255	255	1111.321	537.359	0	3.827	1.523	3.922	1111.321	537.359	0	1106	535	0	12	6	0
37	37	37	18	9435	255	0	255	255	255	1070.838	545.162	0	3.060	0.676	2.901	1070.838	545.162	0	1067	543	0	9	6	0
200	200	200	65	51000	255	0	255	255	255	940.920	557.845	0	9.006	4.179	8.845	940.921	557.845	0	932	546	0	18	28	0
392	392	392	77	99960	255	0	255	255	255	1188.196	574.798	0	10.683	2.768	11.123	1188.198	574.799	0	1172	565	0	30	22	0
177	177	177	43	45135	255	0	255	255	255	1218.932	574.011	0	7.093	1.097	7.092	1218.933	574.011	0	1210	567	0	18	14	0
13	13	13	10	3315	255	0	255	255	255	1204.846	581.538	0	1.567	0.316	1.617	1204.846	581.538	0	1203	580	0	4	4	0
14	14	14	10	3570	255	0	255	255	255	1217.000	585.643	0	1.744	0.436	1.805	1217.000	585.643	0	1215	584	0	5	4	0
497	497	497	97	126735	255	0	255	255	255	1241.909	600.410	0	12.996	3.983	12.195	1241.910	600.411	0	1223	588	0	36	27	0
126	126	126	39	32130	255	0	255	255	255	986.111	598.484	0	5.959	1.723	6.333	986.112	598.484	0	981	591	0	11	16	0
94	94	94	38	23970	255	0	255	255	255	1220.330	597.979	0	5.725	2.432	5.409	1220.330	597.979	0	1214	591	0	13	17	0
4080	4080	4080	519	1040400	255	0	255	255	255	1088.436	663.504	0	34.008	13.306	33.384	1088.435	663.501	0	1047	608	0	86	108	0
97	97	97	35	24735	255	0	255	255	255	1110.196	641.155	0	5.181	1.454	5.409	1110.196	641.155	0	1106	635	0	9	14	0
412	412	412	132	105060	255	0	255	255	255	967.901	686.510	0	15.552	8.266	14.807	967.901	686.510	0	953	662	0	38	49	0
133	133	133	48	33915	255	0	255	255	255	1147.474	678.414	0	7.057	3.085	6.830	1147.474	678.414	0	1142	667	0	11	24	0
2135	2135	2135	341	544425	255	0	255	255	255	1012.297	704.916	0	25.280	10.384	24.389	1012.297	704.918	0	978	675	0	77	58	0
75	75	75	26	19125	255	0	255	255	255	1053.053	685.747	0	4.484	0.659	4.337	1053.053	685.747	0	1048	682	0	11	9	0
112	112	112	37	28560	255	0	255	255	255	949.598	692.018	0	6.013	2.039	6.146	949.599	692.018	0	941	685	0	17	14	0
85	85	85	35	21675	255	0	255	255	255	1129.541	691.482	0	4.832	1.567	5.112	1129.541	691.482	0	1126	686	0	9	14	0
64	64	64	23	16320	255	0	255	255	255	1061.484	696.812	0	4.093	0.336	4.091	1061.484	696.812	0	1057	693	0	10	9	0
37229	37229	37229	3970	9493395	255	0	255	255	255	876.987	861.255	0	132.746	55.932	130.032	877.235	861.402	0	653	699	0	473	339	0
36	36	36	18	9180	255	0	255	255	255	1165.444	702.694	0	2.929	0.384	2.825	1165.444	702.694	0	1163	700	0	6	7	0
13	13	13	10	3315	255	0	255	255	255	1165.077	710.154	0	1.670	0.516	1.713	1165.077	710.154	0	1164	708	0	4	5	0
51	51	51	20	13005	255	0	255	255	255	946.157	720.824	0	3.605	0.309	3.613	946.157	720.824	0	943	717	0	8	9	0
369	369	369	86	94095	255	0	255	255	255	1166.133	739.122	0	11.977	4.484	12.051	1166.134	739.122	0	1158	717	0	16	40	0
404	404	404	78	103020	255	0	255	255	255	966.839	727.250	0	10.622	2.861	11.219	966.840	727.250	0	954	718	0	29	22	0
1554	1554	1554	197	396270	255	0	255	255	255	1082.654	745.510	0	23.158	6.453	23.259	1082.659	745.508	0	1054	724	0	64	52	0
48	48	48	19	12240	255	0	255	255	255	1048.271	739.625	0	3.501	0.237	3.548	1048.271	739.625	0	1045	736	0	8	8	0
58	58	58	24	14790	255	0	255	255	255	1050.828	752.000	0	3.936	1.040	4.147	1050.828	752.000	0	1046	748	0	11	8	0
569	569	569	136	145095	255	0	255	255	255	1083.026	784.861	0	13.287	4.764	13.311	1083.026	784.862	0	1064	772	0	41	32	0
220	220	220	50	56100	255	0	255	255	255	1061.050	797.018	0	7.967	1.110	8.055	1061.051	797.019	0	1052	789	0	19	18	0
52	52	52	25	13260	255	0	255	255	255	1111.788	802.481	0	3.630	0.939	3.686	1111.788	802.481	0	1107	799	0	11	8	0
49	49	49	25	12495	255	0	255	255	255	1118.918	810.367	0	3.695	1.371	3.790	1118.918	810.367	0	1115	806	0	9	10	0
148	148	148	52	37740	255	0	255	255	255	1104.480	873.020	0	6.960	2.971	7.051	1104.480	873.020	0	1095	864	0	18	19	0
15	15	15	11	3825	255	0	255	255	255	1138.200	878.933	0	1.732	0.491	1.944	1138.200	878.933	0	1137	877	0	4	5	0
57	57	57	27	14535	255	0	255	255	255	1118.246	881.228	0	3.834	0.987	3.932	1118.246	881.228	0	1114	878	0	10	9	0
1582	1582	1582	243	403410	255	0	255	255	255	896.508	917.015	0	22.366	8.405	24.240	896.509	917.019	0	870	882	0	61	65	0
6231	6231	6231	615	1588905	255	0	255	255	255	1072.797	970.333	0	50.923	21.459	53.364	1072.836	970.336	0	1022	894	0	119	144	0
17	17	17	11	4335	255	0	255	255	255	1124.177	896.824	0	1.915	0.305	2.001	1124.177	896.824	0	1122	895	0	5	5	0
45	45	45	19	11475	255	0	255	255	255	918.556	913.933	0	3.357	0.251	3.320	918.556	913.933	0	915	911	0	8	7	0
66	66	66	25	16830	255	0	255	255	255	940.000	920.591	0	4.162	0.541	4.110	940.000	920.591	0	936	916	0	9	10	0
496	496	496	119	126480	255	0	255	255	255	1159.683	965.433	0	12.839	4.840	13.411	1159.685	965.434	0	1145	946	0	29	42	0
14	14	14	11	3570	255	0	255	255	255	1129.929	955.857	0	1.659	0.477	1.567	1129.929	955.857	0	1129	954	0	3	5	0
466	466	466	155	118830	255	0	255	255	255	1134.442	982.659	0	11.258	4.988	10.843	1134.443	982.659	0	1121	964	0	26	41	0
22	22	22	13	5610	255	0	255	255	255	1110.136	986.636	0	2.221	0.443	2.368	1110.136	986.636	0	1108	984	0	5	6	0
609	609	609	160	155295	255	0	255	255	255	1138.603	1020.851	0	18.700	8.886	17.198	1138.605	1020.849	0	1110	991	0	52	47	0
158	158	158	53	40290	255	0	255	255	255	1098.937	1002.823	0	7.276	2.947	7.100	1098.938	1002.823	0	1093	993	0	11	23	0
133	133	133	38	33915	255	0	255	255	255	1123.511	1010.842	0	6.045	1.145	6.178	1123.512	1010.842	0	1118	1004	0	14	14	0
84	84	84	27	21420	255	0	255	255	255	701.655	1009.524	0	4.731	0.295	4.684	701.655	1009.524	0	697	1005	0	10	11	0
260	260	260	72	66300	255	0	255	255	255	641.438	1021.581	0	9.720	3.578	9.875	641.440	1021.581	0	631	1009	0	24	23	0
131	131	131	39	33405	255	0	255	255	255	611.832	1032.542	0	6.079	0.972	5.951	611.832	1032.542	0	605	1026	0	15	12	0
10	10	10	10	2550	255	0	255	255	255	589.400	1036.400	0	1.379	0.648	1.490	589.400	1036.400	0	587	1035	0	5	3	0
