Volume (pixel^3)	Surface (pixel^2)	Nb of obj. voxels	Nb of surf. voxels	IntDen	Mean	StdDev	Median	Min	Max	X	Y	Z	Mean dist. to surf. (pixel)	SD dist. to surf. (pixel)	Median dist. to surf. (pixel)	XM	YM	ZM	BX	BY	BZ	B-width	B-height	B-depth
15450	15450	15450	9641	3939750	255	0	255	255	255	869.042	566.924	0	764.010	121.247	751.494	869.019	566.925	0	0	0	0	1528	1347	0
26	26	26	14	6630	255	0	255	255	255	560.500	18.000	0	2.430	0.255	2.500	560.500	18.000	0	558	16	0	6	5	0
14	14	14	10	3570	255	0	255	255	255	532.500	19.500	0	1.689	0.228	1.581	532.500	19.500	0	531	18	0	4	4	0
159	159	159	54	40545	255	0	255	255	255	594.132	24.119	0	7.615	3.437	7.383	594.133	24.119	0	582	18	0	25	13	0
58	58	58	22	14790	255	0	255	255	255	546.707	24.586	0	3.868	0.413	3.785	546.707	24.586	0	543	21	0	9	8	0
28	28	28	14	7140	255	0	255	255	255	556.929	24.214	0	2.598	0.412	2.597	556.929	24.214	0	554	22	0	7	6	0
74	74	74	26	18870	255	0	255	255	255	578.959	29.014	0	4.432	0.578	4.436	578.959	29.014	0	574	25	0	11	9	0
370	370	370	78	94350	255	0	255	255	255	625.224	37.668	0	10.668	3.237	11.122	625.225	37.668	0	615	25	0	22	30	0
151	151	151	43	38505	255	0	255	255	255	1157.053	37.563	0	6.645	1.870	6.808	1157.054	37.563	0	1152	28	0	12	19	0
277	277	277	53	70635	255	0	255	255	255	512.726	42.343	0	9.136	1.517	8.788	512.727	42.343	0	505	32	0	17	23	0
10	10	10	8	2550	255	0	255	255	255	111.500	34.000	0	1.385	0.307	1.309	111.500	34.000	0	110	33	0	4	3	0
76	76	76	25	19380	255	0	255	255	255	1048.316	41.566	0	4.530	0.503	4.617	1048.316	41.566	0	1043	37	0	11	10	0
209	209	209	48	53295	255	0	255	255	255	1139.450	45.990	0	7.660	0.884	7.644	1139.451	45.990	0	1132	37	0	16	18	0
498	498	498	96	126990	255	0	255	255	255	584.062	47.982	0	13.084	4.203	13.091	584.063	47.982	0	568	39	0	39	22	0
216	216	216	57	55080	255	0	255	255	255	543.949	48.833	0	8.095	2.430	8.239	543.950	48.833	0	535	41	0	22	16	0
424	424	424	90	108120	255	0	255	255	255	1155.127	58.868	0	12.510	4.764	12.375	1155.128	58.868	0	1137	48	0	38	25	0
267	267	267	57	68085	255	0	255	255	255	497.390	63.371	0	9.003	2.472	9.411	497.390	63.371	0	487	55	0	22	20	0
106	106	106	30	27030	255	0	255	255	255	616.500	61.783	0	5.377	0.386	5.454	616.500	61.783	0	611	56	0	12	12	0
89	89	89	32	22695	255	0	255	255	255	1103.730	66.112	0	4.919	1.042	4.939	1103.731	66.112	0	1099	60	0	10	13	0
766	766	766	156	195330	255	0	255	255	255	1023.956	81.812	0	17.702	7.682	16.870	1023.956	81.812	0	994	65	0	56	34	0
12	12	12	8	3060	255	0	255	255	255	1064.500	67.500	0	1.581	1.274E-7	1.581	1064.500	67.500	0	1063	66	0	4	4	0
46	46	46	21	11730	255	0	255	255	255	543.696	71.283	0	3.456	0.964	3.381	543.696	71.283	0	540	68	0	9	8	0
212	212	212	46	54060	255	0	255	255	255	600.759	78.943	0	8.105	1.984	8.609	600.760	78.943	0	593	69	0	17	21	0
280	280	280	67	71400	255	0	255	255	255	1114.857	78.511	0	9.535	3.250	9.263	1114.858	78.511	0	1102	70	0	26	19	0
13	13	13	10	3315	255	0	255	255	255	1091.923	72.231	0	1.587	0.454	1.587	1091.923	72.231	0	1090	71	0	5	4	0
260	260	260	51	66300	255	0	255	255	255	579.373	80.746	0	8.738	1.321	8.449	579.374	80.746	0	569	73	0	22	18	0
34	34	34	20	8670	255	0	255	255	255	1088.029	79.294	0	3.106	1.135	3.175	1088.029	79.294	0	1084	75	0	8	9	0
66	66	66	23	16830	255	0	255	255	255	483.136	79.864	0	4.158	0.221	4.226	483.136	79.864	0	479	76	0	9	9	0
978	978	978	142	249390	255	0	255	255	255	1065.589	97.218	0	17.677	4.264	18.493	1065.589	97.218	0	1047	76	0	38	44	0
61	61	61	26	15555	255	0	255	255	255	539.754	86.770	0	4.195	1.480	4.331	539.754	86.770	0	535	82	0	11	10	0
59	59	59	24	15045	255	0	255	255	255	554.797	88.186	0	3.908	0.876	3.931	554.797	88.186	0	550	85	0	11	8	0
77	77	77	27	19635	255	0	255	255	255	499.831	92.377	0	4.535	0.479	4.598	499.831	92.377	0	495	88	0	10	10	0
52	52	52	21	13260	255	0	255	255	255	485.596	97.615	0	3.628	0.232	3.648	485.596	97.615	0	482	94	0	8	8	0
253	253	253	51	64515	255	0	255	255	255	459.617	103.375	0	8.551	0.952	8.508	459.617	103.375	0	450	96	0	20	17	0
83	83	83	30	21165	255	0	255	255	255	149.663	102.398	0	4.719	0.776	4.747	149.663	102.398	0	145	97	0	10	12	0
1404	1404	1404	196	358020	255	0	255	255	255	961.423	119.503	0	23.874	11.026	24.268	961.426	119.503	0	921	97	0	76	48	0
373	373	373	79	95115	255	0	255	255	255	570.904	110.877	0	10.560	3.684	10.661	570.905	110.877	0	556	102	0	31	21	0
1311	1311	1311	170	334305	255	0	255	255	255	1012.418	129.126	0	20.685	7.190	21.348	1012.421	129.126	0	983	104	0	56	50	0
10	10	10	8	2550	255	0	255	255	255	156.800	106.000	0	1.341	0.278	1.281	156.800	106.000	0	155	105	0	4	3	0
85	85	85	29	21675	255	0	255	255	255	551.176	122.118	0	4.795	1.062	4.933	551.176	122.118	0	547	116	0	9	13	0
101	101	101	32	25755	255	0	255	255	255	159.030	122.921	0	5.217	0.636	5.177	159.030	122.921	0	154	118	0	12	11	0
53	53	53	22	13515	255	0	255	255	255	467.000	124.547	0	3.710	0.521	3.640	467.000	124.547	0	463	121	0	9	8	0
65	65	65	26	16575	255	0	255	255	255	519.323	126.277	0	4.149	1.067	4.430	519.323	126.277	0	515	122	0	10	10	0
100	100	100	33	25500	255	0	255	255	255	534.510	128.310	0	5.291	1.282	5.521	534.510	128.310	0	530	122	0	10	14	0
39	39	39	18	9945	255	0	255	255	255	562.641	129.897	0	3.071	0.302	3.142	562.641	129.897	0	560	127	0	7	7	0
419	419	419	75	106845	255	0	255	255	255	439.064	139.339	0	11.355	3.306	11.893	439.065	139.339	0	424	129	0	32	21	0
364	364	364	71	92820	255	0	255	255	255	904.104	143.868	0	10.828	3.817	10.917	904.105	143.868	0	892	132	0	28	26	0
50	50	50	20	12750	255	0	255	255	255	493.260	139.460	0	3.574	0.350	3.589	493.260	139.460	0	490	136	0	8	8	0
51	51	51	21	13005	255	0	255	255	255	465.118	140.608	0	3.589	0.356	3.572	465.118	140.608	0	462	137	0	8	8	0
266	266	266	55	67830	255	0	255	255	255	519.102	147.038	0	8.736	1.208	8.692	519.102	147.038	0	511	137	0	17	20	0
289	289	289	69	73695	255	0	255	255	255	541.138	150.567	0	9.528	2.627	9.398	541.139	150.567	0	534	138	0	17	28	0
127	127	127	40	32385	255	0	255	255	255	130.661	146.283	0	5.795	1.008	5.766	130.661	146.283	0	123	141	0	15	12	0
3011	3011	3011	494	767805	255	0	255	255	255	906.215	185.606	0	39.565	19.192	38.949	906.207	185.606	0	845	145	0	136	83	0
135	135	135	35	34425	255	0	255	255	255	410.348	156.415	0	6.142	0.521	6.183	410.348	156.415	0	404	150	0	13	14	0
33	33	33	17	8415	255	0	255	255	255	439.788	154.515	0	2.826	0.477	2.765	439.788	154.515	0	437	152	0	7	6	0
122	122	122	35	31110	255	0	255	255	255	874.131	162.721	0	5.800	1.068	6.089	874.132	162.721	0	869	156	0	11	15	0
122	122	122	37	31110	255	0	255	255	255	490.189	166.984	0	6.147	1.942	6.371	490.189	166.984	0	484	158	0	14	17	0
600	600	600	109	153000	255	0	255	255	255	518.880	179.375	0	14.171	5.158	13.632	518.881	179.375	0	497	160	0	38	34	0
860	860	860	149	219300	255	0	255	255	255	835.571	180.077	0	18.798	8.923	19.455	835.572	180.077	0	808	162	0	57	38	0
58	58	58	23	14790	255	0	255	255	255	410.552	169.207	0	3.850	0.330	3.820	410.552	169.207	0	407	165	0	8	9	0
40	40	40	20	10200	255	0	255	255	255	459.950	183.550	0	3.208	0.677	3.091	459.950	183.550	0	456	181	0	9	6	0
48	48	48	23	12240	255	0	255	255	255	382.250	188.708	0	3.675	1.283	4.121	382.250	188.708	0	378	184	0	9	10	0
481	481	481	84	122655	255	0	255	255	255	458.391	206.287	0	12.064	2.632	11.822	458.392	206.287	0	446	192	0	29	26	0
415	415	415	70	105825	255	0	255	255	255	432.494	207.455	0	11.213	1.574	11.193	432.495	207.455	0	420	195	0	24	25	0
50	50	50	21	12750	255	0	255	255	255	834.520	199.060	0	3.544	0.418	3.480	834.520	199.060	0	831	196	0	9	7	0
460	460	460	90	117300	255	0	255	255	255	497.326	212.163	0	11.866	4.373	12.200	497.327	212.163	0	487	197	0	22	35	0
2442	2442	2442	348	622710	255	0	255	255	255	760.991	239.059	0	30.178	13.630	28.970	760.996	239.059	0	722	198	0	86	86	0
6783	6783	6783	669	1729665	255	0	255	255	255	323.614	283.897	0	49.611	18.865	47.792	323.614	283.899	0	287	206	0	80	170	0
51	51	51	20	13005	255	0	255	255	255	399.451	213.118	0	3.624	0.337	3.595	399.451	213.118	0	396	209	0	8	9	0
556	556	556	111	141780	255	0	255	255	255	811.577	228.502	0	13.318	5.468	12.860	811.578	228.502	0	795	215	0	36	32	0
31	31	31	16	7905	255	0	255	255	255	384.839	227.871	0	2.786	0.628	2.732	384.839	227.871	0	381	225	0	8	6	0
244	244	244	51	62220	255	0	255	255	255	428.115	235.967	0	8.514	1.485	8.187	428.115	235.967	0	417	228	0	22	17	0
440	440	440	96	112200	255	0	255	255	255	843.789	241.875	0	11.696	3.761	12.126	843.790	241.875	0	830	232	0	34	23	0
224	224	224	66	57120	255	0	255	255	255	475.719	244.152	0	7.601	3.492	8.279	475.719	244.152	0	468	233	0	18	24	0
533	533	533	94	135915	255	0	255	255	255	815.707	257.075	0	12.698	3.190	12.072	815.708	257.075	0	802	241	0	27	33	0
562	562	562	130	143310	255	0	255	255	255	698.550	265.722	0	13.628	5.353	14.530	698.551	265.722	0	680	248	0	39	35	0
338	338	338	63	86190	255	0	255	255	255	458.213	265.737	0	10.091	1.820	9.940	458.214	265.737	0	447	256	0	23	21	0
110	110	110	34	28050	255	0	255	255	255	407.127	271.800	0	5.554	1.493	5.951	407.127	271.800	0	401	266	0	14	13	0
210	210	210	60	53550	255	0	255	255	255	785.690	280.967	0	8.833	3.458	8.655	785.691	280.967	0	778	267	0	18	26	0
254	254	254	53	64770	255	0	255	255	255	666.575	284.189	0	8.616	1.500	8.376	666.576	284.189	0	659	274	0	15	22	0
19	19	19	14	4845	255	0	255	255	255	137.316	282.316	0	2.075	0.812	2.121	137.316	282.316	0	134	281	0	7	4	0
42	42	42	19	10710	255	0	255	255	255	409.143	283.810	0	3.195	0.314	3.194	409.143	283.810	0	406	281	0	7	7	0
455	455	455	82	116025	255	0	255	255	255	755.855	296.380	0	11.965	3.241	12.009	755.856	296.380	0	745	282	0	22	34	0
362	362	362	70	92310	255	0	255	255	255	639.655	301.003	0	10.647	3.031	10.475	639.656	301.003	0	629	288	0	21	30	0
1426	1426	1426	178	363630	255	0	255	255	255	723.242	318.374	0	21.738	6.789	21.447	723.244	318.374	0	702	290	0	44	59	0
127	127	127	41	32385	255	0	255	255	255	387.850	299.898	0	5.948	1.164	5.851	387.850	299.898	0	382	293	0	12	16	0
63	63	63	24	16065	255	0	255	255	255	669.222	301.921	0	4.050	0.820	4.089	669.222	301.921	0	666	297	0	7	11	0
173	173	173	45	44115	255	0	255	255	255	428.607	306.642	0	7.076	1.410	6.814	428.607	306.642	0	422	299	0	15	17	0
55	55	55	21	14025	255	0	255	255	255	694.727	303.945	0	3.762	0.296	3.807	694.727	303.945	0	691	300	0	8	9	0
637	637	637	88	162435	255	0	255	255	255	622.656	325.196	0	13.996	3.011	14.491	622.658	325.196	0	611	306	0	26	38	0
31	31	31	16	7905	255	0	255	255	255	269.129	309.903	0	2.689	0.386	2.833	269.129	309.903	0	267	307	0	6	7	0
200	200	200	48	51000	255	0	255	255	255	314.745	314.940	0	7.702	1.994	7.943	314.745	314.940	0	306	307	0	21	14	0
279	279	279	73	71145	255	0	255	255	255	658.222	327.749	0	8.627	3.164	9.075	658.223	327.749	0	645	319	0	24	18	0
154	154	154	56	39270	255	0	255	255	255	409.675	327.727	0	7.981	3.566	7.398	409.675	327.727	0	398	320	0	23	18	0
156	156	156	44	39780	255	0	255	255	255	594.372	329.949	0	6.886	1.970	6.798	594.372	329.949	0	586	324	0	18	14	0
475	475	475	98	121125	255	0	255	255	255	240.164	343.312	0	12.346	5.404	12.176	240.165	343.312	0	221	328	0	37	30	0
46	46	46	20	11730	255	0	255	255	255	232.413	332.000	0	3.395	0.374	3.355	232.413	332.000	0	229	329	0	8	7	0
104	104	104	31	26520	255	0	255	255	255	179.846	339.865	0	5.318	0.528	5.204	179.846	339.865	0	174	334	0	12	12	0
918	918	918	179	234090	255	0	255	255	255	540.870	365.084	0	21.621	11.715	20.469	540.871	365.084	0	517	337	0	63	54	0
600	600	600	97	153000	255	0	255	255	255	687.182	353.132	0	12.969	3.763	14.229	687.183	353.131	0	671	337	0	33	31	0
637	637	637	108	162435	255	0	255	255	255	608.064	354.330	0	14.272	4.635	14.432	608.065	354.330	0	592	338	0	34	35	0
205	205	205	46	52275	255	0	255	255	255	128.444	351.483	0	7.626	0.963	7.827	128.444	351.483	0	120	345	0	18	14	0
1215	1215	1215	221	309825	255	0	255	255	255	212.665	373.577	0	18.923	7.933	18.874	212.666	373.577	0	192	346	0	48	61	0
1169	1169	1169	179	298095	255	0	255	255	255	346.644	375.319	0	19.392	7.634	20.703	346.646	375.320	0	327	348	0	43	60	0
444	444	444	77	113220	255	0	255	255	255	649.667	363.036	0	11.557	2.266	11.914	649.668	363.036	0	639	350	0	25	27	0
23	23	23	14	5865	255	0	255	255	255	388.478	360.174	0	2.293	0.485	2.293	388.478	360.174	0	386	358	0	6	6	0
284	284	284	65	72420	255	0	255	255	255	574.923	379.035	0	9.195	1.953	8.982	574.924	379.035	0	562	367	0	22	24	0
109	109	109	32	27795	255	0	255	255	255	667.532	374.174	0	5.462	0.689	5.477	667.532	374.174	0	662	369	0	13	11	0
158	158	158	38	40290	255	0	255	255	255	249.595	378.949	0	6.721	0.755	6.740	249.595	378.949	0	242	372	0	16	14	0
51	51	51	20	13005	255	0	255	255	255	365.471	376.431	0	3.600	0.198	3.587	365.471	376.431	0	362	373	0	8	8	0
273	273	273	64	69615	255	0	255	255	255	491.883	384.718	0	9.481	3.294	9.380	491.884	384.718	0	478	375	0	26	21	0
11	11	11	9	2805	255	0	255	255	255	356.818	380.091	0	1.469	0.481	1.364	356.818	380.091	0	356	378	0	3	5	0
1134	1134	1134	169	289170	255	0	255	255	255	610.884	409.214	0	21.769	9.872	21.729	610.884	409.215	0	579	383	0	61	55	0
66	66	66	29	16830	255	0	255	255	255	291.742	389.030	0	4.490	1.340	4.367	291.742	389.030	0	287	384	0	11	12	0
140	140	140	43	35700	255	0	255	255	255	313.636	395.157	0	6.457	1.661	6.056	313.636	395.157	0	306	389	0	17	13	0
224	224	224	51	57120	255	0	255	255	255	465.888	398.250	0	8.290	1.935	7.924	465.889	398.250	0	456	391	0	21	16	0
442	442	442	116	112710	255	0	255	255	255	523.195	408.577	0	11.347	4.854	12.918	523.196	408.577	0	506	394	0	35	31	0
212	212	212	48	54060	255	0	255	255	255	181.858	402.976	0	7.792	1.062	7.747	181.858	402.976	0	172	395	0	19	16	0
25	25	25	14	6375	255	0	255	255	255	126.440	400.920	0	2.381	0.296	2.458	126.440	400.920	0	124	399	0	6	5	0
34	34	34	17	8670	255	0	255	255	255	585.941	403.206	0	2.837	0.463	2.948	585.941	403.206	0	583	400	0	7	7	0
625	625	625	82	159375	255	0	255	255	255	482.936	415.734	0	13.857	1.842	13.862	482.937	415.735	0	467	402	0	32	27	0
142	142	142	38	36210	255	0	255	255	255	447.542	410.225	0	6.289	0.610	6.246	447.542	410.225	0	442	404	0	13	14	0
594	594	594	115	151470	255	0	255	255	255	281.933	420.145	0	13.918	4.187	13.572	281.934	420.145	0	262	405	0	39	32	0
452	452	452	83	115260	255	0	255	255	255	319.131	420.617	0	11.946	3.530	12.711	319.131	420.617	0	307	405	0	26	30	0
32	32	32	20	8160	255	0	255	255	255	565.781	409.500	0	2.848	1.003	3.070	565.781	409.500	0	564	405	0	6	9	0
159	159	159	39	40545	255	0	255	255	255	79.736	418.648	0	6.767	1.055	6.767	79.736	418.648	0	73	411	0	14	16	0
44	44	44	20	11220	255	0	255	255	255	590.182	413.523	0	3.295	0.552	3.259	590.182	413.523	0	586	411	0	9	6	0
207	207	207	44	52785	255	0	255	255	255	200.324	421.174	0	7.735	0.879	7.699	200.324	421.174	0	192	412	0	17	19	0
60	60	60	23	15300	255	0	255	255	255	555.633	418.783	0	3.939	0.443	3.832	555.633	418.783	0	552	415	0	8	9	0
46	46	46	19	11730	255	0	255	255	255	344.391	420.630	0	3.449	0.360	3.449	344.391	420.630	0	341	417	0	8	8	0
77	77	77	26	19635	255	0	255	255	255	432.403	424.039	0	4.499	0.304	4.543	432.403	424.039	0	428	420	0	10	10	0
98	98	98	33	24990	255	0	255	255	255	218.398	430.316	0	5.226	1.325	5.611	218.398	430.316	0	212	425	0	13	12	0
543	543	543	136	138465	255	0	255	255	255	559.792	437.300	0	13.754	5.610	14.068	559.793	437.300	0	537	425	0	45	28	0
275	275	275	60	70125	255	0	255	255	255	340.927	436.280	0	9.075	2.193	9.594	340.928	436.280	0	332	426	0	20	21	0
32	32	32	20	8160	255	0	255	255	255	453.094	427.312	0	2.960	1.181	2.944	453.094	427.312	0	449	426	0	10	5	0
325	325	325	58	82875	255	0	255	255	255	142.960	439.446	0	9.808	1.368	9.761	142.960	439.446	0	131	430	0	23	20	0
661	661	661	110	168555	255	0	255	255	255	250.166	445.821	0	15.231	6.385	15.437	250.167	445.821	0	230	430	0	42	38	0
41	41	41	18	10455	255	0	255	255	255	71.195	438.585	0	3.178	0.390	3.222	71.195	438.585	0	68	436	0	8	7	0
222	222	222	54	56610	255	0	255	255	255	167.126	445.423	0	8.084	1.964	8.047	167.126	445.423	0	156	439	0	23	14	0
74	74	74	26	18870	255	0	255	255	255	469.527	443.919	0	4.391	0.291	4.501	469.527	443.919	0	465	440	0	10	9	0
31	31	31	16	7905	255	0	255	255	255	99.000	444.000	0	2.682	0.442	2.828	99.000	444.000	0	96	442	0	7	5	0
155	155	155	40	39525	255	0	255	255	255	432.206	448.477	0	6.622	1.016	6.565	432.206	448.477	0	424	443	0	17	13	0
36	36	36	18	9180	255	0	255	255	255	44.278	446.778	0	2.940	0.419	2.880	44.278	446.778	0	41	444	0	7	7	0
12	12	12	9	3060	255	0	255	255	255	389.333	445.500	0	1.543	0.323	1.537	389.333	445.500	0	388	444	0	4	4	0
50	50	50	24	12750	255	0	255	255	255	299.520	449.180	0	3.709	1.254	3.889	299.520	449.180	0	295	445	0	9	10	0
12	12	12	9	3060	255	0	255	255	255	35.083	449.333	0	1.576	0.413	1.669	35.083	449.333	0	33	448	0	5	4	0
784	784	784	134	199920	255	0	255	255	255	526.486	473.913	0	18.105	7.511	18.717	526.487	473.913	0	504	448	0	44	51	0
252	252	252	57	64260	255	0	255	255	255	80.111	457.627	0	8.856	2.638	8.830	80.111	457.627	0	68	450	0	25	15	0
125	125	125	35	31875	255	0	255	255	255	364.584	456.104	0	5.930	1.073	5.738	364.584	456.104	0	357	451	0	16	11	0
154	154	154	52	39270	255	0	255	255	255	284.104	462.760	0	7.055	2.972	6.879	284.104	462.760	0	279	452	0	11	23	0
112	112	112	33	28560	255	0	255	255	255	509.973	456.964	0	5.539	0.816	5.790	509.973	456.964	0	504	452	0	13	12	0
834	834	834	106	212670	255	0	255	255	255	137.832	472.914	0	16.123	3.415	15.973	137.833	472.914	0	120	454	0	40	35	0
170	170	170	44	43350	255	0	255	255	255	310.759	462.018	0	6.981	1.548	6.525	310.759	462.018	0	303	454	0	16	17	0
193	193	193	56	49215	255	0	255	255	255	331.435	466.378	0	8.496	3.323	9.056	331.435	466.378	0	323	454	0	19	25	0
1348	1348	1348	188	343740	255	0	255	255	255	384.372	485.866	0	21.126	6.822	20.312	384.373	485.865	0	362	457	0	44	58	0
118	118	118	36	30090	255	0	255	255	255	174.458	469.661	0	5.910	1.732	6.430	174.458	469.661	0	168	463	0	14	14	0
268	268	268	65	68340	255	0	255	255	255	460.832	472.261	0	9.306	2.997	8.593	460.833	472.261	0	447	463	0	26	20	0
72	72	72	25	18360	255	0	255	255	255	349.764	472.194	0	4.347	0.372	4.357	349.764	472.194	0	345	468	0	10	9	0
278	278	278	72	70890	255	0	255	255	255	498.522	480.209	0	9.798	3.678	9.613	498.522	480.209	0	487	469	0	25	26	0
13	13	13	11	3315	255	0	255	255	255	260.923	472.308	0	1.568	0.455	1.601	260.923	472.308	0	260	470	0	3	5	0
327	327	327	96	83385	255	0	255	255	255	107.116	488.266	0	10.703	5.213	10.918	107.116	488.266	0	95	471	0	27	33	0
196	196	196	46	49980	255	0	255	255	255	235.556	481.857	0	7.453	0.896	7.645	235.556	481.857	0	228	474	0	17	17	0
60	60	60	24	15300	255	0	255	255	255	411.667	479.383	0	3.911	0.376	3.813	411.667	479.383	0	408	475	0	8	9	0
116	116	116	39	29580	255	0	255	255	255	256.526	486.414	0	5.593	1.154	5.669	256.526	486.414	0	250	480	0	12	14	0
14	14	14	9	3570	255	0	255	255	255	361.357	482.214	0	1.731	0.274	1.821	361.357	482.214	0	360	480	0	4	5	0
192	192	192	46	48960	255	0	255	255	255	307.042	491.995	0	7.479	1.665	7.800	307.042	491.995	0	299	485	0	18	16	0
77	77	77	33	19635	255	0	255	255	255	48.896	488.961	0	4.926	1.782	4.548	48.896	488.961	0	42	486	0	16	7	0
382	382	382	68	97410	255	0	255	255	255	328.058	499.830	0	10.777	2.404	11.156	328.058	499.830	0	317	486	0	25	26	0
208	208	208	46	53040	255	0	255	255	255	286.317	494.226	0	7.880	1.637	7.596	286.317	494.226	0	276	488	0	21	14	0
435	435	435	74	110925	255	0	255	255	255	221.949	501.655	0	11.388	1.560	11.458	221.950	501.655	0	211	489	0	25	24	0
89	89	89	30	22695	255	0	255	255	255	195.348	497.191	0	5.015	1.099	5.352	195.348	497.191	0	190	492	0	12	11	0
16	16	16	11	4080	255	0	255	255	255	439.812	494.500	0	1.840	0.340	1.880	439.812	494.500	0	438	493	0	5	4	0
201	201	201	46	51255	255	0	255	255	255	423.075	502.338	0	7.637	1.157	7.565	423.075	502.339	0	414	495	0	20	16	0
339	339	339	64	86445	255	0	255	255	255	453.705	503.395	0	10.271	2.505	9.532	453.706	503.395	0	440	495	0	29	17	0
228	228	228	51	58140	255	0	255	255	255	481.947	504.000	0	8.216	1.836	8.195	481.948	504.000	0	474	495	0	18	20	0
174	174	174	41	44370	255	0	255	255	255	277.466	514.592	0	7.049	1.023	7.013	277.466	514.592	0	269	508	0	18	14	0
372	372	372	82	94860	255	0	255	255	255	349.901	518.065	0	9.881	2.486	10.053	349.901	518.065	0	337	508	0	28	20	0
258	258	258	62	65790	255	0	255	255	255	78.841	515.810	0	8.946	3.387	8.877	78.841	515.810	0	66	509	0	27	16	0
527	527	527	85	134385	255	0	255	255	255	160.687	521.628	0	13.055	3.774	12.836	160.687	521.629	0	142	511	0	37	22	0
615	615	615	125	156825	255	0	255	255	255	311.878	539.125	0	15.545	7.320	15.025	311.879	539.125	0	297	515	0	33	49	0
222	222	222	51	56610	255	0	255	255	255	57.405	527.617	0	8.021	1.407	8.047	57.405	527.617	0	49	520	0	19	17	0
162	162	162	42	41310	255	0	255	255	255	246.815	528.438	0	6.815	1.651	7.019	246.815	528.438	0	238	523	0	19	12	0
113	113	113	39	28815	255	0	255	255	255	287.389	529.920	0	5.667	1.915	5.952	287.389	529.920	0	281	523	0	14	15	0
782	782	782	133	199410	255	0	255	255	255	219.707	547.886	0	15.466	5.694	14.812	219.708	547.886	0	208	527	0	27	49	0
665	665	665	100	169575	255	0	255	255	255	415.429	540.065	0	14.050	3.425	14.126	415.430	540.066	0	400	527	0	35	28	0
295	295	295	55	75225	255	0	255	255	255	330.224	542.729	0	9.343	1.069	9.252	330.224	542.729	0	320	534	0	21	20	0
262	262	262	50	66810	255	0	255	255	255	374.889	542.427	0	8.709	0.851	8.815	374.890	542.427	0	366	534	0	20	18	0
55	55	55	23	14025	255	0	255	255	255	267.327	538.691	0	3.748	0.702	3.737	267.327	538.691	0	263	535	0	10	8	0
368	368	368	67	93840	255	0	255	255	255	191.337	551.418	0	10.633	2.333	10.457	191.337	551.419	0	181	539	0	22	26	0
90	90	90	28	22950	255	0	255	255	255	101.022	545.233	0	4.924	0.409	5.005	101.022	545.233	0	96	540	0	11	11	0
90	90	90	36	22950	255	0	255	255	255	121.833	544.656	0	5.139	2.190	5.230	121.833	544.656	0	114	541	0	17	8	0
46	46	46	20	11730	255	0	255	255	255	252.087	554.391	0	3.383	0.405	3.363	252.087	554.391	0	249	551	0	7	8	0
88	88	88	28	22440	255	0	255	255	255	80.102	558.091	0	4.892	0.621	5.004	80.102	558.091	0	75	553	0	11	11	0
72	72	72	26	18360	255	0	255	255	255	265.750	562.444	0	4.336	0.391	4.430	265.750	562.444	0	262	558	0	9	10	0
381	381	381	66	97155	255	0	255	255	255	344.559	580.664	0	10.718	2.027	10.649	344.560	580.664	0	331	570	0	26	22	0
576	576	576	95	146880	255	0	255	255	255	386.601	580.997	0	14.362	4.886	13.776	386.602	580.996	0	367	570	0	45	22	0
546	546	546	80	139230	255	0	255	255	255	171.817	581.703	0	12.923	2.493	12.872	171.817	581.702	0	155	571	0	34	22	0
297	297	297	85	75735	255	0	255	255	255	51.943	579.852	0	10.138	4.126	10.044	51.943	579.852	0	36	572	0	33	17	0
406	406	406	98	103530	255	0	255	255	255	283.985	589.904	0	11.838	4.811	12.469	283.986	589.904	0	272	573	0	29	33	0
66	66	66	24	16830	255	0	255	255	255	236.970	580.061	0	4.131	0.252	4.153	236.970	580.061	0	233	576	0	9	9	0
151	151	151	41	38505	255	0	255	255	255	317.828	581.093	0	6.509	1.509	6.884	317.828	581.093	0	310	576	0	17	12	0
120	120	120	33	30600	255	0	255	255	255	433.858	590.483	0	5.747	0.647	5.725	433.858	590.483	0	428	585	0	12	13	0
68	68	68	25	17340	255	0	255	255	255	470.412	592.382	0	4.187	0.458	4.300	470.412	592.382	0	467	588	0	8	10	0
67	67	67	24	17085	255	0	255	255	255	316.761	595.701	0	4.198	0.506	4.273	316.761	595.701	0	313	591	0	9	10	0
77	77	77	31	19635	255	0	255	255	255	353.792	598.143	0	4.598	1.591	4.862	353.792	598.143	0	349	591	0	9	14	0
355	355	355	67	90525	255	0	255	255	255	141.817	604.696	0	10.232	2.198	10.573	141.817	604.696	0	128	595	0	28	19	0
374	374	374	92	95370	255	0	255	255	255	92.848	606.545	0	12.098	5.500	12.319	92.848	606.546	0	70	598	0	41	20	0
272	272	272	54	69360	255	0	255	255	255	258.654	613.118	0	9.018	1.574	8.673	258.654	613.118	0	250	602	0	18	24	0
1302	1302	1302	179	332010	255	0	255	255	255	403.633	623.287	0	23.031	8.524	22.748	403.634	623.287	0	367	602	0	72	44	0
679	679	679	151	173145	255	0	255	255	255	527.107	623.267	0	13.547	5.238	14.392	527.109	623.266	0	510	604	0	33	40	0
205	205	205	57	52275	255	0	255	255	255	444.307	619.571	0	7.890	2.527	8.296	444.308	619.571	0	438	607	0	16	22	0
330	330	330	84	84150	255	0	255	255	255	47.679	625.024	0	10.170	2.780	10.784	47.679	625.024	0	37	611	0	23	26	0
1170	1170	1170	176	298350	255	0	255	255	255	337.725	648.613	0	18.247	7.346	20.543	337.726	648.612	0	319	618	0	42	57	0
85	85	85	29	21675	255	0	255	255	255	66.859	623.412	0	4.826	0.833	4.728	66.859	623.412	0	62	619	0	11	11	0
199	199	199	50	50745	255	0	255	255	255	468.005	624.236	0	7.604	2.176	7.952	468.006	624.236	0	458	619	0	21	12	0
62	62	62	23	15810	255	0	255	255	255	125.952	623.710	0	4.009	0.483	4.007	125.952	623.710	0	121	620	0	10	8	0
87	87	87	29	22185	255	0	255	255	255	84.908	626.333	0	4.829	0.445	4.796	84.908	626.333	0	80	622	0	11	10	0
20	20	20	12	5100	255	0	255	255	255	352.400	627.350	0	2.122	0.543	2.196	352.400	627.350	0	350	625	0	6	6	0
504	504	504	84	128520	255	0	255	255	255	245.034	646.329	0	12.423	2.733	12.471	245.035	646.330	0	234	628	0	26	33	0
239	239	239	52	60945	255	0	255	255	255	209.176	638.054	0	8.660	2.431	8.483	209.176	638.054	0	198	629	0	23	18	0
105	105	105	38	26775	255	0	255	255	255	573.819	640.619	0	5.759	2.036	6.063	573.819	640.619	0	568	633	0	12	17	0
215	215	215	50	54825	255	0	255	255	255	86.837	644.921	0	7.807	1.423	8.300	86.837	644.921	0	80	636	0	14	19	0
27	27	27	15	6885	255	0	255	255	255	594.852	639.370	0	2.542	0.579	2.519	594.852	639.370	0	592	637	0	7	6	0
44	44	44	20	11220	255	0	255	255	255	270.091	642.386	0	3.300	0.339	3.282	270.091	642.386	0	267	639	0	7	8	0
453	453	453	74	115515	255	0	255	255	255	303.687	650.940	0	11.644	2.089	11.204	303.687	650.940	0	289	640	0	31	23	0
29	29	29	16	7395	255	0	255	255	255	510.586	642.483	0	2.651	0.484	2.568	510.586	642.483	0	508	640	0	6	6	0
36	36	36	18	9180	255	0	255	255	255	383.750	645.611	0	2.939	0.430	2.889	383.750	645.611	0	381	643	0	7	6	0
118	118	118	44	30090	255	0	255	255	255	57.008	652.169	0	6.274	2.617	6.521	57.008	652.169	0	49	646	0	18	15	0
109	109	109	32	27795	255	0	255	255	255	438.110	652.495	0	5.440	0.469	5.493	438.110	652.496	0	433	647	0	11	12	0
1780	1780	1780	231	453900	255	0	255	255	255	557.247	679.241	0	23.671	8.971	26.517	557.248	679.242	0	523	647	0	59	67	0
2292	2292	2292	315	584460	255	0	255	255	255	487.260	676.004	0	26.746	10.369	27.064	487.262	676.006	0	444	650	0	88	52	0
39	39	39	19	9945	255	0	255	255	255	640.282	654.308	0	3.113	0.639	3.202	640.282	654.308	0	637	651	0	8	7	0
229	229	229	50	58395	255	0	255	255	255	385.555	661.065	0	8.062	0.714	8.070	385.555	661.066	0	378	654	0	17	16	0
250	250	250	64	63750	255	0	255	255	255	666.472	662.060	0	9.570	3.678	9.230	666.473	662.060	0	651	654	0	30	17	0
116	116	116	33	29580	255	0	255	255	255	693.905	661.371	0	5.630	0.610	5.699	693.906	661.371	0	688	656	0	13	11	0
471	471	471	83	120105	255	0	255	255	255	137.512	669.297	0	12.313	3.383	12.672	137.512	669.297	0	119	661	0	34	20	0
36	36	36	17	9180	255	0	255	255	255	591.611	664.361	0	2.957	0.422	2.897	591.611	664.361	0	588	662	0	8	6	0
17	17	17	12	4335	255	0	255	255	255	75.529	664.647	0	1.845	0.320	1.721	75.529	664.647	0	74	663	0	4	5	0
227	227	227	46	57885	255	0	255	255	255	408.511	670.912	0	8.124	1.017	8.476	408.511	670.911	0	400	663	0	18	17	0
48	48	48	20	12240	255	0	255	255	255	428.208	667.312	0	3.475	0.462	3.472	428.208	667.312	0	424	664	0	9	7	0
60	60	60	23	15300	255	0	255	255	255	712.967	667.817	0	3.928	0.293	3.971	712.967	667.817	0	709	664	0	9	9	0
39	39	39	17	9945	255	0	255	255	255	726.846	668.513	0	3.116	0.315	3.191	726.846	668.513	0	724	665	0	7	8	0
109	109	109	33	27795	255	0	255	255	255	775.725	676.128	0	5.557	1.066	5.791	775.725	676.129	0	769	671	0	14	12	0
145	145	145	39	36975	255	0	255	255	255	609.766	679.945	0	6.540	1.547	7.059	609.766	679.945	0	603	672	0	14	16	0
38	38	38	18	9690	255	0	255	255	255	111.921	677.132	0	3.044	0.286	3.056	111.921	677.132	0	109	674	0	7	7	0
335	335	335	93	85425	255	0	255	255	255	798.200	685.701	0	9.964	3.890	9.938	798.201	685.702	0	786	674	0	25	29	0
255	255	255	68	65025	255	0	255	255	255	830.541	681.674	0	9.453	4.464	9.717	830.542	681.674	0	815	675	0	32	14	0
75	75	75	29	19125	255	0	255	255	255	657.347	685.320	0	4.482	1.058	4.693	657.347	685.320	0	653	680	0	9	12	0
107	107	107	34	27285	255	0	255	255	255	295.720	689.299	0	5.489	1.539	5.707	295.720	689.299	0	291	683	0	11	15	0
306	306	306	59	78030	255	0	255	255	255	204.503	694.101	0	9.504	1.529	9.435	204.503	694.102	0	193	685	0	24	19	0
369	369	369	78	94095	255	0	255	255	255	618.759	703.542	0	10.347	4.057	10.912	618.760	703.542	0	609	688	0	19	33	0
384	384	384	106	97920	255	0	255	255	255	768.169	711.828	0	12.705	6.068	12.205	768.170	711.829	0	759	688	0	21	45	0
54	54	54	23	13770	255	0	255	255	255	702.093	694.648	0	3.896	1.111	4.135	702.093	694.648	0	698	690	0	9	10	0
91	91	91	29	23205	255	0	255	255	255	898.396	695.407	0	4.951	0.592	4.872	898.396	695.407	0	894	690	0	10	12	0
83	83	83	27	21165	255	0	255	255	255	537.783	695.904	0	4.707	0.421	4.769	537.783	695.904	0	533	691	0	11	10	0
238	238	238	65	60690	255	0	255	255	255	229.664	702.130	0	8.046	2.879	8.922	229.664	702.130	0	220	692	0	21	21	0
51	51	51	21	13005	255	0	255	255	255	882.176	695.824	0	3.579	0.452	3.565	882.176	695.824	0	879	692	0	7	9	0
172	172	172	49	43860	255	0	255	255	255	388.576	702.070	0	7.349	2.784	7.212	388.576	702.070	0	380	693	0	18	20	0
47	47	47	19	11985	255	0	255	255	255	249.106	696.851	0	3.451	0.392	3.423	249.106	696.851	0	245	694	0	9	7	0
147	147	147	40	37485	255	0	255	255	255	591.204	701.109	0	6.478	1.663	6.892	591.204	701.109	0	583	695	0	17	13	0
24	24	24	13	6120	255	0	255	255	255	53.667	698.125	0	2.346	0.280	2.337	53.667	698.125	0	51	696	0	6	5	0
94	94	94	38	23970	255	0	255	255	255	165.043	700.511	0	5.179	1.896	5.590	165.043	700.511	0	158	696	0	16	9	0
367	367	367	78	93585	255	0	255	255	255	335.758	709.343	0	10.772	3.129	10.407	335.758	709.343	0	325	696	0	22	30	0
87	87	87	27	22185	255	0	255	255	255	653.724	700.862	0	4.832	0.339	4.859	653.724	700.862	0	649	696	0	10	11	0
46	46	46	21	11730	255	0	255	255	255	120.109	699.826	0	3.369	0.385	3.323	120.109	699.826	0	117	697	0	8	7	0
781	781	781	158	199155	255	0	255	255	255	294.709	718.866	0	18.283	8.713	19.234	294.711	718.866	0	271	697	0	53	44	0
148	148	148	59	37740	255	0	255	255	255	302.682	705.020	0	7.407	3.409	7.383	302.682	705.020	0	292	699	0	25	12	0
239	239	239	49	60945	255	0	255	255	255	260.519	709.084	0	8.369	1.168	8.402	260.519	709.084	0	253	700	0	17	20	0
86	86	86	38	21930	255	0	255	255	255	69.291	707.058	0	5.000	1.831	5.225	69.291	707.058	0	64	701	0	12	15	0
82	82	82	29	20910	255	0	255	255	255	367.110	707.110	0	4.670	1.136	4.846	367.110	707.110	0	361	704	0	13	8	0
54	54	54	22	13770	255	0	255	255	255	780.704	707.574	0	3.748	0.444	3.658	780.704	707.574	0	777	704	0	8	8	0
188	188	188	43	47940	255	0	255	255	255	418.473	713.027	0	7.342	1.042	7.537	418.474	713.027	0	410	705	0	16	17	0
45	45	45	19	11475	255	0	255	255	255	683.556	707.867	0	3.350	0.318	3.329	683.556	707.867	0	680	705	0	8	7	0
666	666	666	130	169830	255	0	255	255	255	719.947	720.905	0	13.451	5.084	14.202	719.949	720.906	0	700	707	0	42	26	0
18	18	18	16	4590	255	0	255	255	255	633.167	708.889	0	2.221	1.133	2.157	633.167	708.889	0	629	708	0	9	3	0
407	407	407	66	103785	255	0	255	255	255	440.477	722.806	0	11.050	1.788	11.041	440.478	722.806	0	429	709	0	21	29	0
502	502	502	89	128010	255	0	255	255	255	804.884	724.705	0	12.441	3.190	12.399	804.886	724.704	0	790	712	0	35	25	0
395	395	395	73	100725	255	0	255	255	255	211.980	725.666	0	10.911	2.169	10.552	211.980	725.666	0	199	713	0	23	27	0
21	21	21	12	5355	255	0	255	255	255	354.238	717.190	0	2.208	0.350	2.198	354.238	717.190	0	352	715	0	5	6	0
152	152	152	44	38760	255	0	255	255	255	661.599	720.428	0	6.686	1.961	6.770	661.599	720.427	0	652	715	0	19	12	0
229	229	229	71	58395	255	0	255	255	255	687.306	723.642	0	8.782	3.957	8.656	687.307	723.642	0	674	718	0	30	12	0
65	65	65	26	16575	255	0	255	255	255	251.385	725.338	0	4.149	0.916	4.108	251.385	725.338	0	248	720	0	8	11	0
143	143	143	42	36465	255	0	255	255	255	232.406	733.741	0	6.406	1.677	6.537	232.406	733.742	0	228	725	0	10	18	0
38	38	38	18	9690	255	0	255	255	255	481.079	727.632	0	3.020	0.286	3.075	481.079	727.632	0	478	725	0	7	7	0
93	93	93	34	23715	255	0	255	255	255	931.667	731.065	0	5.562	2.061	5.695	931.667	731.065	0	924	726	0	16	12	0
889	889	889	164	226695	255	0	255	255	255	522.515	742.462	0	19.686	8.775	20.531	522.516	742.462	0	489	728	0	65	31	0
51	51	51	22	13005	255	0	255	255	255	876.902	731.412	0	3.795	0.995	3.915	876.902	731.412	0	872	728	0	10	8	0
4632	4632	4632	622	1181160	255	0	255	255	255	339.916	774.619	0	39.744	15.369	40.055	339.916	774.643	0	274	731	0	130	85	0
76	76	76	27	19380	255	0	255	255	255	899.789	735.276	0	4.456	0.569	4.444	899.789	735.276	0	896	731	0	9	10	0
640	640	640	110	163200	255	0	255	255	255	179.605	743.662	0	15.230	5.596	15.297	179.605	743.661	0	158	732	0	46	24	0
855	855	855	188	218025	255	0	255	255	255	274.160	752.021	0	16.704	6.311	16.255	274.161	752.020	0	249	733	0	49	46	0
45	45	45	19	11475	255	0	255	255	255	121.400	740.822	0	3.351	0.338	3.392	121.400	740.822	0	118	738	0	8	7	0
86	86	86	30	21930	255	0	255	255	255	451.221	744.116	0	4.851	0.898	4.874	451.221	744.116	0	447	738	0	10	12	0
90	90	90	28	22950	255	0	255	255	255	347.111	744.722	0	4.927	0.537	4.914	347.111	744.722	0	343	739	0	10	12	0
224	224	224	60	57120	255	0	255	255	255	404.652	749.750	0	8.139	2.899	8.698	404.652	749.750	0	396	739	0	19	23	0
220	220	220	46	56100	255	0	255	255	255	429.455	748.009	0	8.013	1.005	8.265	429.455	748.009	0	420	739	0	19	18	0
341	341	341	73	86955	255	0	255	255	255	571.933	755.003	0	10.897	4.059	10.588	571.934	755.003	0	556	746	0	31	22	0
155	155	155	40	39525	255	0	255	255	255	213.987	762.110	0	6.614	1.042	6.472	213.987	762.110	0	207	756	0	15	15	0
29	29	29	16	7395	255	0	255	255	255	484.000	760.000	0	2.663	0.550	2.532	484.000	760.000	0	482	757	0	5	7	0
12	12	12	9	3060	255	0	255	255	255	89.333	760.750	0	1.525	0.283	1.530	89.333	760.750	0	88	759	0	4	4	0
243	243	243	61	61965	255	0	255	255	255	477.881	769.375	0	8.396	2.172	9.193	477.881	769.374	0	469	760	0	21	20	0
912	912	912	166	232560	255	0	255	255	255	570.356	781.208	0	16.604	7.209	16.170	570.358	781.209	0	542	764	0	55	35	0
54	54	54	22	13770	255	0	255	255	255	412.852	769.389	0	3.689	0.426	3.715	412.852	769.389	0	409	765	0	8	9	0
147	147	147	42	37485	255	0	255	255	255	519.374	773.517	0	6.535	2.079	6.672	519.374	773.517	0	513	765	0	13	18	0
548	548	548	92	139740	255	0	255	255	255	166.484	777.761	0	12.399	2.709	12.624	166.484	777.760	0	153	766	0	32	25	0
10057	10057	10057	1045	2564535	255	0	255	255	255	661.375	848.034	0	60.121	26.542	57.830	661.380	847.992	0	552	766	0	226	142	0
894	894	894	153	227970	255	0	255	255	255	448.874	786.170	0	15.992	7.170	16.655	448.875	786.169	0	424	767	0	48	38	0
17	17	17	11	4335	255	0	255	255	255	276.588	770.118	0	1.895	0.277	1.927	276.588	770.118	0	275	768	0	4	5	0
104	104	104	36	26520	255	0	255	255	255	401.173	777.548	0	5.394	1.708	5.798	401.173	777.548	0	393	774	0	16	9	0
963	963	963	126	245565	255	0	255	255	255	248.429	796.508	0	17.620	3.430	16.700	248.430	796.509	0	233	777	0	33	46	0
45	45	45	20	11475	255	0	255	255	255	292.556	780.289	0	3.338	0.385	3.390	292.556	780.289	0	289	777	0	8	7	0
69	69	69	24	17595	255	0	255	255	255	486.493	783.522	0	4.249	0.344	4.311	486.493	783.522	0	482	779	0	10	10	0
22	22	22	13	5610	255	0	255	255	255	94.318	786.955	0	2.210	0.305	2.156	94.318	786.955	0	92	785	0	6	5	0
193	193	193	45	49215	255	0	255	255	255	496.373	795.295	0	7.389	1.059	7.201	496.373	795.296	0	489	787	0	15	17	0
166	166	166	41	42330	255	0	255	255	255	421.374	802.223	0	6.835	0.625	6.952	421.374	802.223	0	414	795	0	15	14	0
52	52	52	21	13260	255	0	255	255	255	478.519	798.712	0	3.623	0.296	3.622	478.519	798.712	0	475	795	0	8	8	0
102	102	102	43	26010	255	0	255	255	255	608.529	802.784	0	5.391	1.842	5.385	608.529	802.784	0	604	795	0	11	17	0
319	319	319	64	81345	255	0	255	255	255	141.571	806.326	0	10.069	2.761	9.789	141.571	806.327	0	129	798	0	29	17	0
665	665	665	141	169575	255	0	255	255	255	623.686	822.708	0	15.191	6.413	14.805	623.687	822.708	0	611	798	0	30	48	0
461	461	461	88	117555	255	0	255	255	255	182.991	814.488	0	12.104	3.457	12.282	182.992	814.488	0	169	800	0	27	32	0
48	48	48	22	12240	255	0	255	255	255	83.938	808.583	0	3.512	0.859	3.740	83.938	808.583	0	79	806	0	10	7	0
24	24	24	16	6120	255	0	255	255	255	433.417	809.708	0	2.416	0.886	2.327	433.417	809.708	0	430	808	0	8	4	0
446	446	446	72	113730	255	0	255	255	255	509.226	823.897	0	11.535	2.104	11.490	509.228	823.897	0	498	808	0	24	31	0
434	434	434	72	110670	255	0	255	255	255	223.104	822.272	0	11.499	2.755	11.599	223.104	822.271	0	212	809	0	23	30	0
10	10	10	9	2550	255	0	255	255	255	96.700	811.800	0	1.343	0.410	1.315	96.700	811.800	0	95	811	0	4	3	0
393	393	393	70	100215	255	0	255	255	255	535.939	823.878	0	10.676	1.996	11.185	535.940	823.878	0	526	811	0	21	27	0
19	19	19	12	4845	255	0	255	255	255	271.789	814.947	0	2.009	0.341	2.070	271.789	814.947	0	270	813	0	5	5	0
9425	9425	9425	794	2403375	255	0	255	255	255	403.038	854.334	0	52.500	25.512	48.877	403.038	854.307	0	302	813	0	198	80	0
48	48	48	21	12240	255	0	255	255	255	556.812	816.271	0	3.439	0.395	3.431	556.812	816.271	0	554	813	0	7	8	0
136	136	136	39	34680	255	0	255	255	255	586.529	820.985	0	6.262	1.456	6.298	586.530	820.985	0	581	814	0	12	16	0
49	49	49	23	12495	255	0	255	255	255	473.959	818.959	0	3.476	0.642	3.549	473.959	818.959	0	471	815	0	7	9	0
25	25	25	14	6375	255	0	255	255	255	566.120	819.280	0	2.378	0.292	2.364	566.120	819.280	0	564	817	0	6	6	0
90	90	90	36	22950	255	0	255	255	255	65.178	825.833	0	5.207	1.770	5.099	65.178	825.833	0	60	820	0	11	15	0
116	116	116	34	29580	255	0	255	255	255	77.647	828.491	0	5.621	1.022	5.862	77.647	828.491	0	73	822	0	11	14	0
14	14	14	10	3570	255	0	255	255	255	490.357	825.357	0	1.698	0.473	1.723	490.357	825.357	0	488	824	0	5	4	0
307	307	307	66	78285	255	0	255	255	255	135.658	839.883	0	9.781	2.455	10.212	135.658	839.883	0	123	831	0	26	17	0
164	164	164	53	41820	255	0	255	255	255	536.531	846.835	0	7.610	3.203	7.578	536.531	846.835	0	528	837	0	20	19	0
68	68	68	24	17340	255	0	255	255	255	784.985	852.735	0	4.219	0.292	4.220	784.985	852.735	0	781	848	0	9	10	0
2029	2029	2029	303	517395	255	0	255	255	255	817.025	883.020	0	24.593	9.292	24.992	817.028	883.022	0	778	852	0	71	66	0
533	533	533	111	135915	255	0	255	255	255	244.713	874.107	0	11.969	4.748	13.385	244.714	874.106	0	230	856	0	30	34	0
937	937	937	166	238935	255	0	255	255	255	718.156	886.418	0	18.675	7.733	18.307	718.156	886.419	0	701	857	0	39	60	0
777	777	777	147	198135	255	0	255	255	255	176.632	874.438	0	16.803	6.367	17.705	176.633	874.438	0	151	862	0	54	26	0
40	40	40	18	10200	255	0	255	255	255	298.025	870.925	0	3.137	0.332	3.107	298.025	870.925	0	295	868	0	7	7	0
16	16	16	12	4080	255	0	255	255	255	857.625	869.625	0	1.982	0.656	1.898	857.625	869.625	0	855	868	0	6	4	0
129	129	129	35	32895	255	0	255	255	255	214.845	875.752	0	5.980	0.644	5.942	214.845	875.752	0	209	869	0	12	14	0
341	341	341	65	86955	255	0	255	255	255	1021.850	880.760	0	10.384	2.541	10.464	1021.851	880.760	0	1012	869	0	20	26	0
503	503	503	124	128265	255	0	255	255	255	548.563	890.813	0	12.315	4.679	12.851	548.564	890.814	0	533	870	0	34	40	0
215	215	215	49	54825	255	0	255	255	255	975.181	879.591	0	8.043	1.769	7.979	975.183	879.591	0	968	870	0	16	21	0
565	565	565	107	144075	255	0	255	255	255	901.531	880.347	0	14.341	6.453	14.133	901.533	880.348	0	878	871	0	49	19	0
15	15	15	11	3825	255	0	255	255	255	928.400	873.400	0	1.719	0.250	1.649	928.400	873.400	0	927	872	0	4	4	0
154	154	154	39	39270	255	0	255	255	255	278.136	880.682	0	6.592	0.844	6.737	278.136	880.682	0	271	873	0	15	15	0
314	314	314	55	80070	255	0	255	255	255	949.408	886.175	0	9.620	1.200	9.486	949.409	886.175	0	938	877	0	24	19	0
550	550	550	89	140250	255	0	255	255	255	779.229	895.113	0	13.106	3.434	13.208	779.230	895.114	0	763	883	0	36	25	0
172	172	172	40	43860	255	0	255	255	255	1082.244	890.919	0	7.005	0.948	6.961	1082.245	890.919	0	1076	884	0	15	16	0
17	17	17	11	4335	255	0	255	255	255	494.118	886.941	0	1.905	0.423	2.105	494.118	886.941	0	492	885	0	5	5	0
3850	3850	3850	470	981750	255	0	255	255	255	811.562	924.870	0	45.123	18.678	47.010	811.561	924.838	0	734	886	0	146	73	0
213	213	213	57	54315	255	0	255	255	255	217.700	895.258	0	8.513	2.817	8.573	217.700	895.259	0	208	887	0	21	20	0
578	578	578	91	147390	255	0	255	255	255	324.292	901.028	0	13.469	2.852	14.468	324.293	901.027	0	307	887	0	33	31	0
65	65	65	28	16575	255	0	255	255	255	1057.108	891.723	0	4.227	1.358	4.290	1057.108	891.723	0	1053	887	0	10	11	0
3978	3978	3978	498	1014390	255	0	255	255	255	429.547	943.280	0	42.153	19.125	40.633	429.547	943.277	0	366	889	0	140	87	0
17	17	17	11	4335	255	0	255	255	255	872.412	892.118	0	1.895	0.277	1.927	872.412	892.118	0	871	890	0	4	5	0
29	29	29	15	7395	255	0	255	255	255	909.276	892.655	0	2.594	0.310	2.669	909.276	892.655	0	907	890	0	6	6	0
3905	3905	3905	460	995775	255	0	255	255	255	933.369	931.511	0	37.633	16.945	36.057	933.363	931.496	0	874	891	0	131	80	0
370	370	370	95	94350	255	0	255	255	255	456.219	900.911	0	11.865	5.132	11.939	456.220	900.910	0	437	892	0	41	19	0
69	69	69	28	17595	255	0	255	255	255	602.725	896.130	0	4.241	1.006	4.419	602.725	896.130	0	598	892	0	10	10	0
249	249	249	52	63495	255	0	255	255	255	1011.602	902.068	0	8.688	1.958	8.894	1011.604	902.068	0	1001	894	0	22	19	0
17	17	17	11	4335	255	0	255	255	255	972.882	896.941	0	1.905	0.423	2.105	972.882	896.941	0	971	895	0	5	5	0
12	12	12	9	3060	255	0	255	255	255	865.667	901.250	0	1.525	0.283	1.530	865.667	901.250	0	864	900	0	4	4	0
61	61	61	23	15555	255	0	255	255	255	572.475	905.459	0	3.965	0.405	3.836	572.475	905.459	0	569	901	0	8	10	0
455	455	455	112	116025	255	0	255	255	255	484.943	918.116	0	11.545	4.149	12.228	484.944	918.115	0	468	903	0	32	29	0
193	193	193	53	49215	255	0	255	255	255	134.098	912.109	0	7.913	2.414	7.967	134.098	912.108	0	126	905	0	21	17	0
39	39	39	18	9945	255	0	255	255	255	518.333	909.462	0	3.081	0.481	3.039	518.333	909.462	0	515	906	0	7	8	0
28	28	28	15	7140	255	0	255	255	255	540.607	908.821	0	2.538	0.289	2.586	540.607	908.821	0	538	906	0	6	6	0
176	176	176	57	44880	255	0	255	255	255	618.727	915.017	0	6.615	2.412	7.049	618.728	915.017	0	610	906	0	17	17	0
250	250	250	53	63750	255	0	255	255	255	109.612	916.628	0	8.566	1.474	8.519	109.612	916.628	0	101	907	0	17	21	0
39	39	39	18	9945	255	0	255	255	255	270.000	911.231	0	3.080	0.295	3.053	270.000	911.231	0	267	908	0	7	7	0
47	47	47	20	11985	255	0	255	255	255	246.447	911.851	0	3.429	0.307	3.458	246.447	911.851	0	243	909	0	8	7	0
2068	2068	2068	248	527340	255	0	255	255	255	553.520	941.655	0	28.696	11.577	31.543	553.522	941.636	0	505	913	0	87	49	0
295	295	295	61	75225	255	0	255	255	255	234.614	925.003	0	9.238	1.845	9.598	234.614	925.003	0	226	914	0	19	25	0
246	246	246	53	62730	255	0	255	255	255	532.870	922.890	0	8.497	1.531	8.156	532.871	922.890	0	522	915	0	23	17	0
230	230	230	55	58650	255	0	255	255	255	349.817	926.704	0	8.103	1.541	8.141	349.818	926.705	0	341	916	0	18	19	0
63	63	63	25	16065	255	0	255	255	255	652.683	923.032	0	4.192	0.989	4.242	652.683	923.032	0	648	919	0	10	10	0
47	47	47	20	11985	255	0	255	255	255	282.170	924.128	0	3.427	0.387	3.379	282.170	924.128	0	278	921	0	9	7	0
77	77	77	30	19635	255	0	255	255	255	701.312	925.883	0	4.675	1.462	4.645	701.312	925.883	0	695	922	0	14	8	0
51	51	51	28	13005	255	0	255	255	255	674.569	928.647	0	3.822	1.303	3.809	674.569	928.647	0	670	923	0	12	9	0
183	183	183	45	46665	255	0	255	255	255	616.470	933.388	0	7.221	1.392	7.410	616.471	933.389	0	607	926	0	18	14	0
80	80	80	29	20400	255	0	255	255	255	598.125	932.938	0	4.624	0.981	4.863	598.125	932.938	0	594	927	0	9	12	0
129	129	129	46	32895	255	0	255	255	255	145.178	936.310	0	6.352	2.651	6.525	145.178	936.310	0	138	928	0	15	18	0
98	98	98	71	24990	255	0	255	255	255	28.633	952.571	0	9.521	5.869	8.892	28.633	952.572	0	27	929	0	5	41	0
333	333	333	72	84915	255	0	255	255	255	897.360	942.063	0	10.265	3.414	10.661	897.362	942.063	0	886	929	0	26	25	0
15	15	15	11	3825	255	0	255	255	255	446.267	931.533	0	1.781	0.498	1.795	446.267	931.533	0	444	930	0	6	4	0
29	29	29	15	7395	255	0	255	255	255	158.310	933.552	0	2.610	0.234	2.643	158.310	933.552	0	156	931	0	6	6	0
22	22	22	13	5610	255	0	255	255	255	176.909	934.091	0	2.201	0.208	2.199	176.909	934.091	0	175	932	0	5	5	0
113	113	113	35	28815	255	0	255	255	255	211.230	936.929	0	5.686	1.326	5.770	211.230	936.929	0	204	932	0	15	11	0
86	86	86	31	21930	255	0	255	255	255	640.360	935.628	0	4.802	1.392	5.139	640.360	935.628	0	634	932	0	13	9	0
583	583	583	166	148665	255	0	255	255	255	290.623	948.732	0	13.934	6.023	13.626	290.624	948.732	0	273	933	0	41	41	0
77	77	77	27	19635	255	0	255	255	255	332.234	939.844	0	4.534	0.978	4.718	332.234	939.844	0	327	936	0	12	9	0
103	103	103	41	26265	255	0	255	255	255	267.068	943.864	0	5.726	2.350	5.375	267.068	943.864	0	257	940	0	20	8	0
642	642	642	87	163710	255	0	255	255	255	373.620	960.142	0	13.973	1.993	13.864	373.621	960.141	0	362	944	0	24	34	0
44	44	44	21	11220	255	0	255	255	255	160.432	950.250	0	3.327	0.643	3.299	160.432	950.250	0	156	946	0	9	8	0
621	621	621	108	158355	255	0	255	255	255	344.725	967.320	0	14.209	5.892	14.738	344.726	967.318	0	333	948	0	23	44	0
1743	1743	1743	252	444465	255	0	255	255	255	1028.477	989.703	0	23.469	9.189	24.688	1028.476	989.702	0	1003	951	0	53	68	0
220	220	220	65	56100	255	0	255	255	255	215.964	961.173	0	8.776	3.519	8.901	215.964	961.172	0	201	953	0	27	17	0
77	77	77	26	19635	255	0	255	255	255	985.299	957.468	0	4.524	0.346	4.542	985.299	957.468	0	981	953	0	10	10	0
15	15	15	11	3825	255	0	255	255	255	97.400	955.600	0	1.719	0.250	1.649	97.400	955.600	0	96	954	0	4	4	0
19	19	19	13	4845	255	0	255	255	255	112.421	955.895	0	1.989	0.340	1.941	112.421	955.895	0	111	954	0	4	5	0
31	31	31	16	7905	255	0	255	255	255	1031.032	956.806	0	2.690	0.374	2.763	1031.032	956.806	0	1028	954	0	7	6	0
499	499	499	129	127245	255	0	255	255	255	127.982	972.192	0	11.624	4.378	12.157	127.982	972.193	0	112	956	0	33	30	0
554	554	554	102	141270	255	0	255	255	255	1061.848	965.581	0	14.580	5.870	14.744	1061.849	965.580	0	1037	956	0	46	23	0
351	351	351	89	89505	255	0	255	255	255	248.490	975.513	0	11.075	4.731	11.500	248.490	975.513	0	237	958	0	24	35	0
83	83	83	29	21165	255	0	255	255	255	888.349	965.771	0	4.708	0.594	4.696	888.349	965.771	0	884	961	0	10	10	0
861	861	861	138	219555	255	0	255	255	255	1102.578	975.618	0	16.512	6.469	16.572	1102.579	975.618	0	1083	961	0	48	33	0
127	127	127	36	32385	255	0	255	255	255	187.409	971.465	0	5.890	0.767	6.111	187.409	971.465	0	181	966	0	14	12	0
12	12	12	9	3060	255	0	255	255	255	328.833	966.917	0	1.529	0.423	1.484	328.833	966.917	0	327	966	0	5	3	0
17	17	17	11	4335	255	0	255	255	255	103.529	968.529	0	1.908	0.393	1.618	103.529	968.529	0	102	967	0	5	5	0
92	92	92	28	23460	255	0	255	255	255	950.326	972.380	0	4.993	0.468	4.953	950.326	972.380	0	946	967	0	10	12	0
147	147	147	39	37485	255	0	255	255	255	1145.912	972.687	0	6.462	1.080	6.148	1145.913	972.688	0	1138	967	0	17	12	0
286	286	286	59	72930	255	0	255	255	255	916.769	979.388	0	9.259	1.461	9.089	916.771	979.388	0	904	970	0	24	18	0
728	728	728	150	185640	255	0	255	255	255	1179.254	988.729	0	15.799	6.418	17.032	1179.254	988.730	0	1162	971	0	35	45	0
638	638	638	424	162690	255	0	255	255	255	21.404	1085.984	0	50.459	27.600	52.838	21.404	1085.985	0	11	972	0	37	192	0
1450	1450	1450	211	369750	255	0	255	255	255	389.665	1003.426	0	21.165	7.506	21.638	389.666	1003.424	0	365	972	0	49	65	0
1147	1147	1147	194	292485	255	0	255	255	255	970.473	994.398	0	19.864	8.677	19.497	970.476	994.400	0	937	972	0	65	40	0
43	43	43	19	10965	255	0	255	255	255	79.326	976.070	0	3.292	0.457	3.216	79.326	976.070	0	75	973	0	9	7	0
219	219	219	48	55845	255	0	255	255	255	317.370	985.046	0	8.070	1.539	7.434	317.370	985.045	0	311	975	0	15	21	0
120	120	120	38	30600	255	0	255	255	255	92.975	981.075	0	6.033	1.770	6.023	92.975	981.075	0	85	976	0	17	11	0
17	17	17	11	4335	255	0	255	255	255	69.647	978.412	0	1.965	0.486	1.715	69.647	978.412	0	67	977	0	6	4	0
605	605	605	130	154275	255	0	255	255	255	465.664	995.547	0	15.511	6.378	14.720	465.666	995.548	0	447	977	0	31	46	0
197	197	197	47	50235	255	0	255	255	255	218.452	985.320	0	7.700	1.507	7.639	218.452	985.320	0	207	978	0	22	15	0
33	33	33	17	8415	255	0	255	255	255	1242.394	982.151	0	2.930	0.612	2.876	1242.394	982.151	0	1240	978	0	6	8	0
55	55	55	28	14025	255	0	255	255	255	168.927	985.764	0	4.031	1.558	3.901	168.927	985.764	0	163	984	0	14	5	0
74	74	74	25	18870	255	0	255	255	255	419.905	991.581	0	4.414	0.306	4.487	419.905	991.581	0	416	987	0	9	10	0
556	556	556	76	141780	255	0	255	255	255	510.622	1002.773	0	13.039	2.213	12.830	510.623	1002.772	0	497	987	0	25	34	0
105	105	105	33	26775	255	0	255	255	255	1197.305	996.524	0	5.430	0.956	5.035	1197.306	996.524	0	1193	989	0	10	15	0
39	39	39	21	9945	255	0	255	255	255	1145.487	996.820	0	3.171	1.096	3.307	1145.487	996.820	0	1143	992	0	6	10	0
21	21	21	13	5355	255	0	255	255	255	281.286	997.571	0	2.128	0.500	2.232	281.286	997.571	0	279	995	0	5	6	0
410	410	410	83	104550	255	0	255	255	255	436.900	1009.810	0	10.500	2.400	10.750	436.901	1009.809	0	423	997	0	28	26	0
99	99	99	35	25245	255	0	255	255	255	1161.343	1005.414	0	5.545	1.794	5.936	1161.344	1005.414	0	1156	998	0	12	15	0
130	130	130	42	33150	255	0	255	255	255	342.446	1009.638	0	6.295	2.179	6.267	342.446	1009.638	0	338	999	0	10	20	0
87	87	87	27	22185	255	0	255	255	255	1062.103	1011.690	0	4.863	0.529	4.906	1062.104	1011.689	0	1057	1006	0	11	12	0
53	53	53	21	13515	255	0	255	255	255	1121.321	1009.641	0	3.663	0.249	3.697	1121.321	1009.641	0	1118	1006	0	8	8	0
14	14	14	10	3570	255	0	255	255	255	304.000	1009.643	0	1.759	0.554	1.686	304.000	1009.643	0	303	1007	0	4	6	0
66	66	66	24	16830	255	0	255	255	255	1210.303	1011.576	0	4.152	0.587	4.058	1210.303	1011.576	0	1205	1008	0	11	8	0
34	34	34	17	8670	255	0	255	255	255	1080.706	1014.118	0	2.848	0.343	2.897	1080.706	1014.118	0	1078	1011	0	7	7	0
51	51	51	21	13005	255	0	255	255	255	1140.373	1015.784	0	3.579	0.453	3.634	1140.373	1015.784	0	1137	1012	0	8	9	0
89	89	89	40	22695	255	0	255	255	255	445.506	1033.865	0	4.952	2.196	5.270	445.506	1033.865	0	437	1030	0	17	9	0
985	985	985	663	251175	255	0	255	255	255	208.952	1183.666	0	83.769	49.125	82.778	208.953	1183.661	0	48	1164	0	336	41	0
162	162	162	116	41310	255	0	255	255	255	420.901	1208.395	0	17.130	9.012	17.122	420.901	1208.396	0	385	1204	0	67	9	0
