Volume (pixel^3)	Surface (pixel^2)	Nb of obj. voxels	Nb of surf. voxels	IntDen	Mean	StdDev	Median	Min	Max	X	Y	Z	Mean dist. to surf. (pixel)	SD dist. to surf. (pixel)	Median dist. to surf. (pixel)	XM	YM	ZM	BX	BY	BZ	B-width	B-height	B-depth
15991	15991	15991	10161	4077705	255	0	255	255	255	680.019	530.165	0	719.426	112.194	728.191	680.052	530.218	0	0	0	0	1455	1090	0
125	125	125	36	31875	255	0	255	255	255	387.936	85.216	0	5.868	0.586	5.858	387.936	85.216	0	382	79	0	13	13	0
195	195	195	44	49725	255	0	255	255	255	385.903	120.308	0	7.433	0.445	7.376	385.903	120.308	0	379	113	0	15	16	0
150	150	150	39	38250	255	0	255	255	255	48.653	152.453	0	6.472	0.859	6.463	48.653	152.453	0	43	145	0	12	16	0
319	319	319	58	81345	255	0	255	255	255	26.972	178.313	0	9.655	1.024	9.526	26.972	178.313	0	17	169	0	20	20	0
17847	17847	17847	1392	4550985	255	0	255	255	255	1023.298	270.743	0	99.266	52.585	100.627	1023.303	270.741	0	843	173	0	346	218	0
98	98	98	29	24990	255	0	255	255	255	55.122	187.122	0	5.146	0.291	5.171	55.122	187.122	0	50	182	0	11	11	0
195	195	195	45	49725	255	0	255	255	255	296.533	201.569	0	7.440	0.881	7.584	296.533	201.569	0	290	194	0	14	18	0
177	177	177	44	45135	255	0	255	255	255	29.339	225.475	0	7.183	1.767	7.544	29.339	225.475	0	22	217	0	16	18	0
99	99	99	29	25245	255	0	255	255	255	36.970	249.091	0	5.191	0.419	5.091	36.970	249.091	0	32	244	0	12	11	0
214	214	214	48	54570	255	0	255	255	255	76.355	278.659	0	7.874	1.451	7.976	76.355	278.659	0	70	269	0	15	20	0
114	114	114	32	29070	255	0	255	255	255	360.395	304.807	0	5.630	0.547	5.710	360.395	304.807	0	355	299	0	12	13	0
422	422	422	67	107610	255	0	255	255	255	286.476	320.227	0	11.238	1.767	10.802	286.477	320.228	0	276	307	0	21	28	0
524	524	524	81	133620	255	0	255	255	255	366.277	331.956	0	12.628	2.707	12.565	366.278	331.956	0	350	317	0	30	27	0
148	148	148	36	37740	255	0	255	255	255	247.845	349.486	0	6.436	0.375	6.425	247.845	349.486	0	241	343	0	14	14	0
671	671	671	91	171105	255	0	255	255	255	832.061	358.033	0	14.277	2.501	14.299	832.062	358.033	0	816	343	0	35	31	0
183	183	183	43	46665	255	0	255	255	255	286.301	351.038	0	7.290	1.219	7.374	286.301	351.038	0	278	344	0	17	15	0
129	129	129	36	32895	255	0	255	255	255	63.233	352.969	0	6.008	1.092	6.234	63.233	352.969	0	57	346	0	14	15	0
90	90	90	28	22950	255	0	255	255	255	796.211	369.056	0	4.948	0.402	5.033	796.211	369.056	0	791	364	0	11	11	0
165	165	165	40	42075	255	0	255	255	255	773.673	382.642	0	6.798	0.585	6.830	773.674	382.642	0	767	376	0	15	14	0
894	894	894	147	227970	255	0	255	255	255	827.548	395.465	0	18.103	7.821	19.149	827.550	395.466	0	802	381	0	59	31	0
114	114	114	33	29070	255	0	255	255	255	752.886	399.807	0	5.583	0.661	5.440	752.886	399.807	0	748	394	0	12	13	0
183	183	183	42	46665	255	0	255	255	255	354.628	411.098	0	7.186	0.488	7.233	354.628	411.099	0	348	403	0	14	17	0
374	374	374	63	95370	255	0	255	255	255	813.829	429.254	0	10.465	1.150	10.535	813.830	429.254	0	802	420	0	25	20	0
253	253	253	51	64515	255	0	255	255	255	232.751	433.953	0	8.540	1.034	8.744	232.751	433.953	0	225	425	0	17	19	0
139	139	139	35	35445	255	0	255	255	255	716.144	435.273	0	6.211	0.347	6.187	716.144	435.273	0	710	429	0	13	14	0
168	168	168	39	42840	255	0	255	255	255	693.292	438.310	0	6.984	1.079	7.298	693.292	438.310	0	686	431	0	16	15	0
495	495	495	81	126225	255	0	255	255	255	761.796	451.515	0	12.330	3.355	12.539	761.797	451.515	0	746	443	0	34	19	0
147	147	147	37	37485	255	0	255	255	255	788.837	452.503	0	6.444	0.652	6.505	788.838	452.503	0	782	446	0	14	14	0
191	191	191	45	48705	255	0	255	255	255	666.288	469.340	0	7.353	1.274	7.624	666.289	469.340	0	660	461	0	13	18	0
365	365	365	61	93075	255	0	255	255	255	709.474	483.405	0	10.341	1.134	10.521	709.475	483.406	0	700	471	0	20	25	0
376	376	376	63	95880	255	0	255	255	255	304.045	481.846	0	10.497	0.883	10.484	304.046	481.846	0	293	472	0	23	21	0
151	151	151	37	38505	255	0	255	255	255	744.675	487.007	0	6.504	0.427	6.441	744.676	487.007	0	738	481	0	15	13	0
477	477	477	72	121635	255	0	255	255	255	650.069	495.444	0	11.901	1.210	12.157	650.070	495.445	0	639	482	0	25	27	0
166	166	166	42	42330	255	0	255	255	255	348.500	492.807	0	6.811	0.845	6.943	348.500	492.807	0	342	485	0	13	16	0
155	155	155	39	39525	255	0	255	255	255	104.316	498.800	0	6.562	0.959	6.775	104.316	498.800	0	97	493	0	16	12	0
228	228	228	47	58140	255	0	255	255	255	725.425	501.570	0	8.066	0.627	7.999	725.427	501.570	0	718	494	0	17	17	0
131	131	131	35	33405	255	0	255	255	255	125.252	503.229	0	6.008	0.492	6.015	125.252	503.229	0	119	498	0	14	12	0
1442	1442	1442	186	367710	255	0	255	255	255	570.163	531.886	0	24.497	11.871	23.750	570.164	531.887	0	534	502	0	72	60	0
144	144	144	36	36720	255	0	255	255	255	222.542	510.368	0	6.364	0.660	6.511	222.542	510.368	0	216	504	0	14	14	0
99	99	99	30	25245	255	0	255	255	255	708.737	509.869	0	5.155	0.309	5.177	708.737	509.869	0	704	505	0	11	11	0
231	231	231	47	58905	255	0	255	255	255	55.346	520.909	0	8.174	0.815	8.322	55.346	520.909	0	48	512	0	16	19	0
384	384	384	67	97920	255	0	255	255	255	691.151	526.094	0	10.905	2.285	11.281	691.152	526.094	0	681	514	0	23	27	0
146	146	146	36	37230	255	0	255	255	255	338.808	521.027	0	6.385	0.384	6.300	338.808	521.027	0	332	515	0	15	13	0
360	360	360	59	91800	255	0	255	255	255	662.483	525.636	0	10.258	0.487	10.230	662.484	525.636	0	651	516	0	23	21	0
163	163	163	39	41565	255	0	255	255	255	621.098	524.129	0	6.745	0.529	6.903	621.099	524.129	0	614	518	0	15	13	0
303	303	303	57	77265	255	0	255	255	255	1340.003	529.719	0	9.339	0.793	9.399	1340.004	529.720	0	1331	520	0	20	19	0
212	212	212	47	54060	255	0	255	255	255	101.580	530.566	0	7.775	1.025	7.898	101.580	530.566	0	95	522	0	14	19	0
4224	4224	4224	334	1077120	255	0	255	255	255	427.133	568.712	0	35.373	12.143	36.337	427.135	568.722	0	374	530	0	101	81	0
173	173	173	44	44115	255	0	255	255	255	84.035	544.532	0	7.055	1.675	7.191	84.035	544.532	0	75	539	0	19	12	0
150	150	150	38	38250	255	0	255	255	255	44.787	551.907	0	6.458	0.808	6.619	44.787	551.907	0	39	545	0	12	16	0
665	665	665	127	169575	255	0	255	255	255	564.651	578.298	0	15.608	7.559	15.820	564.652	578.298	0	539	564	0	52	30	0
350	350	350	64	89250	255	0	255	255	255	522.206	587.326	0	10.614	2.919	10.692	522.207	587.326	0	512	574	0	21	28	0
396	396	396	62	100980	255	0	255	255	255	78.937	593.836	0	10.786	0.781	10.724	78.937	593.836	0	69	583	0	22	23	0
145	145	145	37	36975	255	0	255	255	255	161.393	605.234	0	6.367	0.962	6.473	161.393	605.235	0	156	598	0	12	16	0
118	118	118	32	30090	255	0	255	255	255	350.356	603.822	0	5.703	0.467	5.735	350.356	603.822	0	345	598	0	12	13	0
467	467	467	79	119085	255	0	255	255	255	383.167	615.887	0	12.043	3.652	12.205	383.168	615.887	0	368	604	0	32	24	0
173	173	173	43	44115	255	0	255	255	255	54.486	613.439	0	6.977	1.183	7.341	54.486	613.440	0	48	605	0	14	17	0
137	137	137	35	34935	255	0	255	255	255	524.511	611.672	0	6.224	0.770	6.506	524.511	611.672	0	518	605	0	14	14	0
1829	1829	1829	255	466395	255	0	255	255	255	497.167	641.296	0	25.719	10.760	26.203	497.168	641.297	0	467	610	0	78	65	0
157	157	157	39	40035	255	0	255	255	255	274.745	618.936	0	6.636	0.981	6.770	274.745	618.936	0	269	611	0	13	17	0
205	205	205	45	52275	255	0	255	255	255	229.698	620.419	0	7.788	1.162	7.858	229.698	620.420	0	222	612	0	17	17	0
208	208	208	45	53040	255	0	255	255	255	540.817	625.846	0	7.669	0.803	7.845	540.818	625.846	0	532	619	0	18	15	0
187	187	187	44	47685	255	0	255	255	255	593.021	628.246	0	7.248	0.601	7.242	593.022	628.246	0	586	621	0	15	16	0
222	222	222	48	56610	255	0	255	255	255	338.000	632.928	0	8.033	1.330	8.396	338.000	632.928	0	330	624	0	16	19	0
643	643	643	92	163965	255	0	255	255	255	943.232	637.547	0	14.363	4.209	14.799	943.233	637.548	0	924	625	0	40	27	0
193	193	193	42	49215	255	0	255	255	255	461.560	635.456	0	7.402	0.463	7.434	461.560	635.456	0	454	628	0	17	15	0
30	30	30	17	7650	255	0	255	255	255	396.800	633.200	0	2.644	0.544	2.807	396.800	633.200	0	394	631	0	7	5	0
146	146	146	38	37230	255	0	255	255	255	350.171	650.288	0	6.414	1.075	6.493	350.171	650.288	0	343	643	0	16	15	0
377	377	377	63	96135	255	0	255	255	255	759.244	657.156	0	10.568	1.546	10.591	759.245	657.157	0	747	647	0	26	21	0
369	369	369	61	94095	255	0	255	255	255	571.238	661.986	0	10.583	1.623	10.544	571.240	661.987	0	562	649	0	20	26	0
203	203	203	44	51765	255	0	255	255	255	385.025	659.167	0	7.614	0.800	7.720	385.025	659.168	0	378	651	0	15	18	0
178	178	178	41	45390	255	0	255	255	255	141.562	660.107	0	7.189	1.314	7.520	141.562	660.107	0	133	653	0	18	15	0
147	147	147	35	37485	255	0	255	255	255	105.667	661.816	0	6.542	0.956	6.824	105.667	661.817	0	99	655	0	14	15	0
351	351	351	62	89505	255	0	255	255	255	446.402	667.809	0	10.234	1.777	10.106	446.403	667.809	0	438	655	0	19	26	0
209	209	209	46	53295	255	0	255	255	255	396.220	681.244	0	7.833	1.239	8.119	396.220	681.244	0	388	674	0	18	16	0
172	172	172	43	43860	255	0	255	255	255	455.378	690.424	0	6.971	1.341	7.242	455.378	690.425	0	450	682	0	12	18	0
777	777	777	105	198135	255	0	255	255	255	538.885	703.577	0	16.233	5.304	16.531	538.886	703.578	0	523	684	0	34	42	0
60	60	60	24	15300	255	0	255	255	255	375.350	691.367	0	3.921	0.401	3.813	375.350	691.367	0	371	688	0	9	8	0
584	584	584	92	148920	255	0	255	255	255	838.616	699.942	0	13.388	4.422	14.519	838.618	699.943	0	820	689	0	37	23	0
311	311	311	72	79305	255	0	255	255	255	227.039	711.408	0	9.986	4.107	10.387	227.039	711.408	0	219	696	0	16	31	0
215	215	215	44	54825	255	0	255	255	255	508.237	704.758	0	7.976	1.013	8.257	508.238	704.758	0	500	696	0	17	18	0
350	350	350	59	89250	255	0	255	255	255	595.283	716.040	0	10.098	0.843	10.158	595.284	716.040	0	584	707	0	23	19	0
273	273	273	52	69615	255	0	255	255	255	661.615	722.868	0	8.888	1.018	8.858	661.616	722.868	0	654	713	0	17	21	0
177	177	177	42	45135	255	0	255	255	255	437.192	724.492	0	7.192	1.616	7.531	437.192	724.492	0	430	716	0	16	18	0
464	464	464	102	118320	255	0	255	255	255	315.071	739.060	0	13.585	6.412	13.502	315.072	739.061	0	308	717	0	15	47	0
189	189	189	43	48195	255	0	255	255	255	172.921	728.275	0	7.360	0.752	7.286	172.921	728.275	0	165	721	0	17	15	0
42	42	42	18	10710	255	0	255	255	255	281.548	725.429	0	3.244	0.451	3.465	281.548	725.429	0	278	722	0	8	8	0
72	72	72	26	18360	255	0	255	255	255	838.931	729.792	0	4.338	0.378	4.315	838.931	729.792	0	834	726	0	11	9	0
162	162	162	40	41310	255	0	255	255	255	353.420	735.364	0	6.769	1.141	6.960	353.420	735.365	0	345	729	0	17	13	0
22	22	22	13	5610	255	0	255	255	255	828.909	732.909	0	2.201	0.208	2.199	828.909	732.909	0	827	731	0	5	5	0
206	206	206	45	52530	255	0	255	255	255	489.019	750.257	0	7.820	1.298	8.079	489.020	750.257	0	481	742	0	17	17	0
244	244	244	51	62220	255	0	255	255	255	167.459	753.959	0	8.369	1.253	8.555	167.459	753.959	0	158	747	0	21	15	0
99	99	99	30	25245	255	0	255	255	255	561.182	751.768	0	5.307	0.971	5.301	561.182	751.768	0	555	747	0	14	11	0
135	135	135	37	34425	255	0	255	255	255	405.185	763.667	0	6.094	1.153	6.268	405.185	763.667	0	400	756	0	11	16	0
430	430	430	89	109650	255	0	255	255	255	601.795	768.874	0	11.369	4.427	11.667	601.796	768.875	0	587	758	0	32	25	0
273	273	273	52	69615	255	0	255	255	255	292.509	769.165	0	9.010	1.457	9.070	292.509	769.165	0	283	760	0	20	20	0
155	155	155	40	39525	255	0	255	255	255	572.052	777.723	0	6.750	1.537	7.315	572.052	777.722	0	565	770	0	15	16	0
151	151	151	38	38505	255	0	255	255	255	115.874	778.007	0	6.685	1.335	7.160	115.874	778.006	0	108	771	0	16	15	0
183	183	183	44	46665	255	0	255	255	255	398.202	781.689	0	7.253	1.373	7.541	398.202	781.688	0	391	773	0	15	18	0
265	265	265	51	67575	255	0	255	255	255	540.498	783.849	0	9.016	1.700	9.499	540.499	783.849	0	531	775	0	20	19	0
156	156	156	43	39780	255	0	255	255	255	267.429	790.231	0	6.782	1.795	6.919	267.429	790.231	0	260	784	0	17	14	0
906	906	906	140	231030	255	0	255	255	255	448.072	812.414	0	17.460	6.515	17.114	448.073	812.415	0	430	786	0	32	55	0
234	234	234	50	59670	255	0	255	255	255	71.551	827.701	0	8.202	0.997	8.212	71.551	827.701	0	64	818	0	16	20	0
197	197	197	45	50235	255	0	255	255	255	321.898	846.376	0	7.551	1.518	7.791	321.898	846.376	0	313	839	0	19	15	0
117	117	117	33	29835	255	0	255	255	255	384.410	868.325	0	5.651	0.336	5.664	384.410	868.325	0	379	863	0	12	12	0
255	255	255	48	65025	255	0	255	255	255	112.345	879.067	0	8.575	0.460	8.608	112.345	879.067	0	103	871	0	19	17	0
84	84	84	28	21420	255	0	255	255	255	614.036	880.048	0	4.705	0.438	4.942	614.036	880.048	0	609	876	0	11	9	0
132	132	132	34	33660	255	0	255	255	255	424.591	884.765	0	6.096	0.650	5.936	424.591	884.765	0	419	878	0	13	15	0
113	113	113	33	28815	255	0	255	255	255	538.469	885.416	0	5.558	0.770	5.674	538.469	885.416	0	532	881	0	14	10	0
328	328	328	65	83640	255	0	255	255	255	271.738	894.671	0	9.971	2.176	10.097	271.738	894.671	0	259	884	0	27	19	0
138	138	138	37	35190	255	0	255	255	255	194.942	900.493	0	6.195	0.641	6.065	194.942	900.493	0	188	895	0	15	12	0
142	142	142	37	36210	255	0	255	255	255	456.549	907.754	0	6.367	1.142	6.152	456.549	907.754	0	451	900	0	12	17	0
32	32	32	16	8160	255	0	255	255	255	101.656	943.656	0	2.745	0.442	2.736	101.656	943.656	0	99	941	0	7	6	0
70	70	70	25	17850	255	0	255	255	255	91.129	948.743	0	4.292	0.573	4.246	91.129	948.743	0	86	945	0	11	9	0
12	12	12	9	3060	255	0	255	255	255	103.250	999.583	0	1.584	0.387	1.603	103.250	999.583	0	101	998	0	5	4	0
