Volume (pixel^3)	Surface (pixel^2)	Nb of obj. voxels	Nb of surf. voxels	IntDen	Mean	StdDev	Median	Min	Max	X	Y	Z	Mean dist. to surf. (pixel)	SD dist. to surf. (pixel)	Median dist. to surf. (pixel)	XM	YM	ZM	BX	BY	BZ	B-width	B-height	B-depth
346	346	346	337	88230	255	0	255	255	255	5.214	51.358	0	39.387	20.389	42.567	5.214	51.358	0	0	0	0	47	133	0
486	486	486	353	123930	255	0	255	255	255	143.461	10.652	0	48.929	28.130	46.598	143.461	10.652	0	48	3	0	199	17	0
47	47	47	41	11985	255	0	255	255	255	256.532	20.277	0	5.214	2.953	5.475	256.532	20.277	0	248	19	0	20	3	0
28	28	28	24	7140	255	0	255	255	255	302.893	24.679	0	3.376	2.053	3.152	302.893	24.679	0	298	24	0	14	3	0
4213	4213	4213	3082	1074315	255	0	255	255	255	1108.083	232.684	0	424.413	159.931	371.816	1108.109	232.684	0	373	27	0	1056	881	0
331	331	331	103	84405	255	0	255	255	255	337.743	41.456	0	10.640	4.499	10.481	337.744	41.456	0	322	28	0	33	27	0
1259	1259	1259	222	321045	255	0	255	255	255	359.663	74.183	0	21.957	11.270	19.834	359.665	74.183	0	344	31	0	31	80	0
42	42	42	18	10710	255	0	255	255	255	261.810	37.143	0	3.244	0.352	3.220	261.810	37.143	0	259	34	0	7	8	0
26	26	26	15	6630	255	0	255	255	255	297.115	43.654	0	2.441	0.564	2.507	297.115	43.654	0	294	42	0	7	5	0
25	25	25	14	6375	255	0	255	255	255	308.080	44.440	0	2.381	0.296	2.458	308.080	44.440	0	306	42	0	5	6	0
428	428	428	104	109140	255	0	255	255	255	265.425	64.210	0	12.746	4.498	12.992	265.426	64.210	0	256	44	0	19	41	0
26	26	26	15	6630	255	0	255	255	255	282.038	48.692	0	2.413	0.328	2.422	282.038	48.692	0	280	46	0	5	6	0
301	301	301	78	76755	255	0	255	255	255	329.243	79.814	0	9.331	2.958	8.866	329.243	79.814	0	321	65	0	21	29	0
421	421	421	89	107355	255	0	255	255	255	298.976	85.651	0	12.197	4.740	11.825	298.977	85.651	0	287	68	0	24	35	0
2732	2732	2732	345	696660	255	0	255	255	255	41.465	125.470	0	30.968	13.681	29.729	41.466	125.470	0	19	79	0	42	109	0
2628	2628	2628	384	670140	255	0	255	255	255	250.857	168.749	0	40.989	21.665	39.875	250.859	168.749	0	230	91	0	46	157	0
131	131	131	38	33405	255	0	255	255	255	332.779	103.702	0	6.191	1.687	6.799	332.779	103.702	0	326	97	0	15	14	0
63	63	63	25	16065	255	0	255	255	255	294.730	109.492	0	4.066	0.937	3.911	294.730	109.492	0	289	106	0	12	8	0
505	505	505	82	128775	255	0	255	255	255	303.224	131.731	0	12.374	2.487	12.885	303.225	131.731	0	293	117	0	22	30	0
11748	11748	11748	1558	2995740	255	0	255	255	255	1139.628	249.029	0	93.798	52.606	89.701	1139.680	249.033	0	982	118	0	321	255	0
743	743	743	124	189465	255	0	255	255	255	343.284	142.055	0	14.107	4.412	14.230	343.285	142.055	0	329	127	0	32	36	0
711	711	711	104	181305	255	0	255	255	255	305.360	169.129	0	14.921	3.620	14.919	305.361	169.129	0	294	152	0	26	41	0
14	14	14	11	3570	255	0	255	255	255	17.929	154.857	0	1.659	0.477	1.567	17.929	154.857	0	17	153	0	3	5	0
169	169	169	43	43095	255	0	255	255	255	276.935	163.272	0	7.022	1.408	6.973	276.935	163.272	0	270	153	0	15	20	0
1268	1268	1268	185	323340	255	0	255	255	255	335.098	204.603	0	21.921	8.743	21.781	335.099	204.603	0	314	171	0	44	68	0
199	199	199	58	50745	255	0	255	255	255	282.663	196.583	0	8.162	3.407	8.203	282.663	196.583	0	278	184	0	10	27	0
1170	1170	1170	231	298350	255	0	255	255	255	47.996	232.180	0	27.130	13.913	27.474	47.996	232.180	0	30	191	0	34	97	0
100	100	100	31	25500	255	0	255	255	255	263.730	215.330	0	5.207	0.515	5.280	263.730	215.330	0	258	210	0	12	11	0
20	20	20	12	5100	255	0	255	255	255	297.750	213.050	0	2.119	0.289	2.077	297.750	213.050	0	296	211	0	5	5	0
168	168	168	40	42840	255	0	255	255	255	1147.226	225.821	0	6.884	0.596	6.830	1147.227	225.821	0	1140	219	0	16	14	0
48	48	48	24	12240	255	0	255	255	255	345.438	230.792	0	3.554	1.389	3.611	345.438	230.792	0	343	225	0	6	12	0
33	33	33	17	8415	255	0	255	255	255	301.788	231.788	0	2.785	0.381	2.844	301.788	231.788	0	299	229	0	7	6	0
34	34	34	17	8670	255	0	255	255	255	30.618	233.118	0	2.873	0.565	2.846	30.618	233.118	0	27	231	0	8	6	0
567	567	567	101	144585	255	0	255	255	255	280.755	245.340	0	14.171	5.115	14.030	280.756	245.340	0	261	235	0	44	20	0
185	185	185	62	47175	255	0	255	255	255	344.735	257.486	0	8.458	3.618	7.950	344.735	257.486	0	340	242	0	11	29	0
109	109	109	34	27795	255	0	255	255	255	37.661	256.569	0	5.593	1.137	5.549	37.661	256.569	0	32	250	0	12	14	0
787	787	787	112	200685	255	0	255	255	255	240.381	275.278	0	15.356	3.434	16.548	240.382	275.278	0	223	256	0	34	39	0
146	146	146	42	37230	255	0	255	255	255	263.568	267.610	0	6.402	1.570	6.762	263.568	267.610	0	258	260	0	11	17	0
182	182	182	45	46410	255	0	255	255	255	29.962	285.566	0	7.336	1.736	7.496	29.962	285.566	0	24	275	0	15	20	0
215	215	215	53	54825	255	0	255	255	255	326.549	285.735	0	8.115	2.325	8.752	326.549	285.735	0	318	275	0	17	23	0
118	118	118	34	30090	255	0	255	255	255	341.797	281.517	0	5.696	1.071	5.705	341.797	281.517	0	337	275	0	10	15	0
13	13	13	9	3315	255	0	255	255	255	59.462	277.846	0	1.656	0.380	1.756	59.462	277.846	0	58	276	0	4	5	0
15	15	15	12	3825	255	0	255	255	255	38.600	278.800	0	1.802	0.635	1.701	38.600	278.800	0	36	278	0	6	3	0
27	27	27	14	6885	255	0	255	255	255	280.407	284.444	0	2.537	0.258	2.552	280.407	284.444	0	278	282	0	6	6	0
38	38	38	18	9690	255	0	255	255	255	41.263	297.368	0	3.034	0.453	2.998	41.263	297.368	0	39	294	0	6	8	0
1471	1471	1471	248	375105	255	0	255	255	255	223.107	335.758	0	27.753	12.976	30.054	223.108	335.758	0	207	294	0	40	93	0
264	264	264	80	67320	255	0	255	255	255	55.091	314.561	0	10.818	5.150	10.565	55.091	314.561	0	50	295	0	12	38	0
946	946	946	140	241230	255	0	255	255	255	321.791	323.734	0	17.961	7.293	19.049	321.792	323.733	0	306	296	0	36	56	0
131	131	131	41	33405	255	0	255	255	255	262.695	309.069	0	6.104	1.668	6.272	262.695	309.069	0	259	301	0	9	17	0
82	82	82	27	20910	255	0	255	255	255	336.171	311.134	0	4.659	0.429	4.685	336.171	311.134	0	331	307	0	11	9	0
142	142	142	40	36210	255	0	255	255	255	287.669	338.500	0	6.347	0.964	6.042	287.669	338.500	0	281	332	0	14	15	0
1564	1564	1564	324	398820	255	0	255	255	255	49.707	388.389	0	28.651	14.049	26.872	49.707	388.389	0	28	333	0	37	106	0
95	95	95	32	24225	255	0	255	255	255	264.442	342.632	0	5.126	1.029	5.512	264.442	342.632	0	258	338	0	13	11	0
46	46	46	20	11730	255	0	255	255	255	240.717	346.283	0	3.375	0.424	3.327	240.717	346.283	0	237	343	0	9	7	0
140	140	140	42	35700	255	0	255	255	255	303.100	347.607	0	6.313	1.277	6.212	303.100	347.607	0	295	343	0	15	12	0
718	718	718	105	183090	255	0	255	255	255	968.550	358.637	0	15.656	4.737	15.744	968.552	358.637	0	943	349	0	46	23	0
187	187	187	53	47685	255	0	255	255	255	281.198	358.433	0	7.496	1.712	7.366	281.198	358.433	0	271	352	0	21	14	0
265	265	265	54	67575	255	0	255	255	255	244.460	363.268	0	9.054	2.237	8.801	244.460	363.268	0	234	354	0	23	20	0
83	83	83	30	21165	255	0	255	255	255	327.349	360.735	0	4.708	1.238	5.122	327.349	360.735	0	323	355	0	9	13	0
39	39	39	18	9945	255	0	255	255	255	310.718	367.410	0	3.076	0.442	3.085	310.718	367.410	0	308	364	0	6	8	0
5849	5849	5849	591	1491495	255	0	255	255	255	915.727	420.597	0	40.329	15.202	39.992	915.729	420.603	0	856	364	0	122	115	0
55	55	55	21	14025	255	0	255	255	255	21.564	373.055	0	3.798	0.373	3.823	21.564	373.055	0	18	369	0	8	9	0
636	636	636	98	162180	255	0	255	255	255	293.829	389.494	0	14.501	5.170	14.824	293.830	389.493	0	277	372	0	33	38	0
251	251	251	56	64005	255	0	255	255	255	327.012	386.932	0	8.639	2.532	8.777	327.012	386.932	0	320	375	0	14	25	0
557	557	557	94	142035	255	0	255	255	255	992.185	383.865	0	13.832	4.557	13.480	992.186	383.865	0	970	375	0	42	19	0
1372	1372	1372	216	349860	255	0	255	255	255	261.240	424.891	0	21.503	9.367	21.205	261.241	424.892	0	244	387	0	36	76	0
32	32	32	16	8160	255	0	255	255	255	232.500	391.500	0	2.732	0.189	2.732	232.500	391.500	0	230	389	0	6	6	0
39	39	39	18	9945	255	0	255	255	255	211.103	393.103	0	3.087	0.376	3.100	211.103	393.103	0	208	390	0	7	7	0
740	740	740	91	188700	255	0	255	255	255	216.249	430.736	0	15.188	2.396	14.643	216.250	430.736	0	202	413	0	29	40	0
110	110	110	37	28050	255	0	255	255	255	320.118	423.664	0	5.533	1.735	5.820	320.118	423.664	0	316	416	0	9	16	0
4117	4117	4117	484	1049835	255	0	255	255	255	821.929	485.340	0	33.818	11.038	32.661	821.922	485.340	0	783	435	0	87	103	0
149	149	149	40	37995	255	0	255	255	255	323.671	450.396	0	6.474	1.346	6.439	323.671	450.396	0	318	442	0	11	17	0
361	361	361	69	92055	255	0	255	255	255	194.640	461.252	0	10.697	3.180	10.333	194.640	461.252	0	187	446	0	16	32	0
73	73	73	26	18615	255	0	255	255	255	38.466	453.205	0	4.376	0.427	4.462	38.466	453.205	0	34	449	0	10	9	0
120	120	120	37	30600	255	0	255	255	255	23.958	458.683	0	5.756	0.726	5.778	23.958	458.683	0	18	453	0	13	13	0
31	31	31	16	7905	255	0	255	255	255	292.129	456.871	0	2.686	0.414	2.834	292.129	456.871	0	290	454	0	6	7	0
372	372	372	65	94860	255	0	255	255	255	52.409	469.387	0	10.511	1.501	10.479	52.409	469.387	0	43	457	0	21	25	0
224	224	224	50	57120	255	0	255	255	255	319.491	473.509	0	8.034	1.638	8.395	319.491	473.509	0	314	463	0	13	21	0
423	423	423	72	107865	255	0	255	255	255	868.891	476.787	0	11.558	2.461	10.848	868.893	476.788	0	857	464	0	23	29	0
781	781	781	127	199155	255	0	255	255	255	229.312	493.746	0	16.899	7.149	17.891	229.314	493.747	0	211	466	0	33	51	0
221	221	221	48	56355	255	0	255	255	255	278.566	481.023	0	8.388	2.309	8.656	278.566	481.023	0	268	473	0	22	17	0
3925	3925	3925	415	1000875	255	0	255	255	255	711.279	534.928	0	42.661	22.573	41.407	711.277	534.926	0	653	477	0	134	108	0
387	387	387	64	98685	255	0	255	255	255	301.183	491.997	0	10.747	1.717	11.059	301.184	491.998	0	292	480	0	20	26	0
419	419	419	68	106845	255	0	255	255	255	191.594	494.862	0	11.243	1.751	11.437	191.595	494.862	0	179	482	0	25	25	0
66	66	66	23	16830	255	0	255	255	255	59.803	494.682	0	4.166	0.407	4.209	59.803	494.682	0	56	490	0	9	10	0
18	18	18	12	4590	255	0	255	255	255	267.000	492.333	0	1.942	0.315	1.986	267.000	492.333	0	265	491	0	5	4	0
253	253	253	57	64515	255	0	255	255	255	317.004	510.407	0	8.814	2.717	8.917	317.004	510.407	0	311	498	0	14	26	0
37	37	37	19	9435	255	0	255	255	255	263.514	504.243	0	3.098	0.713	3.044	263.514	504.243	0	261	501	0	6	9	0
388	388	388	83	98940	255	0	255	255	255	47.912	515.552	0	12.238	3.982	11.233	47.912	515.552	0	35	504	0	24	35	0
80	80	80	31	20400	255	0	255	255	255	66.925	517.275	0	4.688	1.422	4.752	66.925	517.275	0	63	511	0	8	14	0
443	443	443	70	112965	255	0	255	255	255	262.291	524.810	0	11.573	1.628	11.401	262.292	524.810	0	251	511	0	26	26	0
174	174	174	43	44370	255	0	255	255	255	190.822	521.718	0	7.063	1.288	7.082	190.822	521.718	0	185	513	0	13	18	0
32	32	32	17	8160	255	0	255	255	255	837.969	516.031	0	2.861	0.830	3.123	837.969	516.031	0	835	513	0	7	7	0
400	400	400	67	102000	255	0	255	255	255	762.727	528.203	0	11.114	1.866	10.978	762.729	528.203	0	752	516	0	23	28	0
446	446	446	84	113730	255	0	255	255	255	308.570	543.348	0	11.854	3.399	11.361	308.570	543.348	0	299	526	0	22	35	0
11	11	11	8	2805	255	0	255	255	255	219.000	535.000	0	1.457	0.381	1.414	219.000	535.000	0	218	533	0	3	5	0
37	37	37	18	9435	255	0	255	255	255	185.784	536.459	0	2.987	0.359	2.937	185.784	536.459	0	183	534	0	7	6	0
312	312	312	63	79560	255	0	255	255	255	726.737	542.641	0	9.650	2.107	10.019	726.738	542.641	0	717	534	0	24	19	0
333	333	333	65	84915	255	0	255	255	255	783.532	546.000	0	10.091	2.577	9.932	783.533	546.000	0	771	535	0	25	22	0
320	320	320	79	81600	255	0	255	255	255	46.753	548.725	0	9.954	2.943	10.646	46.753	548.725	0	36	538	0	26	24	0
67	67	67	25	17085	255	0	255	255	255	279.821	543.776	0	4.334	1.087	4.421	279.821	543.776	0	276	539	0	9	11	0
330	330	330	61	84150	255	0	255	255	255	213.964	551.321	0	9.892	1.844	9.649	213.964	551.321	0	207	540	0	17	25	0
464	464	464	70	118320	255	0	255	255	255	241.103	561.961	0	11.696	0.962	11.856	241.104	561.961	0	228	551	0	26	23	0
527	527	527	89	134385	255	0	255	255	255	749.662	567.620	0	13.245	4.400	13.686	749.664	567.621	0	736	552	0	31	33	0
909	909	909	150	231795	255	0	255	255	255	174.672	588.447	0	18.622	8.086	16.996	174.673	588.446	0	160	561	0	31	60	0
971	971	971	153	247605	255	0	255	255	255	639.240	583.164	0	17.445	4.912	17.749	639.242	583.162	0	616	562	0	46	44	0
153	153	153	37	39015	255	0	255	255	255	28.974	570.588	0	6.594	0.886	6.714	28.974	570.588	0	22	563	0	14	16	0
334	334	334	84	85170	255	0	255	255	255	303.578	578.458	0	10.273	3.507	10.009	303.578	578.458	0	294	564	0	23	27	0
34	34	34	34	8670	255	0	255	255	255	4.029	586.441	0	8.442	4.887	8.500	4.029	586.441	0	4	570	0	2	33	0
452	452	452	86	115260	255	0	255	255	255	52.659	590.168	0	11.756	3.993	12.016	52.659	590.168	0	40	577	0	26	31	0
243	243	243	51	61965	255	0	255	255	255	255.115	588.732	0	8.403	1.424	8.090	255.115	588.733	0	245	582	0	22	14	0
90	90	90	33	22950	255	0	255	255	255	22.111	590.622	0	5.120	1.474	5.362	22.111	590.622	0	16	585	0	14	13	0
168	168	168	43	42840	255	0	255	255	255	729.970	590.363	0	6.937	1.814	6.991	729.971	590.363	0	720	585	0	20	12	0
126	126	126	35	32130	255	0	255	255	255	591.484	592.849	0	6.013	1.363	6.486	591.484	592.849	0	585	586	0	14	14	0
711	711	711	126	181305	255	0	255	255	255	223.949	607.219	0	16.412	7.573	18.117	223.950	607.219	0	206	587	0	36	48	0
74	74	74	27	18870	255	0	255	255	255	298.878	597.851	0	4.371	0.378	4.298	298.878	597.851	0	295	594	0	9	9	0
64	64	64	26	16320	255	0	255	255	255	690.328	598.047	0	4.068	0.997	4.251	690.328	598.047	0	685	595	0	11	7	0
86	86	86	28	21930	255	0	255	255	255	665.349	605.035	0	4.787	0.301	4.767	665.349	605.035	0	661	600	0	10	11	0
36	36	36	19	9180	255	0	255	255	255	199.972	604.778	0	3.053	0.862	3.072	199.972	604.778	0	197	601	0	7	8	0
342	342	342	73	87210	255	0	255	255	255	607.190	617.363	0	10.432	3.577	10.867	607.191	617.362	0	596	602	0	23	29	0
108	108	108	31	27540	255	0	255	255	255	705.843	607.704	0	5.411	0.320	5.363	705.843	607.704	0	701	602	0	11	12	0
1870	1870	1870	287	476850	255	0	255	255	255	548.415	638.208	0	21.455	9.096	22.339	548.416	638.210	0	512	605	0	65	57	0
160	160	160	40	40800	255	0	255	255	255	309.144	614.494	0	6.697	0.605	6.671	309.144	614.494	0	303	607	0	14	16	0
271	271	271	53	69105	255	0	255	255	255	270.587	619.653	0	8.859	1.213	9.031	270.587	619.653	0	262	609	0	18	22	0
15	15	15	12	3825	255	0	255	255	255	19.733	613.667	0	1.767	0.521	1.793	19.733	613.667	0	18	612	0	5	4	0
113	113	113	34	28815	255	0	255	255	255	692.690	619.000	0	5.601	1.071	5.265	692.690	619.000	0	688	612	0	10	15	0
111	111	111	36	28305	255	0	255	255	255	210.009	620.748	0	5.608	1.664	6.041	210.009	620.748	0	203	616	0	15	11	0
19	19	19	13	4845	255	0	255	255	255	61.421	622.895	0	1.989	0.340	1.941	61.421	622.895	0	60	621	0	4	5	0
903	903	903	138	230265	255	0	255	255	255	658.293	635.547	0	16.882	5.147	16.790	658.295	635.547	0	637	621	0	46	38	0
113	113	113	33	28815	255	0	255	255	255	45.469	628.115	0	5.633	1.030	5.785	45.469	628.115	0	39	623	0	14	12	0
195	195	195	45	49725	255	0	255	255	255	167.877	631.308	0	7.587	1.589	8.309	167.877	631.308	0	160	623	0	17	18	0
346	346	346	63	88230	255	0	255	255	255	292.934	637.254	0	10.147	2.340	9.895	292.934	637.255	0	284	623	0	19	29	0
147	147	147	46	37485	255	0	255	255	255	62.762	641.687	0	6.774	2.367	6.527	62.762	641.687	0	58	631	0	10	21	0
110	110	110	35	28050	255	0	255	255	255	594.891	638.764	0	5.501	1.208	5.645	594.891	638.764	0	590	632	0	10	14	0
69	69	69	25	17595	255	0	255	255	255	628.884	643.986	0	4.231	0.255	4.172	628.884	643.986	0	625	640	0	9	9	0
159	159	159	42	40545	255	0	255	255	255	500.692	648.239	0	6.939	1.915	7.077	500.692	648.239	0	492	641	0	18	15	0
89	89	89	34	22695	255	0	255	255	255	159.494	651.124	0	4.952	1.424	5.316	159.494	651.124	0	156	645	0	8	14	0
807	807	807	98	205785	255	0	255	255	255	209.631	662.802	0	15.746	2.940	16.103	209.632	662.802	0	193	646	0	35	36	0
112	112	112	32	28560	255	0	255	255	255	308.134	656.071	0	5.518	0.633	5.690	308.134	656.072	0	303	650	0	11	13	0
784	784	784	163	199920	255	0	255	255	255	176.668	680.860	0	17.888	8.682	19.310	176.669	680.860	0	160	651	0	30	62	0
159	159	159	43	40545	255	0	255	255	255	277.912	659.950	0	6.725	1.913	7.098	277.912	659.950	0	273	651	0	11	19	0
15	15	15	11	3825	255	0	255	255	255	55.200	653.800	0	1.735	0.465	1.811	55.200	653.800	0	54	652	0	4	5	0
1247	1247	1247	210	317985	255	0	255	255	255	68.326	692.087	0	22.846	9.752	19.859	68.326	692.084	0	48	655	0	37	80	0
221	221	221	52	56355	255	0	255	255	255	586.394	664.552	0	8.053	1.779	7.949	586.395	664.552	0	577	657	0	20	16	0
515	515	515	86	131325	255	0	255	255	255	616.181	674.629	0	13.581	4.691	13.748	616.182	674.629	0	602	659	0	31	34	0
430	430	430	79	109650	255	0	255	255	255	38.807	670.086	0	10.933	2.400	11.503	38.807	670.086	0	25	660	0	26	25	0
10	10	10	8	2550	255	0	255	255	255	261.000	664.800	0	1.341	0.278	1.281	261.000	664.800	0	260	663	0	3	4	0
126	126	126	36	32130	255	0	255	255	255	516.087	670.167	0	5.982	1.311	6.280	516.087	670.167	0	511	663	0	12	15	0
191	191	191	44	48705	255	0	255	255	255	465.052	677.602	0	7.507	1.518	7.450	465.053	677.602	0	458	669	0	15	19	0
157	157	157	42	40035	255	0	255	255	255	191.338	683.006	0	6.642	1.500	6.904	191.338	683.006	0	186	675	0	12	17	0
198	198	198	46	50490	255	0	255	255	255	259.384	687.803	0	7.618	1.554	7.369	259.384	687.803	0	252	678	0	15	19	0
543	543	543	95	138465	255	0	255	255	255	293.519	693.803	0	12.829	3.430	12.988	293.520	693.803	0	280	678	0	30	32	0
105	105	105	32	26775	255	0	255	255	255	476.067	683.667	0	5.453	1.035	5.661	476.067	683.667	0	470	678	0	13	13	0
928	928	928	136	236640	255	0	255	255	255	572.544	705.592	0	20.021	7.757	19.737	572.546	705.592	0	545	681	0	54	47	0
268	268	268	61	68340	255	0	255	255	255	536.873	695.608	0	9.343	3.167	9.609	536.874	695.608	0	527	683	0	20	26	0
69	69	69	25	17595	255	0	255	255	255	496.812	690.014	0	4.227	0.304	4.188	496.812	690.014	0	493	686	0	9	9	0
63	63	63	24	16065	255	0	255	255	255	26.508	691.365	0	4.017	0.445	4.061	26.508	691.365	0	22	688	0	10	8	0
905	905	905	161	230775	255	0	255	255	255	425.979	716.654	0	20.221	10.700	19.691	425.980	716.655	0	398	688	0	56	58	0
121	121	121	33	30855	255	0	255	255	255	519.926	696.116	0	5.791	0.467	5.885	519.926	696.116	0	514	690	0	13	13	0
63	63	63	26	16065	255	0	255	255	255	153.476	695.349	0	4.055	0.575	3.947	153.476	695.349	0	149	692	0	10	8	0
429	429	429	75	109395	255	0	255	255	255	209.522	705.552	0	11.563	2.523	10.784	209.523	705.553	0	197	692	0	26	26	0
32	32	32	16	8160	255	0	255	255	255	242.500	706.500	0	2.732	0.189	2.732	242.500	706.500	0	240	704	0	6	6	0
206	206	206	47	52530	255	0	255	255	255	457.359	718.990	0	7.710	1.234	7.472	457.360	718.990	0	449	711	0	18	16	0
216	216	216	50	55080	255	0	255	255	255	304.991	724.037	0	7.907	1.684	7.935	304.991	724.037	0	299	715	0	13	21	0
158	158	158	40	40290	255	0	255	255	255	50.108	724.557	0	6.761	1.162	6.321	50.108	724.557	0	44	716	0	13	18	0
62	62	62	24	15810	255	0	255	255	255	246.839	721.210	0	3.995	0.930	4.097	246.839	721.210	0	244	716	0	7	12	0
467	467	467	83	119085	255	0	255	255	255	492.660	733.088	0	12.327	3.647	11.580	492.661	733.088	0	476	718	0	31	27	0
113	113	113	39	28815	255	0	255	255	255	176.911	727.611	0	5.642	2.065	5.718	176.911	727.611	0	171	720	0	13	16	0
108	108	108	33	27540	255	0	255	255	255	231.204	725.407	0	5.437	0.606	5.411	231.204	725.408	0	225	720	0	13	11	0
466	466	466	91	118830	255	0	255	255	255	280.382	740.466	0	12.294	3.787	12.058	280.383	740.465	0	268	724	0	30	30	0
182	182	182	51	46410	255	0	255	255	255	148.335	739.407	0	7.458	2.125	7.414	148.335	739.407	0	143	728	0	11	22	0
211	211	211	56	53805	255	0	255	255	255	204.166	739.166	0	8.221	2.946	8.124	204.166	739.166	0	194	731	0	22	19	0
315	315	315	57	80325	255	0	255	255	255	528.384	739.156	0	9.671	1.377	9.653	528.385	739.156	0	518	731	0	23	19	0
74	74	74	26	18870	255	0	255	255	255	162.568	738.162	0	4.419	0.418	4.482	162.568	738.162	0	158	734	0	10	9	0
10	10	10	8	2550	255	0	255	255	255	553.500	735.500	0	1.498	0.542	1.581	553.500	735.500	0	552	734	0	4	4	0
411	411	411	91	104805	255	0	255	255	255	65.774	750.056	0	10.859	4.719	11.615	65.774	750.057	0	49	741	0	36	19	0
236	236	236	52	60180	255	0	255	255	255	34.021	751.242	0	8.279	1.374	8.093	34.021	751.241	0	27	742	0	15	20	0
148	148	148	43	37740	255	0	255	255	255	183.615	751.426	0	6.504	1.987	7.066	183.615	751.426	0	179	743	0	11	18	0
314	314	314	55	80070	255	0	255	255	255	236.850	754.920	0	9.629	1.046	9.371	236.851	754.920	0	227	743	0	20	24	0
429	429	429	76	109395	255	0	255	255	255	386.508	759.331	0	11.577	2.934	10.826	386.509	759.331	0	376	743	0	20	32	0
228	228	228	51	58140	255	0	255	255	255	444.452	751.259	0	8.076	1.211	8.222	444.452	751.258	0	435	744	0	18	16	0
82	82	82	28	20910	255	0	255	255	255	301.939	755.146	0	4.678	0.509	4.612	301.939	755.146	0	298	750	0	9	11	0
259	259	259	55	66045	255	0	255	255	255	258.537	766.031	0	8.662	1.456	8.341	258.537	766.031	0	250	757	0	19	19	0
141	141	141	37	35955	255	0	255	255	255	508.113	770.872	0	6.508	1.351	6.228	508.113	770.873	0	501	764	0	15	14	0
91	91	91	32	23205	255	0	255	255	255	474.396	773.385	0	5.254	1.870	5.631	474.396	773.385	0	469	767	0	12	14	0
84	84	84	27	21420	255	0	255	255	255	141.036	772.476	0	4.748	0.327	4.674	141.036	772.476	0	136	768	0	11	10	0
43	43	43	19	10965	255	0	255	255	255	154.233	771.163	0	3.245	0.360	3.255	154.233	771.163	0	151	768	0	8	7	0
63	63	63	23	16065	255	0	255	255	255	196.540	772.698	0	4.042	0.371	4.006	196.540	772.698	0	193	768	0	9	10	0
176	176	176	50	44880	255	0	255	255	255	78.040	776.426	0	6.874	1.902	7.433	78.040	776.426	0	69	769	0	17	15	0
438	438	438	83	111690	255	0	255	255	255	314.228	788.605	0	12.024	4.145	11.854	314.229	788.605	0	306	769	0	17	36	0
333	333	333	69	84915	255	0	255	255	255	440.297	780.207	0	9.995	2.894	10.270	440.298	780.207	0	427	769	0	25	24	0
257	257	257	52	65535	255	0	255	255	255	50.455	778.541	0	8.579	0.974	8.461	50.455	778.541	0	41	771	0	20	16	0
330	330	330	71	84150	255	0	255	255	255	356.367	779.842	0	10.584	4.087	10.388	356.367	779.842	0	340	771	0	32	18	0
108	108	108	30	27540	255	0	255	255	255	415.824	776.574	0	5.442	0.264	5.438	415.824	776.574	0	410	771	0	12	12	0
65	65	65	27	16575	255	0	255	255	255	32.492	776.231	0	4.146	0.671	4.144	32.492	776.231	0	29	772	0	8	10	0
54	54	54	54	13770	255	0	255	255	255	2.222	795.833	0	10.384	5.898	10.017	2.222	795.833	0	2	778	0	2	42	0
52	52	52	20	13260	255	0	255	255	255	245.885	781.788	0	3.678	0.434	3.805	245.885	781.788	0	242	778	0	9	9	0
176	176	176	45	44880	255	0	255	255	255	148.335	785.125	0	7.214	1.709	7.138	148.335	785.125	0	138	779	0	20	13	0
95	95	95	34	24225	255	0	255	255	255	207.379	786.147	0	5.115	1.717	5.428	207.379	786.148	0	204	779	0	8	15	0
216	216	216	54	55080	255	0	255	255	255	178.968	792.597	0	8.031	1.648	7.920	178.968	792.597	0	171	783	0	16	21	0
77	77	77	25	19635	255	0	255	255	255	387.442	787.532	0	4.547	0.217	4.554	387.442	787.532	0	383	783	0	10	10	0
418	418	418	93	106590	255	0	255	255	255	252.278	797.670	0	11.670	4.843	12.877	252.278	797.670	0	234	785	0	35	24	0
39	39	39	18	9945	255	0	255	255	255	519.974	792.154	0	3.093	0.304	3.061	519.974	792.154	0	517	789	0	7	7	0
4720	4720	4720	666	1203600	255	0	255	255	255	140.279	816.757	0	51.225	26.741	45.458	140.280	816.761	0	45	791	0	202	66	0
159	159	159	39	40545	255	0	255	255	255	343.403	797.340	0	6.718	0.808	6.806	343.403	797.339	0	336	791	0	16	14	0
35	35	35	19	8925	255	0	255	255	255	296.314	795.971	0	2.931	0.946	3.078	296.314	795.971	0	292	794	0	9	5	0
75	75	75	32	19125	255	0	255	255	255	219.653	801.627	0	4.575	1.783	4.949	219.653	801.627	0	216	795	0	8	14	0
81	81	81	28	20655	255	0	255	255	255	463.519	799.444	0	4.612	0.296	4.583	463.519	799.444	0	459	795	0	10	10	0
10	10	10	9	2550	255	0	255	255	255	411.800	796.900	0	1.306	0.370	1.204	411.800	796.900	0	410	796	0	4	3	0
92	92	92	29	23460	255	0	255	255	255	388.380	801.652	0	4.967	0.390	4.930	388.380	801.652	0	383	797	0	11	11	0
98	98	98	32	24990	255	0	255	255	255	363.418	802.194	0	5.137	1.086	5.392	363.418	802.194	0	357	798	0	14	9	0
177	177	177	43	45135	255	0	255	255	255	432.294	806.006	0	7.231	1.814	7.885	432.294	806.005	0	425	798	0	16	18	0
53	53	53	22	13515	255	0	255	255	255	525.472	802.359	0	3.661	0.335	3.662	525.472	802.359	0	522	799	0	8	8	0
255	255	255	53	65025	255	0	255	255	255	295.804	810.776	0	8.692	1.606	8.813	295.804	810.776	0	289	801	0	16	22	0
2139	2139	2139	265	545445	255	0	255	255	255	443.857	842.779	0	29.212	9.722	29.099	443.858	842.776	0	412	802	0	69	83	0
72	72	72	25	18360	255	0	255	255	255	555.806	809.944	0	4.343	0.273	4.325	555.806	809.944	0	551	806	0	10	9	0
579	579	579	106	147645	255	0	255	255	255	345.402	826.005	0	13.457	3.711	13.859	345.404	826.005	0	334	807	0	27	36	0
227	227	227	49	57885	255	0	255	255	255	274.947	817.445	0	8.087	1.185	8.007	274.947	817.445	0	266	810	0	20	16	0
163	163	163	44	41565	255	0	255	255	255	180.515	830.558	0	6.768	1.436	6.943	180.515	830.558	0	174	822	0	14	16	0
185	185	185	43	47175	255	0	255	255	255	615.297	832.719	0	7.483	1.825	8.033	615.298	832.719	0	608	824	0	16	18	0
111	111	111	32	28305	255	0	255	255	255	80.099	831.432	0	5.496	0.433	5.496	80.099	831.432	0	75	825	0	11	13	0
251	251	251	53	64005	255	0	255	255	255	270.641	836.390	0	8.603	1.610	8.075	270.641	836.391	0	263	826	0	16	22	0
56	56	56	21	14280	255	0	255	255	255	562.607	830.232	0	3.806	0.464	3.802	562.607	830.232	0	558	827	0	10	8	0
126	126	126	39	32130	255	0	255	255	255	93.532	836.730	0	5.946	1.902	6.344	93.532	836.730	0	89	828	0	10	18	0
96	96	96	43	24480	255	0	255	255	255	367.854	842.990	0	5.060	2.098	5.140	367.854	842.990	0	363	835	0	11	16	0
141	141	141	38	35955	255	0	255	255	255	192.163	843.177	0	6.252	1.042	6.434	192.163	843.178	0	185	837	0	15	14	0
169	169	169	49	43095	255	0	255	255	255	30.426	847.024	0	7.058	1.863	6.889	30.426	847.024	0	25	838	0	14	20	0
54	54	54	23	13770	255	0	255	255	255	65.296	841.630	0	3.694	0.568	3.757	65.296	841.630	0	61	838	0	9	8	0
273	273	273	65	69615	255	0	255	255	255	115.978	850.615	0	9.059	2.162	9.116	115.978	850.615	0	107	840	0	20	23	0
315	315	315	58	80325	255	0	255	255	255	293.829	849.937	0	9.644	1.091	9.773	293.829	849.937	0	283	840	0	22	20	0
330	330	330	61	84150	255	0	255	255	255	89.300	856.382	0	10.023	2.036	10.463	89.300	856.382	0	80	844	0	22	24	0
78	78	78	27	19890	255	0	255	255	255	472.256	848.244	0	4.618	0.773	4.588	472.256	848.244	0	467	844	0	11	9	0
67	67	67	26	17085	255	0	255	255	255	229.448	849.522	0	4.251	1.045	4.522	229.448	849.522	0	225	845	0	9	11	0
448	448	448	86	114240	255	0	255	255	255	342.859	853.618	0	11.676	4.511	12.338	342.860	853.618	0	325	845	0	38	18	0
61	61	61	23	15555	255	0	255	255	255	54.574	860.016	0	4.024	0.624	4.057	54.574	860.016	0	50	856	0	10	9	0
92	92	92	31	23460	255	0	255	255	255	549.598	862.413	0	5.152	1.495	5.418	549.598	862.413	0	543	858	0	14	11	0
149	149	149	40	37995	255	0	255	255	255	136.711	866.383	0	6.490	1.164	6.466	136.711	866.382	0	131	859	0	13	16	0
23	23	23	13	5865	255	0	255	255	255	403.217	863.087	0	2.275	0.251	2.229	403.217	863.087	0	401	861	0	6	5	0
36	36	36	17	9180	255	0	255	255	255	255.944	867.806	0	3.059	0.701	3.062	255.944	867.806	0	253	864	0	7	8	0
100	100	100	36	25500	255	0	255	255	255	22.180	868.700	0	5.322	1.810	5.554	22.180	868.699	0	15	865	0	16	8	0
64	64	64	23	16320	255	0	255	255	255	195.766	870.047	0	4.084	0.224	4.115	195.766	870.047	0	192	866	0	9	9	0
435	435	435	74	110925	255	0	255	255	255	229.078	880.340	0	11.251	1.617	11.164	229.079	880.339	0	218	867	0	24	28	0
24	24	24	15	6120	255	0	255	255	255	290.583	871.333	0	2.307	0.456	2.405	290.583	871.333	0	288	869	0	6	5	0
89	89	89	32	22695	255	0	255	255	255	96.607	874.494	0	4.940	1.452	5.148	96.607	874.495	0	90	870	0	14	9	0
25	25	25	16	6375	255	0	255	255	255	249.360	876.000	0	2.445	0.768	2.259	249.360	876.000	0	248	873	0	4	8	0
498	498	498	132	126990	255	0	255	255	255	36.807	892.084	0	14.589	7.010	14.708	36.807	892.085	0	16	875	0	47	32	0
151	151	151	38	38505	255	0	255	255	255	308.417	882.000	0	6.547	0.819	6.758	308.417	882.000	0	301	875	0	16	15	0
46	46	46	20	11730	255	0	255	255	255	153.196	879.261	0	3.395	0.438	3.319	153.196	879.261	0	150	876	0	8	8	0
37	37	37	17	9435	255	0	255	255	255	376.243	881.432	0	3.002	0.372	3.000	376.243	881.432	0	373	878	0	7	7	0
72	72	72	28	18360	255	0	255	255	255	85.597	884.792	0	4.448	1.272	4.791	85.597	884.792	0	81	879	0	10	12	0
228	228	228	50	58140	255	0	255	255	255	139.645	888.114	0	8.221	1.520	8.051	139.645	888.114	0	131	881	0	20	17	0
256	256	256	58	65280	255	0	255	255	255	280.449	893.480	0	8.660	1.703	8.575	280.449	893.481	0	272	882	0	17	23	0
83	83	83	32	21165	255	0	255	255	255	163.518	889.904	0	4.956	1.872	5.449	163.518	889.903	0	158	884	0	12	13	0
15	15	15	11	3825	255	0	255	255	255	403.133	885.333	0	1.728	0.372	1.750	403.133	885.333	0	401	884	0	5	4	0
21	21	21	13	5355	255	0	255	255	255	1329.857	886.857	0	2.183	0.348	2.148	1329.857	886.857	0	1328	885	0	5	5	0
91	91	91	28	23205	255	0	255	255	255	462.000	890.890	0	4.939	0.331	5.001	462.000	890.890	0	457	886	0	11	11	0
5272	5272	5272	796	1344360	255	0	255	255	255	1309.392	939.929	0	56.832	27.962	56.774	1309.375	939.885	0	1192	891	0	212	94	0
438	438	438	111	111690	255	0	255	255	255	339.865	902.852	0	13.130	5.463	13.435	339.866	902.851	0	320	893	0	42	21	0
208	208	208	45	53040	255	0	255	255	255	1392.716	899.851	0	7.781	1.381	7.597	1392.718	899.851	0	1383	893	0	20	15	0
62	62	62	24	15810	255	0	255	255	255	454.935	899.968	0	3.986	0.264	4.067	454.935	899.968	0	451	896	0	9	9	0
164	164	164	45	41820	255	0	255	255	255	409.421	903.768	0	6.891	1.913	6.950	409.421	903.768	0	402	897	0	16	16	0
47	47	47	20	11985	255	0	255	255	255	86.298	902.936	0	3.422	0.297	3.397	86.298	902.936	0	83	900	0	8	7	0
30	30	30	15	7650	255	0	255	255	255	188.700	903.700	0	2.665	0.313	2.717	188.700	903.700	0	186	901	0	6	7	0
193	193	193	47	49215	255	0	255	255	255	383.290	909.679	0	7.402	1.222	7.640	383.290	909.679	0	375	901	0	18	16	0
343	343	343	74	87465	255	0	255	255	255	141.207	909.682	0	10.750	3.797	10.531	141.207	909.682	0	125	902	0	30	19	0
119	119	119	32	30345	255	0	255	255	255	499.462	907.908	0	5.735	0.551	5.817	499.462	907.908	0	493	902	0	14	12	0
35	35	35	17	8925	255	0	255	255	255	519.314	904.857	0	2.890	0.359	2.919	519.314	904.857	0	516	902	0	7	7	0
206	206	206	67	52530	255	0	255	255	255	61.553	915.442	0	7.253	2.734	7.308	61.553	915.442	0	54	904	0	17	24	0
53	53	53	21	13515	255	0	255	255	255	253.679	907.641	0	3.663	0.249	3.697	253.679	907.641	0	250	904	0	8	8	0
58	58	58	22	14790	255	0	255	255	255	223.500	909.000	0	3.849	0.271	3.905	223.500	909.000	0	220	905	0	8	9	0
39	39	39	39	9945	255	0	255	255	255	2.000	927.000	0	9.744	5.706	10.000	2.000	927.000	0	2	908	0	1	39	0
75	75	75	26	19125	255	0	255	255	255	166.013	913.680	0	4.420	0.298	4.434	166.013	913.680	0	162	909	0	9	10	0
74	74	74	25	18870	255	0	255	255	255	448.608	912.824	0	4.415	0.307	4.469	448.608	912.824	0	444	909	0	10	9	0
184	184	184	47	46920	255	0	255	255	255	31.500	918.696	0	7.185	1.400	7.641	31.500	918.696	0	24	911	0	17	16	0
154	154	154	39	39270	255	0	255	255	255	541.539	917.545	0	6.596	0.901	6.562	541.539	917.546	0	536	911	0	13	15	0
78	78	78	28	19890	255	0	255	255	255	204.859	921.231	0	4.744	1.571	5.045	204.859	921.231	0	200	915	0	11	13	0
91	91	91	28	23205	255	0	255	255	255	297.747	919.956	0	4.949	0.267	4.987	297.747	919.956	0	293	915	0	11	11	0
59	59	59	22	15045	255	0	255	255	255	478.525	920.932	0	3.891	0.255	3.964	478.525	920.932	0	475	917	0	8	9	0
183	183	183	51	46665	255	0	255	255	255	109.951	928.705	0	7.529	2.902	7.907	109.951	928.705	0	104	918	0	13	23	0
133	133	133	42	33915	255	0	255	255	255	364.474	926.940	0	6.215	2.134	6.645	364.474	926.940	0	359	919	0	11	18	0
1224	1224	1224	196	312120	255	0	255	255	255	1267.330	933.977	0	20.772	10.587	21.358	1267.334	933.974	0	1227	919	0	75	31	0
329	329	329	63	83895	255	0	255	255	255	258.869	933.298	0	9.813	1.640	10.273	258.870	933.297	0	248	922	0	22	22	0
270	270	270	60	68850	255	0	255	255	255	438.296	934.900	0	9.432	3.244	9.365	438.297	934.900	0	426	923	0	23	24	0
30	30	30	15	7650	255	0	255	255	255	79.567	928.167	0	2.669	0.271	2.674	79.567	928.167	0	77	925	0	6	7	0
127	127	127	39	32385	255	0	255	255	255	136.827	933.008	0	6.118	1.831	6.163	136.827	933.008	0	130	926	0	14	16	0
74	74	74	26	18870	255	0	255	255	255	400.027	932.946	0	4.416	0.395	4.356	400.027	932.946	0	395	929	0	11	9	0
117	117	117	39	29835	255	0	255	255	255	59.761	939.060	0	5.791	1.698	5.424	59.761	939.060	0	55	931	0	11	17	0
354	354	354	87	90270	255	0	255	255	255	344.412	941.531	0	10.505	4.140	10.423	344.413	941.531	0	329	931	0	33	23	0
416	416	416	77	106080	255	0	255	255	255	294.983	946.207	0	11.260	2.414	10.980	294.984	946.207	0	284	933	0	23	27	0
49	49	49	20	12495	255	0	255	255	255	74.286	937.429	0	3.516	0.500	3.642	74.286	937.429	0	70	934	0	9	8	0
21	21	21	12	5355	255	0	255	255	255	157.000	936.000	0	2.157	0.116	2.236	157.000	936.000	0	155	934	0	5	5	0
110	110	110	36	28050	255	0	255	255	255	41.291	940.627	0	5.509	1.189	5.653	41.291	940.627	0	34	935	0	15	11	0
303	303	303	58	77265	255	0	255	255	255	555.459	945.980	0	9.365	1.443	9.719	555.460	945.981	0	548	935	0	17	22	0
52	52	52	20	13260	255	0	255	255	255	429.500	945.500	0	3.644	0.137	3.536	429.500	945.500	0	426	942	0	8	8	0
1423	1423	1423	221	362865	255	0	255	255	255	1159.550	965.398	0	20.348	8.262	21.671	1159.546	965.401	0	1128	942	0	61	53	0
230	230	230	70	58650	255	0	255	255	255	89.287	950.926	0	8.497	3.648	8.684	89.287	950.927	0	75	943	0	27	17	0
208	208	208	48	53040	255	0	255	255	255	463.370	954.240	0	7.743	1.305	7.320	463.371	954.240	0	455	946	0	17	17	0
114	114	114	38	29070	255	0	255	255	255	150.807	955.123	0	5.671	1.960	5.861	150.807	955.123	0	147	947	0	9	17	0
240	240	240	50	61200	255	0	255	255	255	209.933	955.254	0	8.304	0.887	8.257	209.933	955.254	0	203	947	0	15	19	0
458	458	458	109	116790	255	0	255	255	255	116.799	966.260	0	13.464	5.762	14.541	116.799	966.260	0	106	949	0	24	41	0
16	16	16	11	4080	255	0	255	255	255	237.250	953.312	0	1.986	0.707	1.778	237.250	953.312	0	235	951	0	5	6	0
204	204	204	48	52020	255	0	255	255	255	321.054	959.593	0	7.641	1.375	7.474	321.054	959.593	0	313	951	0	17	18	0
251	251	251	72	64005	255	0	255	255	255	60.614	964.645	0	9.295	3.249	9.248	60.614	964.646	0	52	952	0	21	28	0
68	68	68	24	17340	255	0	255	255	255	369.971	960.941	0	4.203	0.211	4.177	369.971	960.941	0	366	957	0	9	9	0
836	836	836	144	213180	255	0	255	255	255	1103.967	973.495	0	17.499	6.887	17.594	1103.967	973.497	0	1076	958	0	53	33	0
1237	1237	1237	232	315435	255	0	255	255	255	1181.692	990.147	0	24.401	11.806	23.554	1181.691	990.149	0	1139	962	0	87	52	0
63	63	63	23	16065	255	0	255	255	255	558.127	969.175	0	4.043	0.299	4.047	558.127	969.175	0	554	965	0	9	9	0
41	41	41	17	10455	255	0	255	255	255	404.146	969.683	0	3.224	0.288	3.220	404.146	969.683	0	401	966	0	7	8	0
681	681	681	126	173655	255	0	255	255	255	511.865	981.013	0	13.891	5.318	14.268	511.866	981.015	0	492	968	0	40	32	0
11	11	11	11	2805	255	0	255	255	255	2.000	974.000	0	2.727	1.679	3.000	2.000	974.000	0	2	969	0	1	11	0
155	155	155	42	39525	255	0	255	255	255	236.594	976.206	0	6.692	1.455	6.813	236.594	976.206	0	229	969	0	17	15	0
56	56	56	22	14280	255	0	255	255	255	292.732	976.054	0	3.788	0.396	3.827	292.732	976.054	0	289	972	0	8	9	0
28	28	28	14	7140	255	0	255	255	255	71.500	975.500	0	2.593	0.260	2.550	71.500	975.500	0	69	973	0	6	6	0
38	38	38	18	9690	255	0	255	255	255	268.974	975.921	0	3.034	0.440	3.079	268.974	975.921	0	266	973	0	7	7	0
36	36	36	17	9180	255	0	255	255	255	431.139	975.389	0	2.940	0.301	2.926	431.139	975.389	0	428	973	0	7	6	0
442	442	442	102	112710	255	0	255	255	255	220.597	995.296	0	12.467	5.343	13.148	220.598	995.297	0	210	974	0	20	41	0
59	59	59	23	15045	255	0	255	255	255	1044.898	979.797	0	3.885	0.316	3.904	1044.898	979.797	0	1041	976	0	9	9	0
175	175	175	41	44625	255	0	255	255	255	1063.229	984.697	0	7.037	0.964	7.199	1063.229	984.697	0	1055	977	0	16	16	0
251	251	251	59	64005	255	0	255	255	255	347.737	989.363	0	8.576	2.150	8.549	347.737	989.362	0	339	978	0	18	23	0
198	198	198	44	50490	255	0	255	255	255	260.646	987.581	0	7.535	0.836	7.499	260.646	987.581	0	253	979	0	15	18	0
492	492	492	109	125460	255	0	255	255	255	402.307	1001.171	0	13.069	6.498	12.465	402.308	1001.171	0	386	981	0	35	39	0
93	93	93	29	23715	255	0	255	255	255	364.086	987.602	0	5.069	0.925	5.399	364.086	987.602	0	359	982	0	11	12	0
443	443	443	106	112965	255	0	255	255	255	1006.095	993.558	0	13.063	5.931	13.188	1006.096	993.559	0	984	983	0	45	22	0
57	57	57	22	14535	255	0	255	255	255	162.035	987.491	0	3.812	0.299	3.905	162.035	987.491	0	158	984	0	9	8	0
145	145	145	39	36975	255	0	255	255	255	376.055	993.634	0	6.455	1.242	6.358	376.055	993.634	0	370	985	0	12	17	0
75	75	75	25	19125	255	0	255	255	255	1076.173	990.880	0	4.467	0.475	4.375	1076.174	990.880	0	1072	986	0	9	11	0
21	21	21	16	5355	255	0	255	255	255	20.381	989.048	0	2.285	0.952	2.246	20.381	989.048	0	17	988	0	8	3	0
11	11	11	11	2805	255	0	255	255	255	1107.273	991.000	0	1.837	0.952	2.019	1107.273	991.000	0	1106	988	0	3	7	0
1009	1009	1009	170	257295	255	0	255	255	255	1036.378	1017.052	0	17.978	6.846	18.957	1036.378	1017.051	0	1013	989	0	45	55	0
70	70	70	28	17850	255	0	255	255	255	1129.243	995.086	0	4.313	1.068	4.462	1129.243	995.086	0	1126	990	0	7	12	0
150	150	150	37	38250	255	0	255	255	255	286.467	999.033	0	6.556	1.051	6.729	286.467	999.033	0	280	991	0	14	17	0
416	416	416	75	106080	255	0	255	255	255	525.082	1008.351	0	11.784	4.022	11.699	525.083	1008.351	0	512	993	0	28	30	0
24	24	24	14	6120	255	0	255	255	255	32.375	996.000	0	2.336	0.320	2.401	32.375	996.000	0	30	994	0	6	5	0
72	72	72	25	18360	255	0	255	255	255	422.292	998.722	0	4.343	0.451	4.371	422.292	998.722	0	418	995	0	10	9	0
747	747	747	147	190485	255	0	255	255	255	947.304	1008.240	0	18.545	8.952	18.855	947.306	1008.245	0	911	995	0	63	23	0
55	55	55	21	14025	255	0	255	255	255	433.945	999.327	0	3.761	0.317	3.821	433.945	999.327	0	430	996	0	9	8	0
210	210	210	206	53550	255	0	255	255	255	1430.414	1052.086	0	25.792	14.933	25.919	1430.411	1052.086	0	1428	1000	0	4	105	0
168	168	168	43	42840	255	0	255	255	255	318.226	1010.167	0	6.884	1.128	7.034	318.226	1010.167	0	312	1002	0	13	17	0
269	269	269	54	68595	255	0	255	255	255	369.729	1013.848	0	8.977	1.750	8.485	369.729	1013.847	0	362	1002	0	17	24	0
454	454	454	102	115770	255	0	255	255	255	1068.766	1022.150	0	12.537	4.769	12.609	1068.768	1022.150	0	1056	1003	0	25	36	0
412	412	412	83	105060	255	0	255	255	255	1092.369	1015.439	0	10.932	3.429	11.738	1092.370	1015.439	0	1079	1003	0	29	27	0
162	162	162	45	41310	255	0	255	255	255	109.154	1012.037	0	6.905	1.986	6.830	109.154	1012.037	0	102	1004	0	16	17	0
56	56	56	24	14280	255	0	255	255	255	124.107	1010.250	0	3.921	1.261	4.158	124.107	1010.250	0	119	1006	0	11	9	0
60	60	60	22	15300	255	0	255	255	255	262.700	1010.500	0	3.944	0.366	3.891	262.700	1010.500	0	258	1007	0	10	8	0
220	220	220	52	56100	255	0	255	255	255	1122.400	1014.014	0	8.145	1.897	8.013	1122.401	1014.014	0	1113	1008	0	22	14	0
64	64	64	31	16320	255	0	255	255	255	23.594	1013.031	0	4.489	2.047	4.594	23.594	1013.031	0	17	1009	0	14	9	0
126	126	126	38	32130	255	0	255	255	255	289.857	1013.111	0	5.897	1.211	6.293	289.857	1013.111	0	282	1009	0	16	10	0
402	402	402	85	102510	255	0	255	255	255	899.291	1030.107	0	10.751	2.935	11.486	899.292	1030.107	0	888	1015	0	22	29	0
74	74	74	30	18870	255	0	255	255	255	249.081	1018.351	0	4.507	1.713	4.640	249.081	1018.352	0	242	1016	0	15	6	0
407	407	407	80	103785	255	0	255	255	255	864.904	1023.921	0	11.671	4.113	11.532	864.905	1023.923	0	846	1017	0	37	15	0
405	405	405	68	103275	255	0	255	255	255	480.321	1034.630	0	11.160	2.090	10.825	480.322	1034.630	0	469	1021	0	22	27	0
39	39	39	18	9945	255	0	255	255	255	505.410	1024.026	0	3.062	0.316	3.099	505.410	1024.026	0	502	1021	0	7	7	0
225	225	225	48	57375	255	0	255	255	255	830.413	1029.893	0	8.031	0.827	8.084	830.414	1029.894	0	822	1022	0	18	17	0
227	227	227	217	57885	255	0	255	255	255	6.793	1079.004	0	25.520	12.496	26.642	6.793	1079.005	0	0	1023	0	50	85	0
231	231	231	52	58905	255	0	255	255	255	228.957	1033.100	0	8.158	1.226	8.175	228.957	1033.100	0	221	1025	0	17	19	0
52	52	52	20	13260	255	0	255	255	255	254.385	1028.750	0	3.670	0.358	3.635	254.385	1028.750	0	250	1025	0	9	8	0
498	498	498	96	126990	255	0	255	255	255	1001.729	1045.197	0	12.363	4.427	12.613	1001.730	1045.196	0	988	1025	0	27	35	0
29	29	29	15	7395	255	0	255	255	255	38.103	1030.207	0	2.651	0.484	2.610	38.103	1030.207	0	35	1028	0	7	6	0
12	12	12	10	3060	255	0	255	255	255	132.333	1029.750	0	1.579	0.557	1.733	132.333	1029.750	0	131	1028	0	4	5	0
284	284	284	56	72420	255	0	255	255	255	786.151	1036.046	0	9.169	1.572	9.129	786.153	1036.047	0	776	1029	0	22	16	0
72	72	72	28	18360	255	0	255	255	255	89.889	1036.194	0	4.374	0.765	4.313	89.889	1036.195	0	86	1031	0	10	11	0
16	16	16	12	4080	255	0	255	255	255	989.125	1032.312	0	1.923	0.611	1.901	989.125	1032.312	0	986	1031	0	6	4	0
19	19	19	13	4845	255	0	255	255	255	71.158	1035.684	0	2.076	0.630	2.264	71.158	1035.684	0	69	1033	0	5	6	0
997	997	997	202	254235	255	0	255	255	255	495.801	1056.816	0	18.075	7.756	18.990	495.803	1056.819	0	463	1034	0	63	46	0
207	207	207	47	52785	255	0	255	255	255	937.831	1042.063	0	7.769	1.176	7.741	937.832	1042.062	0	928	1034	0	20	17	0
215	215	215	50	54825	255	0	255	255	255	969.265	1042.265	0	7.933	1.663	7.469	969.266	1042.265	0	961	1034	0	18	18	0
32	32	32	16	8160	255	0	255	255	255	44.062	1040.219	0	2.749	0.357	2.864	44.062	1040.219	0	41	1038	0	7	6	0
81	81	81	27	20655	255	0	255	255	255	328.728	1042.432	0	4.655	0.498	4.626	328.728	1042.432	0	324	1038	0	11	10	0
49	49	49	19	12495	255	0	255	255	255	848.653	1043.347	0	3.549	0.225	3.608	848.653	1043.347	0	845	1040	0	8	8	0
80	80	80	26	20400	255	0	255	255	255	1027.387	1046.000	0	4.610	0.275	4.658	1027.388	1046.000	0	1023	1041	0	10	11	0
124	124	124	33	31620	255	0	255	255	255	813.387	1047.887	0	5.912	0.737	5.997	813.388	1047.887	0	807	1042	0	13	13	0
31	31	31	17	7905	255	0	255	255	255	58.581	1047.290	0	2.719	0.604	2.742	58.581	1047.290	0	55	1045	0	8	6	0
88	88	88	31	22440	255	0	255	255	255	292.159	1050.682	0	5.098	1.536	5.426	292.159	1050.682	0	286	1045	0	13	12	0
72	72	72	32	18360	255	0	255	255	255	733.375	1050.153	0	4.389	1.577	4.707	733.375	1050.153	0	727	1047	0	13	8	0
75	75	75	25	19125	255	0	255	255	255	72.920	1053.760	0	4.548	0.618	4.723	72.920	1053.760	0	68	1049	0	11	10	0
122	122	122	42	31110	255	0	255	255	255	235.615	1058.336	0	6.113	2.577	6.431	235.615	1058.336	0	230	1049	0	12	19	0
447	447	447	89	113985	255	0	255	255	255	874.219	1060.291	0	12.815	4.513	12.324	874.220	1060.291	0	854	1049	0	40	22	0
17	17	17	11	4335	255	0	255	255	255	131.882	1052.588	0	1.895	0.277	1.927	131.882	1052.588	0	130	1051	0	5	4	0
233	233	233	68	59415	255	0	255	255	255	402.150	1060.742	0	8.385	3.779	8.811	402.151	1060.743	0	391	1052	0	24	21	0
75	75	75	26	19125	255	0	255	255	255	334.547	1056.947	0	4.483	0.448	4.500	334.547	1056.947	0	330	1053	0	10	9	0
242	242	242	55	61710	255	0	255	255	255	444.012	1065.364	0	8.649	2.326	8.039	444.013	1065.364	0	437	1053	0	15	25	0
24	24	24	13	6120	255	0	255	255	255	100.667	1056.125	0	2.346	0.280	2.337	100.667	1056.125	0	98	1054	0	6	5	0
32	32	32	15	8160	255	0	255	255	255	158.938	1060.094	0	2.851	0.422	2.939	158.938	1060.094	0	156	1057	0	7	7	0
15	15	15	11	3825	255	0	255	255	255	729.600	1058.400	0	1.719	0.250	1.649	729.600	1058.400	0	728	1057	0	4	4	0
745	745	745	174	189975	255	0	255	255	255	937.906	1066.926	0	20.669	10.561	20.860	937.907	1066.928	0	902	1058	0	76	22	0
94	94	94	30	23970	255	0	255	255	255	529.117	1068.936	0	5.154	1.087	5.299	529.117	1068.936	0	523	1064	0	13	11	0
346	346	346	57	88230	255	0	255	255	255	654.948	1075.922	0	10.087	0.499	10.094	654.949	1075.922	0	644	1065	0	22	22	0
108	108	108	32	27540	255	0	255	255	255	719.000	1070.324	0	5.448	0.488	5.371	719.000	1070.324	0	714	1065	0	11	12	0
59	59	59	22	15045	255	0	255	255	255	754.644	1070.119	0	3.907	0.281	3.910	754.644	1070.119	0	751	1066	0	9	9	0
175	175	175	46	44625	255	0	255	255	255	615.320	1073.617	0	7.240	2.017	7.202	615.321	1073.617	0	605	1068	0	21	12	0
43	43	43	18	10965	255	0	255	255	255	820.628	1072.558	0	3.304	0.361	3.440	820.628	1072.558	0	817	1069	0	8	8	0
83	83	83	30	21165	255	0	255	255	255	27.602	1079.084	0	4.731	1.302	4.926	27.602	1079.085	0	22	1075	0	13	9	0
62	62	62	23	15810	255	0	255	255	255	432.758	1079.419	0	4.006	0.460	4.017	432.758	1079.419	0	429	1075	0	8	10	0
37	37	37	18	9435	255	0	255	255	255	678.838	1080.568	0	3.002	0.488	2.999	678.838	1080.568	0	675	1078	0	8	6	0
263	263	263	249	67065	255	0	255	255	255	297.650	1093.567	0	53.318	29.345	53.353	297.651	1093.566	0	216	1092	0	201	5	0
10	10	10	10	2550	255	0	255	255	255	558.600	1093.300	0	1.775	1.000	1.597	558.600	1093.300	0	555	1093	0	7	2	0
149	149	149	146	37995	255	0	255	255	255	630.537	1094.477	0	18.279	10.570	18.470	630.537	1094.474	0	593	1093	0	74	3	0
132	132	132	125	33660	255	0	255	255	255	166.394	1098.045	0	18.326	12.110	17.394	166.394	1098.044	0	134	1096	0	80	5	0
234	234	234	232	59670	255	0	255	255	255	823.825	1098.410	0	29.170	17.036	29.004	823.826	1098.409	0	760	1097	0	122	4	0
169	169	169	126	43095	255	0	255	255	255	82.000	1102.420	0	18.001	12.147	16.034	82.000	1102.419	0	52	1100	0	79	5	0
278	278	278	265	70890	255	0	255	255	255	1029.356	1102.273	0	34.965	21.981	33.357	1029.357	1102.271	0	942	1100	0	154	5	0
250	250	250	243	63750	255	0	255	255	255	1246.172	1106.340	0	30.937	18.460	30.179	1246.173	1106.340	0	1175	1104	0	133	5	0
47	47	47	39	11985	255	0	255	255	255	1415.298	1108.149	0	7.153	3.796	6.800	1415.298	1108.149	0	1399	1104	0	27	7	0
61	61	61	61	15555	255	0	255	255	255	1128.000	1105.000	0	15.246	8.880	15.000	1128.000	1105.000	0	1098	1105	0	61	1	0
