Volume (pixel^3)	Surface (pixel^2)	Nb of obj. voxels	Nb of surf. voxels	IntDen	Mean	StdDev	Median	Min	Max	X	Y	Z	Mean dist. to surf. (pixel)	SD dist. to surf. (pixel)	Median dist. to surf. (pixel)	XM	YM	ZM	BX	BY	BZ	B-width	B-height	B-depth
43	43	43	43	10965	255	0	255	255	255	8.814	2.465	0	9.161	4.189	8.947	8.814	2.465	0	0	0	0	28	15	0
559	559	559	494	142545	255	0	255	255	255	351.141	13.152	0	79.138	44.272	81.555	351.142	13.152	0	202	7	0	317	13	0
76	76	76	33	19380	255	0	255	255	255	143.776	17.000	0	4.788	1.666	4.673	143.776	17.000	0	137	14	0	15	7	0
171	171	171	155	43605	255	0	255	255	255	557.784	20.772	0	21.051	13.670	19.345	557.784	20.772	0	520	19	0	93	5	0
16	16	16	13	4080	255	0	255	255	255	145.250	24.125	0	1.870	0.650	1.754	145.250	24.125	0	143	23	0	6	3	0
141	141	141	135	35955	255	0	255	255	255	662.773	24.645	0	17.012	9.954	16.785	662.773	24.645	0	630	23	0	71	5	0
13	13	13	12	3315	255	0	255	255	255	155.769	26.923	0	1.791	1.013	1.786	155.769	26.923	0	154	25	0	5	6	0
80	80	80	36	20400	255	0	255	255	255	42.338	33.700	0	4.924	1.764	4.936	42.338	33.700	0	37	27	0	12	13	0
218	218	218	215	55590	255	0	255	255	255	842.060	28.523	0	26.894	15.547	26.945	842.061	28.523	0	790	27	0	108	4	0
341	341	341	63	86955	255	0	255	255	255	117.487	40.581	0	10.102	1.627	10.195	117.487	40.581	0	109	28	0	18	25	0
28	28	28	16	7140	255	0	255	255	255	152.071	31.071	0	2.627	0.556	2.332	152.071	31.071	0	149	29	0	7	5	0
588	588	588	579	149940	255	0	255	255	255	1211.031	33.102	0	96.005	60.601	93.031	1211.032	33.102	0	1046	31	0	402	5	0
119	119	119	93	30345	255	0	255	255	255	1465.118	44.269	0	10.973	5.916	11.885	1465.119	44.269	0	1449	34	0	39	18	0
672	672	672	108	171360	255	0	255	255	255	140.832	68.103	0	15.551	5.443	14.580	140.832	68.103	0	131	43	0	20	50	0
1800	1800	1800	277	459000	255	0	255	255	255	180.899	104.713	0	30.203	14.228	28.092	180.900	104.713	0	156	46	0	55	103	0
52	52	52	34	13260	255	0	255	255	255	1495.692	57.519	0	4.743	2.420	4.761	1495.693	57.519	0	1490	51	0	14	13	0
229	229	229	186	58395	255	0	255	255	255	1500.293	121.904	0	29.120	15.431	28.992	1500.294	121.904	0	1496	71	0	9	116	0
108	108	108	48	27540	255	0	255	255	255	78.417	84.648	0	6.254	2.852	6.471	78.417	84.648	0	69	79	0	21	10	0
13	13	13	9	3315	255	0	255	255	255	91.385	91.385	0	1.627	0.169	1.661	91.385	91.385	0	90	90	0	4	4	0
10	10	10	8	2550	255	0	255	255	255	82.000	93.500	0	1.385	0.307	1.309	82.000	93.500	0	81	92	0	3	4	0
25	25	25	16	6375	255	0	255	255	255	101.920	105.640	0	2.388	0.517	2.423	101.920	105.640	0	100	103	0	5	6	0
146	146	146	51	37230	255	0	255	255	255	103.856	126.308	0	6.956	2.473	7.150	103.856	126.308	0	94	120	0	19	16	0
58	58	58	27	14790	255	0	255	255	255	125.552	129.966	0	4.239	1.645	4.059	125.552	129.966	0	121	125	0	10	12	0
678	678	678	140	172890	255	0	255	255	255	181.097	170.637	0	17.082	7.574	16.793	181.098	170.637	0	163	143	0	39	49	0
65	65	65	25	16575	255	0	255	255	255	126.523	149.954	0	4.220	1.060	4.642	126.523	149.954	0	122	145	0	10	11	0
71	71	71	39	18105	255	0	255	255	255	119.592	164.944	0	5.206	2.228	5.249	119.592	164.944	0	115	156	0	11	17	0
353	353	353	79	90015	255	0	255	255	255	139.816	183.533	0	11.399	3.959	10.855	139.816	183.533	0	131	164	0	20	35	0
11	11	11	9	2805	255	0	255	255	255	94.091	166.727	0	1.619	0.712	1.676	94.091	166.727	0	92	165	0	5	5	0
311	311	311	59	79305	255	0	255	255	255	220.090	177.733	0	9.602	1.625	9.733	220.090	177.733	0	212	167	0	17	24	0
41	41	41	26	10455	255	0	255	255	255	83.000	173.220	0	3.408	1.271	3.305	83.000	173.220	0	80	169	0	8	10	0
67	67	67	27	17085	255	0	255	255	255	250.597	183.269	0	4.512	1.208	4.310	250.597	183.269	0	247	177	0	10	12	0
295	295	295	71	75225	255	0	255	255	255	120.736	192.871	0	10.254	3.619	9.504	120.736	192.871	0	107	184	0	31	18	0
111	111	111	90	28305	255	0	255	255	255	1494.243	209.126	0	12.538	8.327	11.196	1494.244	209.126	0	1492	188	0	5	55	0
167	167	167	51	42585	255	0	255	255	255	104.359	206.545	0	7.159	2.175	6.555	104.359	206.545	0	98	197	0	14	22	0
72	72	72	33	18360	255	0	255	255	255	205.181	207.306	0	4.767	1.861	4.674	205.181	207.306	0	202	201	0	7	15	0
127	127	127	37	32385	255	0	255	255	255	261.150	207.937	0	6.010	1.265	5.737	261.150	207.937	0	255	201	0	13	16	0
743	743	743	107	189465	255	0	255	255	255	242.057	220.077	0	15.403	3.259	14.857	242.058	220.077	0	227	202	0	33	38	0
65	65	65	62	16575	255	0	255	255	255	20.954	218.708	0	8.239	5.065	7.737	20.954	218.708	0	20	203	0	4	36	0
333	333	333	68	84915	255	0	255	255	255	163.099	224.423	0	10.834	3.640	10.548	163.099	224.423	0	152	210	0	22	30	0
305	305	305	64	77775	255	0	255	255	255	212.731	234.148	0	10.479	3.685	10.891	212.731	234.148	0	200	221	0	24	27	0
915	915	915	160	233325	255	0	255	255	255	140.539	249.789	0	16.209	5.782	17.618	140.540	249.789	0	118	227	0	41	43	0
26	26	26	21	6630	255	0	255	255	255	279.154	231.808	0	3.405	1.632	3.539	279.154	231.808	0	275	227	0	8	11	0
256	256	256	59	65280	255	0	255	255	255	268.379	254.023	0	9.363	2.782	9.102	268.379	254.023	0	260	243	0	18	25	0
491	491	491	124	125205	255	0	255	255	255	297.862	265.870	0	16.300	9.107	16.308	297.862	265.870	0	282	243	0	40	51	0
35	35	35	34	8925	255	0	255	255	255	24.400	252.343	0	4.384	2.563	4.373	24.400	252.343	0	23	244	0	3	19	0
351	351	351	280	89505	255	0	255	255	255	1486.271	323.319	0	42.602	24.872	45.809	1486.270	323.319	0	1480	244	0	13	171	0
19	19	19	13	4845	255	0	255	255	255	40.579	249.895	0	1.989	0.340	1.941	40.579	249.895	0	39	248	0	4	5	0
596	596	596	106	151980	255	0	255	255	255	249.498	271.846	0	14.650	5.823	13.900	249.499	271.846	0	239	251	0	21	49	0
197	197	197	49	50235	255	0	255	255	255	1308.523	261.792	0	7.730	2.026	8.024	1308.524	261.792	0	1301	253	0	15	20	0
230	230	230	51	58650	255	0	255	255	255	178.170	269.317	0	8.194	1.391	8.259	178.170	269.317	0	169	260	0	17	20	0
270	270	270	57	68850	255	0	255	255	255	1279.515	283.322	0	8.990	1.694	8.661	1279.516	283.322	0	1272	273	0	19	21	0
401	401	401	74	102255	255	0	255	255	255	152.172	290.045	0	11.848	3.526	11.469	152.172	290.045	0	140	277	0	26	29	0
1445	1445	1445	230	368475	255	0	255	255	255	1247.407	309.471	0	21.331	8.807	20.565	1247.408	309.471	0	1215	281	0	70	53	0
10	10	10	10	2550	255	0	255	255	255	28.300	287.400	0	1.775	1.000	1.597	28.300	287.400	0	28	285	0	2	7	0
169	169	169	47	43095	255	0	255	255	255	294.355	294.361	0	6.989	1.877	6.906	294.355	294.361	0	289	285	0	14	18	0
47	47	47	33	11985	255	0	255	255	255	202.362	299.979	0	4.967	2.641	4.729	202.362	299.979	0	196	293	0	13	15	0
614	614	614	176	156570	255	0	255	255	255	348.151	330.230	0	22.481	12.778	21.785	348.152	330.230	0	319	298	0	61	68	0
18	18	18	12	4590	255	0	255	255	255	266.778	305.611	0	1.983	0.579	1.936	266.778	305.611	0	265	303	0	4	6	0
434	434	434	100	110670	255	0	255	255	255	291.118	318.182	0	12.029	4.534	12.132	291.118	318.182	0	277	303	0	34	29	0
40	40	40	22	10200	255	0	255	255	255	93.675	307.175	0	3.330	1.028	3.242	93.675	307.175	0	90	304	0	10	7	0
148	148	148	49	37740	255	0	255	255	255	172.399	313.932	0	6.886	2.045	6.524	172.399	313.932	0	164	308	0	18	15	0
117	117	117	37	29835	255	0	255	255	255	209.897	318.641	0	5.690	1.063	5.685	209.897	318.641	0	205	312	0	11	14	0
105	105	105	42	26775	255	0	255	255	255	262.143	319.076	0	5.933	2.519	5.811	262.143	319.076	0	254	312	0	17	14	0
32	32	32	19	8160	255	0	255	255	255	106.438	326.750	0	2.791	0.704	2.739	106.438	326.750	0	103	323	0	7	7	0
398	398	398	92	101490	255	0	255	255	255	1220.163	343.754	0	12.737	5.414	13.165	1220.165	343.754	0	1206	326	0	33	34	0
498	498	498	76	126990	255	0	255	255	255	173.118	341.273	0	12.451	2.383	12.163	173.119	341.273	0	159	329	0	29	27	0
615	615	615	87	156825	255	0	255	255	255	121.512	344.759	0	13.502	1.491	13.699	121.512	344.759	0	107	332	0	29	27	0
618	618	618	161	157590	255	0	255	255	255	230.003	366.167	0	14.983	7.046	13.735	230.004	366.166	0	215	337	0	28	57	0
13	13	13	9	3315	255	0	255	255	255	298.846	345.077	0	1.648	0.387	1.578	298.846	345.077	0	297	344	0	5	4	0
104	104	104	33	26520	255	0	255	255	255	1207.010	351.673	0	5.405	1.086	5.282	1207.010	351.673	0	1202	345	0	11	15	0
714	714	714	129	182070	255	0	255	255	255	293.227	375.405	0	16.614	6.277	15.778	293.228	375.405	0	275	348	0	38	49	0
77	77	77	33	19635	255	0	255	255	255	215.169	360.519	0	4.956	1.571	4.668	215.169	360.519	0	211	352	0	9	15	0
38	38	38	19	9690	255	0	255	255	255	328.789	357.342	0	3.360	1.035	3.434	328.789	357.342	0	325	354	0	8	8	0
14744	14744	14744	1188	3759720	255	0	255	255	255	1042.320	446.835	0	108.908	58.947	108.826	1042.335	446.818	0	832	359	0	383	174	0
65	65	65	28	16575	255	0	255	255	255	388.677	372.723	0	4.417	1.514	4.054	388.677	372.723	0	384	367	0	10	12	0
48	48	48	23	12240	255	0	255	255	255	405.208	375.417	0	3.510	1.041	3.507	405.208	375.417	0	401	372	0	10	8	0
238	238	238	73	60690	255	0	255	255	255	356.357	386.113	0	8.221	3.613	8.781	356.357	386.114	0	346	373	0	18	25	0
111	111	111	46	28305	255	0	255	255	255	130.009	387.252	0	5.552	2.193	5.523	130.009	387.252	0	125	379	0	15	15	0
133	133	133	40	33915	255	0	255	255	255	205.541	395.165	0	6.112	1.270	6.159	205.541	395.165	0	199	388	0	12	16	0
99	99	99	32	25245	255	0	255	255	255	388.535	394.404	0	5.201	0.833	5.106	388.535	394.404	0	384	388	0	11	13	0
202	202	202	60	51510	255	0	255	255	255	372.649	404.406	0	8.024	3.280	7.654	372.649	404.406	0	365	392	0	16	25	0
41	41	41	19	10455	255	0	255	255	255	188.415	396.098	0	3.221	0.533	3.198	188.415	396.098	0	185	393	0	7	8	0
67	67	67	24	17085	255	0	255	255	255	252.970	399.015	0	4.205	0.451	4.147	252.970	399.015	0	249	395	0	9	10	0
34	34	34	22	8670	255	0	255	255	255	137.353	402.971	0	3.013	1.203	3.181	137.353	402.971	0	135	399	0	5	10	0
271	271	271	78	69105	255	0	255	255	255	442.616	419.627	0	10.652	4.409	10.810	442.617	419.627	0	434	403	0	22	31	0
621	621	621	155	158355	255	0	255	255	255	221.944	431.816	0	15.065	6.940	13.150	221.945	431.817	0	207	408	0	30	53	0
51	51	51	21	13005	255	0	255	255	255	230.706	411.882	0	3.590	0.338	3.554	230.706	411.882	0	227	408	0	8	8	0
150	150	150	46	38250	255	0	255	255	255	263.913	416.287	0	6.501	1.358	6.627	263.913	416.287	0	258	409	0	13	17	0
105	105	105	43	26775	255	0	255	255	255	322.495	418.562	0	5.669	2.631	5.640	322.495	418.562	0	316	410	0	14	17	0
151	151	151	43	38505	255	0	255	255	255	467.278	419.550	0	6.665	1.879	6.361	467.278	419.550	0	458	415	0	20	10	0
114	114	114	90	29070	255	0	255	255	255	1478.289	437.018	0	12.549	8.338	11.184	1478.291	437.018	0	1476	416	0	5	55	0
33	33	33	20	8415	255	0	255	255	255	391.909	421.333	0	3.124	1.228	3.483	391.909	421.333	0	389	417	0	7	9	0
124	124	124	34	31620	255	0	255	255	255	379.927	427.718	0	5.844	0.604	5.927	379.927	427.718	0	374	421	0	12	14	0
13	13	13	9	3315	255	0	255	255	255	65.846	432.615	0	1.702	0.439	1.623	65.846	432.615	0	64	431	0	5	4	0
70	70	70	30	17850	255	0	255	255	255	405.300	437.271	0	4.514	1.789	4.801	405.300	437.271	0	401	431	0	10	13	0
57	57	57	22	14535	255	0	255	255	255	475.421	436.982	0	4.048	0.998	4.144	475.421	436.982	0	471	433	0	10	9	0
93	93	93	32	23715	255	0	255	255	255	497.903	440.355	0	5.471	1.683	5.557	497.903	440.355	0	492	435	0	14	12	0
1586	1586	1586	248	404430	255	0	255	255	255	301.019	481.566	0	27.964	12.822	29.175	301.020	481.564	0	261	444	0	73	79	0
664	664	664	104	169320	255	0	255	255	255	988.773	457.639	0	13.977	3.268	14.166	988.774	457.639	0	972	444	0	34	32	0
151	151	151	41	38505	255	0	255	255	255	468.324	455.589	0	6.501	0.827	6.541	468.325	455.590	0	461	448	0	15	15	0
112	112	112	37	28560	255	0	255	255	255	445.911	457.098	0	6.184	2.309	6.156	445.911	457.098	0	438	451	0	17	14	0
110	110	110	34	28050	255	0	255	255	255	408.982	457.909	0	5.515	1.033	5.416	408.982	457.909	0	404	452	0	11	14	0
186	186	186	46	47430	255	0	255	255	255	546.753	460.349	0	7.314	0.973	7.365	546.753	460.350	0	539	453	0	17	15	0
141	141	141	43	35955	255	0	255	255	255	118.397	461.546	0	6.305	1.066	5.968	118.397	461.546	0	112	455	0	14	15	0
58	58	58	43	14790	255	0	255	255	255	92.138	464.603	0	5.340	2.056	5.398	92.138	464.603	0	88	456	0	10	18	0
14	14	14	10	3570	255	0	255	255	255	101.714	458.500	0	1.666	0.217	1.661	101.714	458.500	0	100	457	0	4	4	0
130	130	130	44	33150	255	0	255	255	255	487.354	462.477	0	6.334	1.939	6.437	487.354	462.477	0	481	457	0	17	13	0
921	921	921	189	234855	255	0	255	255	255	365.882	492.219	0	20.859	10.834	20.457	365.883	492.220	0	339	458	0	49	67	0
227	227	227	52	57885	255	0	255	255	255	182.225	470.714	0	8.271	1.781	7.851	182.225	470.714	0	175	460	0	16	23	0
202	202	202	47	51510	255	0	255	255	255	436.619	472.827	0	7.707	1.869	8.126	436.619	472.827	0	429	463	0	17	19	0
39	39	39	19	9945	255	0	255	255	255	388.615	467.103	0	3.059	0.425	3.126	388.615	467.103	0	386	464	0	6	8	0
610	610	610	100	155550	255	0	255	255	255	594.680	482.790	0	13.731	3.075	14.288	594.682	482.791	0	578	466	0	31	35	0
51	51	51	21	13005	255	0	255	255	255	518.431	471.569	0	3.674	0.718	3.614	518.431	471.569	0	514	468	0	10	8	0
11	11	11	9	2805	255	0	255	255	255	534.818	470.273	0	1.576	0.697	1.388	534.818	470.273	0	532	469	0	6	3	0
17	17	17	12	4335	255	0	255	255	255	251.882	472.529	0	1.878	0.383	1.871	251.882	472.529	0	250	471	0	5	4	0
203	203	203	179	51765	255	0	255	255	255	1473.754	526.700	0	37.770	21.593	36.700	1473.756	526.700	0	1472	472	0	5	143	0
310	310	310	77	79050	255	0	255	255	255	549.239	489.668	0	10.241	4.033	9.774	549.240	489.668	0	537	473	0	22	30	0
11	11	11	9	2805	255	0	255	255	255	121.909	475.000	0	1.487	0.475	1.480	121.909	475.000	0	120	474	0	5	3	0
66	66	66	33	16830	255	0	255	255	255	408.470	481.470	0	4.351	2.061	4.705	408.470	481.470	0	403	476	0	12	12	0
87	87	87	32	22185	255	0	255	255	255	921.161	480.425	0	4.864	1.341	5.201	921.161	480.425	0	915	476	0	13	9	0
14	14	14	12	3570	255	0	255	255	255	200.143	484.000	0	1.736	0.640	1.762	200.143	484.000	0	199	481	0	3	6	0
166	166	166	42	42330	255	0	255	255	255	507.922	490.337	0	6.845	1.008	6.942	507.922	490.337	0	501	482	0	15	17	0
63	63	63	63	16065	255	0	255	255	255	40.556	498.667	0	8.334	5.057	7.687	40.556	498.667	0	40	483	0	3	34	0
24	24	24	14	6120	255	0	255	255	255	823.708	485.417	0	2.333	0.452	2.382	823.708	485.417	0	822	483	0	5	6	0
118	118	118	38	30090	255	0	255	255	255	185.246	492.653	0	5.781	1.181	5.790	185.246	492.653	0	179	486	0	13	14	0
1579	1579	1579	255	402645	255	0	255	255	255	796.430	502.546	0	24.859	11.356	24.884	796.433	502.545	0	749	486	0	83	49	0
156	156	156	60	39780	255	0	255	255	255	283.321	502.410	0	6.682	2.617	6.829	283.321	502.410	0	276	492	0	16	22	0
192	192	192	45	48960	255	0	255	255	255	724.698	498.922	0	7.517	1.354	7.381	724.699	498.922	0	717	492	0	18	15	0
506	506	506	120	129030	255	0	255	255	255	662.735	505.208	0	14.091	6.586	14.717	662.737	505.208	0	640	495	0	48	24	0
416	416	416	81	106080	255	0	255	255	255	418.911	509.736	0	11.306	3.681	11.426	418.912	509.736	0	404	496	0	30	28	0
115	115	115	46	29325	255	0	255	255	255	704.748	501.565	0	6.421	2.524	6.317	704.748	501.565	0	694	497	0	20	10	0
661	661	661	118	168555	255	0	255	255	255	495.797	512.691	0	16.647	6.986	16.094	495.799	512.691	0	475	499	0	51	28	0
112	112	112	35	28560	255	0	255	255	255	116.911	513.866	0	5.598	1.064	5.354	116.911	513.866	0	112	507	0	13	14	0
552	552	552	97	140760	255	0	255	255	255	605.435	519.359	0	13.054	5.230	13.490	605.436	519.359	0	586	507	0	42	24	0
640	640	640	140	163200	255	0	255	255	255	548.533	524.128	0	13.252	5.956	13.607	548.534	524.129	0	525	510	0	44	29	0
65	65	65	25	16575	255	0	255	255	255	575.231	513.615	0	4.134	0.630	4.025	575.231	513.615	0	570	510	0	11	8	0
11	11	11	8	2805	255	0	255	255	255	698.182	512.818	0	1.469	0.279	1.437	698.182	512.818	0	697	511	0	4	4	0
199	199	199	49	50745	255	0	255	255	255	721.045	519.518	0	7.644	1.765	7.124	721.046	519.518	0	711	512	0	20	15	0
150	150	150	41	38250	255	0	255	255	255	79.713	523.360	0	6.673	1.428	6.419	79.713	523.360	0	74	515	0	13	17	0
265	265	265	61	67575	255	0	255	255	255	669.249	527.155	0	9.032	3.040	9.439	669.250	527.154	0	657	517	0	25	19	0
223	223	223	53	56865	255	0	255	255	255	696.130	529.883	0	8.230	1.945	8.585	696.131	529.883	0	690	518	0	15	23	0
115	115	115	38	29325	255	0	255	255	255	769.417	522.000	0	5.675	2.011	6.083	769.418	522.000	0	761	518	0	17	9	0
51	51	51	22	13005	255	0	255	255	255	139.176	522.039	0	3.574	0.465	3.609	139.176	522.039	0	136	519	0	8	8	0
521	521	521	139	132855	255	0	255	255	255	455.766	534.737	0	13.629	5.285	13.320	455.767	534.737	0	432	519	0	41	34	0
107	107	107	34	27285	255	0	255	255	255	578.047	527.514	0	5.390	0.862	5.582	578.047	527.514	0	572	522	0	12	12	0
95	95	95	34	24225	255	0	255	255	255	790.347	530.032	0	5.133	1.875	5.592	790.347	530.032	0	786	523	0	10	15	0
19	19	19	13	4845	255	0	255	255	255	246.947	527.579	0	2.024	0.620	2.095	246.947	527.579	0	245	525	0	5	6	0
410	410	410	85	104550	255	0	255	255	255	492.402	541.763	0	11.408	3.138	11.646	492.404	541.764	0	476	526	0	30	29	0
111	111	111	36	28305	255	0	255	255	255	850.054	534.793	0	5.624	1.454	5.734	850.055	534.793	0	843	530	0	15	10	0
125	125	125	35	31875	255	0	255	255	255	722.440	537.464	0	5.898	0.958	5.770	722.440	537.464	0	716	532	0	15	12	0
221	221	221	58	56355	255	0	255	255	255	746.362	541.294	0	8.015	2.130	8.583	746.363	541.294	0	737	532	0	19	20	0
492	492	492	92	125460	255	0	255	255	255	614.685	546.167	0	12.055	2.818	12.062	614.686	546.167	0	599	533	0	29	27	0
131	131	131	36	33405	255	0	255	255	255	516.458	540.153	0	6.055	1.127	6.124	516.458	540.153	0	509	535	0	16	12	0
56	56	56	22	14280	255	0	255	255	255	641.500	538.286	0	3.763	0.259	3.729	641.500	538.286	0	638	535	0	8	8	0
98	98	98	35	24990	255	0	255	255	255	818.806	542.704	0	5.578	1.952	5.686	818.806	542.704	0	811	538	0	16	10	0
94	94	94	30	23970	255	0	255	255	255	539.117	547.468	0	5.037	0.804	5.041	539.117	547.468	0	533	543	0	13	10	0
277	277	277	70	70635	255	0	255	255	255	773.372	551.798	0	9.531	3.264	8.922	773.373	551.797	0	760	544	0	29	19	0
42	42	42	19	10710	255	0	255	255	255	797.238	549.071	0	3.206	0.355	3.180	797.238	549.071	0	794	546	0	8	7	0
59	59	59	59	15045	255	0	255	255	255	44.492	563.254	0	7.415	4.258	7.272	44.492	563.254	0	44	549	0	2	30	0
43	43	43	27	10965	255	0	255	255	255	226.930	555.674	0	3.475	1.282	3.675	226.930	555.674	0	223	551	0	8	11	0
150	150	150	43	38250	255	0	255	255	255	471.500	560.213	0	6.503	1.217	6.763	471.500	560.213	0	465	554	0	15	15	0
229	229	229	48	58395	255	0	255	255	255	541.297	564.734	0	8.103	0.818	8.009	541.298	564.734	0	532	556	0	18	18	0
576	576	576	142	146880	255	0	255	255	255	717.641	566.589	0	18.323	9.377	17.735	717.642	566.588	0	690	556	0	64	25	0
390	390	390	77	99450	255	0	255	255	255	363.949	569.131	0	10.185	2.974	11.085	363.950	569.130	0	353	557	0	23	27	0
150	150	150	39	38250	255	0	255	255	255	560.547	562.593	0	6.481	0.974	6.609	560.547	562.593	0	553	557	0	16	12	0
31	31	31	18	7905	255	0	255	255	255	573.742	560.000	0	2.774	0.860	2.785	573.742	560.000	0	570	558	0	9	5	0
79	79	79	31	20145	255	0	255	255	255	511.835	564.886	0	4.740	1.320	4.940	511.835	564.886	0	506	560	0	13	9	0
443	443	443	121	112965	255	0	255	255	255	108.648	570.068	0	11.581	5.276	11.735	108.648	570.068	0	89	561	0	38	22	0
54	54	54	25	13770	255	0	255	255	255	422.185	567.315	0	3.727	1.229	4.319	422.185	567.315	0	418	563	0	9	10	0
467	467	467	111	119085	255	0	255	255	255	657.508	572.388	0	12.371	5.763	11.247	657.509	572.387	0	638	563	0	44	18	0
77	77	77	35	19635	255	0	255	255	255	480.377	569.935	0	4.571	1.353	4.663	480.377	569.935	0	475	565	0	13	10	0
25	25	25	19	6375	255	0	255	255	255	330.360	570.040	0	2.797	1.394	2.982	330.360	570.040	0	328	566	0	6	10	0
449	449	449	82	114495	255	0	255	255	255	606.114	582.748	0	11.636	2.905	12.027	606.115	582.749	0	590	569	0	32	26	0
212	212	212	60	54060	255	0	255	255	255	570.835	575.198	0	8.451	3.569	8.544	570.836	575.198	0	557	570	0	28	11	0
158	158	158	51	40290	255	0	255	255	255	492.044	580.582	0	6.841	2.216	6.705	492.045	580.582	0	485	571	0	15	19	0
21	21	21	13	5355	255	0	255	255	255	171.714	575.429	0	2.128	0.500	2.232	171.714	575.429	0	170	573	0	5	6	0
12	12	12	8	3060	255	0	255	255	255	235.500	575.000	0	1.621	0.376	1.651	235.500	575.000	0	234	573	0	4	5	0
56	56	56	23	14280	255	0	255	255	255	443.161	576.286	0	3.765	0.367	3.808	443.161	576.286	0	439	573	0	9	8	0
269	269	269	68	68595	255	0	255	255	255	459.848	583.104	0	9.647	3.437	9.534	459.848	583.104	0	444	575	0	30	16	0
130	130	130	39	33150	255	0	255	255	255	297.177	584.846	0	6.028	1.102	5.678	297.177	584.846	0	292	577	0	12	17	0
68	68	68	26	17340	255	0	255	255	255	672.132	584.456	0	4.248	1.068	4.150	672.132	584.456	0	666	581	0	13	8	0
418	418	418	99	106590	255	0	255	255	255	636.045	597.124	0	11.596	4.423	11.994	636.047	597.124	0	624	582	0	23	33	0
31	31	31	18	7905	255	0	255	255	255	351.871	588.000	0	2.908	1.133	3.000	351.871	588.000	0	348	585	0	9	7	0
184	184	184	57	46920	255	0	255	255	255	523.120	593.995	0	7.489	2.563	7.164	523.120	593.995	0	511	587	0	22	15	0
106	106	106	36	27030	255	0	255	255	255	546.623	594.434	0	5.426	1.809	5.702	546.623	594.434	0	539	591	0	16	8	0
21	21	21	13	5355	255	0	255	255	255	483.762	595.714	0	2.139	0.368	2.181	483.762	595.714	0	481	594	0	6	5	0
1006	1006	1006	180	256530	255	0	255	255	255	697.387	616.935	0	24.270	12.173	24.589	697.388	616.936	0	654	594	0	77	44	0
379	379	379	75	96645	255	0	255	255	255	586.174	607.219	0	10.642	2.931	10.734	586.175	607.219	0	571	595	0	29	23	0
301	301	301	86	76755	255	0	255	255	255	489.435	609.900	0	8.305	3.084	9.352	489.436	609.901	0	478	599	0	23	20	0
70	70	70	32	17850	255	0	255	255	255	143.786	606.986	0	4.647	1.673	4.483	143.786	606.986	0	140	601	0	9	15	0
37	37	37	24	9435	255	0	255	255	255	310.351	604.865	0	3.342	1.498	3.502	310.351	604.865	0	305	602	0	11	7	0
511	511	511	98	130305	255	0	255	255	255	400.342	614.556	0	12.694	5.135	13.278	400.343	614.554	0	379	602	0	41	25	0
14	14	14	12	3570	255	0	255	255	255	115.500	608.857	0	1.733	0.776	1.807	115.500	608.857	0	113	608	0	6	3	0
11	11	11	9	2805	255	0	255	255	255	107.636	610.364	0	1.434	0.433	1.505	107.636	610.364	0	106	609	0	4	4	0
39	39	39	25	9945	255	0	255	255	255	350.897	617.205	0	3.551	1.786	3.978	350.897	617.205	0	346	614	0	12	7	0
65	65	65	64	16575	255	0	255	255	255	48.569	631.231	0	8.554	5.133	8.246	48.569	631.231	0	48	615	0	3	35	0
91	91	91	34	23205	255	0	255	255	255	459.703	621.011	0	4.963	1.295	5.211	459.703	621.011	0	456	615	0	9	14	0
117	117	117	36	29835	255	0	255	255	255	506.590	624.333	0	5.668	1.226	5.630	506.590	624.334	0	500	619	0	14	12	0
1634	1634	1634	319	416670	255	0	255	255	255	512.939	648.425	0	24.182	9.108	26.111	512.941	648.422	0	467	619	0	78	53	0
375	375	375	93	95625	255	0	255	255	255	604.861	633.837	0	11.853	4.478	11.266	604.862	633.837	0	593	619	0	28	31	0
595	595	595	138	151725	255	0	255	255	255	667.773	638.176	0	15.481	7.104	15.387	667.774	638.177	0	645	626	0	51	27	0
27	27	27	17	6885	255	0	255	255	255	359.852	629.778	0	2.598	0.701	2.380	359.852	629.778	0	357	627	0	6	7	0
26	26	26	15	6630	255	0	255	255	255	553.000	628.846	0	2.420	0.504	2.309	553.000	628.846	0	550	627	0	7	5	0
129	129	129	41	32895	255	0	255	255	255	338.101	637.132	0	6.097	1.379	5.971	338.101	637.132	0	333	629	0	13	15	0
141	141	141	41	35955	255	0	255	255	255	738.589	635.128	0	6.316	1.718	6.573	738.589	635.128	0	730	630	0	18	11	0
210	210	210	66	53550	255	0	255	255	255	431.243	641.100	0	7.757	2.577	8.165	431.243	641.100	0	423	633	0	19	21	0
89	89	89	29	22695	255	0	255	255	255	761.236	639.876	0	5.056	1.304	5.365	761.236	639.876	0	755	635	0	13	11	0
264	264	264	67	67320	255	0	255	255	255	400.201	642.580	0	9.142	3.141	9.514	400.201	642.579	0	387	636	0	27	14	0
3558	3558	3558	426	907290	255	0	255	255	255	582.371	675.426	0	34.632	13.914	35.359	582.373	675.422	0	518	637	0	117	66	0
2651	2651	2651	385	676005	255	0	255	255	255	735.475	694.221	0	28.865	12.432	29.146	735.478	694.224	0	693	642	0	81	90	0
29	29	29	18	7395	255	0	255	255	255	593.414	646.034	0	2.627	0.701	2.593	593.414	646.034	0	590	643	0	7	7	0
195	195	195	50	49725	255	0	255	255	255	794.508	653.903	0	7.603	1.766	7.581	794.509	653.902	0	787	645	0	18	17	0
156	156	156	53	39780	255	0	255	255	255	350.571	653.250	0	6.653	2.072	6.276	350.571	653.250	0	340	646	0	21	14	0
34	34	34	24	8670	255	0	255	255	255	77.529	651.206	0	3.584	1.744	3.899	77.529	651.206	0	74	647	0	9	10	0
81	81	81	33	20655	255	0	255	255	255	196.975	655.086	0	4.795	1.298	5.055	196.975	655.086	0	192	650	0	10	13	0
64	64	64	25	16320	255	0	255	255	255	447.172	653.969	0	4.094	0.786	4.100	447.172	653.969	0	442	651	0	11	7	0
48	48	48	20	12240	255	0	255	255	255	256.292	655.271	0	3.492	0.435	3.531	256.292	655.271	0	252	652	0	9	8	0
23	23	23	16	5865	255	0	255	255	255	172.913	658.087	0	2.326	0.970	2.239	172.913	658.087	0	171	655	0	5	8	0
19	19	19	12	4845	255	0	255	255	255	136.158	657.947	0	2.031	0.450	2.097	136.158	657.947	0	134	656	0	6	5	0
90	90	90	30	22950	255	0	255	255	255	401.578	662.422	0	5.111	1.344	5.606	401.578	662.422	0	396	657	0	12	12	0
332	332	332	65	84660	255	0	255	255	255	776.873	669.120	0	9.958	2.539	9.913	776.875	669.121	0	765	658	0	26	22	0
75	75	75	28	19125	255	0	255	255	255	825.067	663.680	0	4.800	1.534	4.947	825.067	663.680	0	821	658	0	10	13	0
182	182	182	53	46410	255	0	255	255	255	296.742	674.027	0	7.461	2.088	7.843	296.742	674.027	0	289	662	0	17	21	0
30	30	30	17	7650	255	0	255	255	255	160.100	665.333	0	2.716	0.648	2.919	160.100	665.333	0	157	663	0	7	6	0
26	26	26	14	6630	255	0	255	255	255	715.692	664.808	0	2.480	0.439	2.461	715.692	664.808	0	713	663	0	7	5	0
53	53	53	21	13515	255	0	255	255	255	545.641	667.679	0	3.663	0.249	3.697	545.641	667.679	0	542	664	0	8	8	0
121	121	121	39	30855	255	0	255	255	255	351.174	673.570	0	5.916	1.374	5.492	351.174	673.570	0	346	665	0	12	17	0
518	518	518	82	132090	255	0	255	255	255	1358.934	677.747	0	12.557	2.251	12.263	1358.936	677.746	0	1343	665	0	34	24	0
1480	1480	1480	238	377400	255	0	255	255	255	854.008	682.937	0	24.976	11.152	24.571	854.007	682.934	0	808	668	0	88	44	0
195	195	195	52	49725	255	0	255	255	255	117.918	679.421	0	7.583	1.411	7.487	117.918	679.421	0	110	669	0	18	19	0
65	65	65	24	16575	255	0	255	255	255	437.015	673.985	0	4.256	1.026	4.297	437.015	673.985	0	432	670	0	11	9	0
108	108	108	38	27540	255	0	255	255	255	682.148	678.194	0	5.509	1.519	5.389	682.148	678.194	0	677	670	0	12	15	0
2546	2546	2546	394	649230	255	0	255	255	255	946.966	697.661	0	35.635	17.860	36.490	946.969	697.663	0	879	674	0	131	48	0
572	572	572	94	145860	255	0	255	255	255	1291.797	682.645	0	13.697	4.099	13.208	1291.798	682.645	0	1272	674	0	40	18	0
851	851	851	144	217005	255	0	255	255	255	1260.260	703.973	0	17.479	6.208	17.226	1260.262	703.973	0	1243	676	0	35	48	0
976	976	976	177	248880	255	0	255	255	255	477.349	696.378	0	18.814	9.400	18.738	477.351	696.379	0	444	677	0	59	45	0
69	69	69	69	17595	255	0	255	255	255	52.638	697.826	0	8.738	5.090	8.834	52.638	697.826	0	52	681	0	3	36	0
98	98	98	34	24990	255	0	255	255	255	85.071	688.429	0	5.196	0.981	5.316	85.071	688.429	0	80	682	0	12	13	0
184	184	184	54	46920	255	0	255	255	255	208.223	688.364	0	7.344	1.692	7.233	208.223	688.364	0	198	682	0	19	17	0
2256	2256	2256	400	575280	255	0	255	255	255	1178.795	698.943	0	36.266	17.485	37.209	1178.801	698.944	0	1106	682	0	135	47	0
54	54	54	28	13770	255	0	255	255	255	307.907	686.444	0	3.883	1.527	4.033	307.907	686.444	0	303	683	0	11	8	0
14	14	14	10	3570	255	0	255	255	255	134.143	689.071	0	1.698	0.488	1.750	134.143	689.071	0	133	687	0	4	5	0
594	594	594	85	151470	255	0	255	255	255	1319.002	700.187	0	13.805	3.232	13.732	1319.002	700.188	0	1301	688	0	37	25	0
210	210	210	207	53550	255	0	255	255	255	1474.476	742.938	0	25.895	14.970	25.943	1474.476	742.938	0	1473	690	0	4	104	0
66	66	66	29	16830	255	0	255	255	255	666.318	695.864	0	4.323	1.184	3.946	666.318	695.864	0	662	691	0	11	10	0
360	360	360	80	91800	255	0	255	255	255	1041.122	705.739	0	10.459	3.758	11.994	1041.123	705.739	0	1033	691	0	17	29	0
1657	1657	1657	177	422535	255	0	255	255	255	1075.887	723.506	0	23.315	6.967	25.578	1075.888	723.513	0	1058	691	0	37	63	0
131	131	131	41	33405	255	0	255	255	255	424.603	696.405	0	6.115	2.050	6.381	424.603	696.404	0	416	692	0	18	10	0
128	128	128	36	32640	255	0	255	255	255	1023.969	697.953	0	5.965	0.984	6.083	1023.970	697.953	0	1017	693	0	15	12	0
14	14	14	12	3570	255	0	255	255	255	272.357	698.071	0	1.667	0.531	1.803	272.357	698.071	0	271	696	0	4	5	0
80	80	80	30	20400	255	0	255	255	255	121.738	705.763	0	4.707	1.251	4.622	121.738	705.763	0	118	699	0	8	14	0
15	15	15	10	3825	255	0	255	255	255	302.867	700.467	0	1.754	0.271	1.807	302.867	700.467	0	301	699	0	5	4	0
104	104	104	34	26520	255	0	255	255	255	386.058	703.904	0	5.352	0.999	5.522	386.058	703.904	0	380	699	0	13	12	0
30	30	30	20	7650	255	0	255	255	255	326.300	704.200	0	2.798	1.133	2.821	326.300	704.200	0	325	700	0	4	9	0
162	162	162	55	41310	255	0	255	255	255	458.469	709.099	0	6.646	2.611	7.047	458.469	709.099	0	453	701	0	15	20	0
138	138	138	40	35190	255	0	255	255	255	833.920	708.014	0	6.205	1.134	6.251	833.921	708.014	0	827	701	0	15	13	0
70	70	70	29	17850	255	0	255	255	255	206.886	705.686	0	4.424	0.831	4.236	206.886	705.686	0	202	702	0	12	10	0
59	59	59	27	15045	255	0	255	255	255	1057.305	705.475	0	4.112	1.478	4.129	1057.305	705.475	0	1052	703	0	13	7	0
77	77	77	30	19635	255	0	255	255	255	93.065	711.545	0	4.638	1.002	4.678	93.065	711.545	0	89	706	0	10	12	0
56	56	56	31	14280	255	0	255	255	255	254.286	712.429	0	4.137	2.071	4.438	254.286	712.429	0	247	710	0	15	6	0
12	12	12	9	3060	255	0	255	255	255	268.250	711.667	0	1.525	0.283	1.530	268.250	711.667	0	267	710	0	4	4	0
110	110	110	38	28050	255	0	255	255	255	377.055	717.618	0	5.540	1.863	6.070	377.055	717.618	0	371	711	0	13	15	0
569	569	569	96	145095	255	0	255	255	255	806.840	724.970	0	13.990	4.662	12.896	806.841	724.971	0	790	713	0	38	29	0
13	13	13	9	3315	255	0	255	255	255	211.385	715.615	0	1.627	0.169	1.661	211.385	715.615	0	210	714	0	4	4	0
664	664	664	127	169320	255	0	255	255	255	1176.843	726.748	0	16.301	6.197	15.266	1176.845	726.747	0	1151	714	0	55	24	0
692	692	692	165	176460	255	0	255	255	255	528.507	744.380	0	18.416	9.306	17.697	528.508	744.380	0	507	715	0	41	59	0
158	158	158	43	40290	255	0	255	255	255	391.247	724.437	0	6.673	1.247	6.954	391.247	724.437	0	383	717	0	16	15	0
269	269	269	64	68595	255	0	255	255	255	416.684	727.684	0	8.949	2.181	8.970	416.685	727.684	0	407	718	0	20	24	0
44	44	44	24	11220	255	0	255	255	255	122.091	724.705	0	3.321	1.051	3.364	122.091	724.705	0	119	720	0	7	10	0
693	693	693	136	176715	255	0	255	255	255	979.586	736.443	0	14.800	5.576	14.258	979.586	736.443	0	953	723	0	49	29	0
606	606	606	130	154530	255	0	255	255	255	861.173	734.789	0	16.847	7.033	14.853	861.175	734.789	0	830	724	0	60	21	0
539	539	539	92	137445	255	0	255	255	255	1114.584	736.759	0	13.095	3.533	13.444	1114.585	736.759	0	1099	724	0	36	23	0
894	894	894	174	227970	255	0	255	255	255	930.329	742.324	0	19.580	10.202	19.395	930.329	742.326	0	893	726	0	69	34	0
109	109	109	43	27795	255	0	255	255	255	171.486	732.679	0	5.092	1.554	5.298	171.486	732.679	0	165	727	0	14	12	0
95	95	95	30	24225	255	0	255	255	255	1027.716	732.000	0	5.061	0.529	5.087	1027.716	732.000	0	1022	727	0	11	11	0
440	440	440	82	112200	255	0	255	255	255	464.993	739.127	0	11.944	3.965	12.644	464.994	739.127	0	446	728	0	34	21	0
164	164	164	54	41820	255	0	255	255	255	246.171	737.841	0	6.620	2.536	7.167	246.171	737.841	0	239	729	0	18	17	0
81	81	81	28	20655	255	0	255	255	255	310.877	736.370	0	4.668	0.663	4.694	310.877	736.370	0	306	731	0	11	10	0
73	73	73	27	18615	255	0	255	255	255	336.452	738.397	0	4.425	1.004	4.625	336.452	738.397	0	332	733	0	10	11	0
221	221	221	76	56355	255	0	255	255	255	188.719	744.995	0	7.410	2.491	7.162	188.719	744.996	0	177	737	0	24	18	0
81	81	81	27	20655	255	0	255	255	255	285.247	747.580	0	4.866	1.187	4.772	285.247	747.580	0	280	742	0	12	11	0
108	108	108	35	27540	255	0	255	255	255	1009.537	748.454	0	5.600	1.536	5.126	1009.538	748.454	0	1003	743	0	15	11	0
459	459	459	111	117045	255	0	255	255	255	402.475	761.377	0	12.494	5.672	14.217	402.476	761.377	0	390	744	0	25	40	0
74	74	74	28	18870	255	0	255	255	255	82.270	750.027	0	4.420	0.854	4.715	82.270	750.027	0	78	745	0	10	11	0
156	156	156	44	39780	255	0	255	255	255	1041.128	750.667	0	6.687	1.333	6.834	1041.129	750.667	0	1033	745	0	17	12	0
75	75	75	71	19125	255	0	255	255	255	56.560	763.240	0	8.918	5.139	8.778	56.560	763.240	0	55	746	0	5	36	0
66	66	66	25	16830	255	0	255	255	255	353.167	750.364	0	4.177	0.618	4.072	353.167	750.364	0	348	747	0	10	9	0
60	60	60	25	15300	255	0	255	255	255	503.217	751.600	0	4.075	1.241	4.228	503.217	751.600	0	498	747	0	11	10	0
57	57	57	28	14535	255	0	255	255	255	332.053	752.632	0	3.990	1.804	4.160	332.053	752.632	0	325	750	0	14	6	0
140	140	140	44	35700	255	0	255	255	255	179.629	757.686	0	6.296	1.456	6.326	179.629	757.686	0	173	751	0	16	15	0
81	81	81	33	20655	255	0	255	255	255	273.963	757.988	0	5.044	2.155	5.104	273.963	757.988	0	268	751	0	13	14	0
197	197	197	64	50235	255	0	255	255	255	79.944	762.330	0	7.878	2.383	7.978	79.944	762.330	0	70	753	0	21	19	0
45	45	45	19	11475	255	0	255	255	255	121.867	758.889	0	3.348	0.345	3.311	121.867	758.889	0	119	755	0	7	9	0
218	218	218	52	55590	255	0	255	255	255	258.931	765.326	0	7.957	1.774	7.954	258.931	765.326	0	251	756	0	18	19	0
346	346	346	65	88230	255	0	255	255	255	211.575	770.069	0	10.066	1.241	9.870	211.575	770.069	0	200	760	0	24	20	0
67	67	67	25	17085	255	0	255	255	255	364.925	764.866	0	4.165	0.794	4.287	364.925	764.866	0	362	760	0	7	11	0
51	51	51	22	13005	255	0	255	255	255	529.020	765.784	0	3.732	0.944	3.953	529.020	765.784	0	525	762	0	9	9	0
1020	1020	1020	227	260100	255	0	255	255	255	465.588	785.786	0	23.410	9.691	23.182	465.589	785.786	0	432	766	0	73	49	0
23	23	23	13	5865	255	0	255	255	255	314.217	769.913	0	2.275	0.251	2.229	314.217	769.913	0	312	768	0	6	5	0
236	236	236	49	60180	255	0	255	255	255	386.534	780.258	0	8.226	0.567	8.276	386.534	780.259	0	378	772	0	18	18	0
332	332	332	69	84660	255	0	255	255	255	530.470	785.349	0	10.481	2.878	9.474	530.471	785.350	0	522	772	0	20	28	0
715	715	715	135	182325	255	0	255	255	255	160.180	792.498	0	15.577	5.570	16.120	160.181	792.498	0	137	776	0	43	37	0
300	300	300	84	76500	255	0	255	255	255	345.427	787.123	0	11.142	5.187	10.942	345.427	787.123	0	327	781	0	39	16	0
84	84	84	31	21420	255	0	255	255	255	424.643	786.440	0	4.944	1.560	5.167	424.643	786.441	0	418	782	0	14	10	0
17	17	17	10	4335	255	0	255	255	255	117.000	784.647	0	1.948	0.226	1.979	117.000	784.647	0	115	783	0	5	5	0
12	12	12	9	3060	255	0	255	255	255	543.750	785.667	0	1.525	0.283	1.530	543.750	785.667	0	542	784	0	4	4	0
29	29	29	15	7395	255	0	255	255	255	221.586	787.862	0	2.615	0.281	2.590	221.586	787.862	0	219	785	0	6	6	0
153	153	153	45	39015	255	0	255	255	255	265.948	794.268	0	6.901	2.208	6.972	265.948	794.268	0	259	786	0	16	17	0
105	105	105	38	26775	255	0	255	255	255	302.324	790.400	0	5.759	1.868	5.593	302.324	790.401	0	295	786	0	18	9	0
198	198	198	44	50490	255	0	255	255	255	212.874	796.823	0	7.600	1.125	7.767	212.874	796.824	0	205	787	0	18	20	0
595	595	595	127	151725	255	0	255	255	255	573.235	803.936	0	15.632	6.452	14.887	573.236	803.936	0	553	788	0	47	35	0
72	72	72	26	18360	255	0	255	255	255	230.361	793.042	0	4.405	0.736	4.419	230.361	793.042	0	225	789	0	12	9	0
228	228	228	51	58140	255	0	255	255	255	319.825	800.202	0	8.381	1.844	7.978	319.825	800.202	0	307	792	0	24	16	0
129	129	129	40	32895	255	0	255	255	255	378.605	802.969	0	6.174	1.654	6.044	378.605	802.969	0	374	794	0	10	18	0
24	24	24	14	6120	255	0	255	255	255	77.500	797.292	0	2.345	0.371	2.346	77.500	797.292	0	75	795	0	6	5	0
323	323	323	298	82365	255	0	255	255	255	1478.130	914.848	0	44.247	30.007	41.008	1478.127	914.848	0	1476	798	0	5	194	0
235	235	235	54	59925	255	0	255	255	255	505.191	809.528	0	8.316	1.477	8.094	505.192	809.528	0	498	800	0	16	21	0
157	157	157	57	40035	255	0	255	255	255	150.045	807.522	0	7.072	3.138	6.975	150.045	807.523	0	140	801	0	23	15	0
2313	2313	2313	451	589815	255	0	255	255	255	307.024	844.718	0	35.468	11.978	34.015	307.025	844.717	0	265	805	0	107	78	0
285	285	285	68	72675	255	0	255	255	255	408.154	812.947	0	9.675	3.819	9.690	408.155	812.947	0	393	806	0	31	16	0
62	62	62	23	15810	255	0	255	255	255	366.742	811.484	0	4.014	0.412	4.025	366.742	811.484	0	362	808	0	10	8	0
517	517	517	103	131835	255	0	255	255	255	464.468	825.812	0	12.048	3.965	13.520	464.469	825.812	0	451	809	0	29	33	0
89	89	89	34	22695	255	0	255	255	255	341.393	813.393	0	4.978	1.759	5.150	341.393	813.393	0	334	810	0	15	8	0
104	104	104	35	26520	255	0	255	255	255	543.250	818.010	0	5.427	1.660	6.037	543.250	818.010	0	537	812	0	13	13	0
103	103	103	33	26265	255	0	255	255	255	580.379	816.612	0	5.343	1.388	5.655	580.379	816.612	0	574	812	0	14	11	0
81	81	81	29	20655	255	0	255	255	255	82.926	819.222	0	4.642	0.697	4.778	82.926	819.222	0	77	814	0	12	10	0
25	25	25	14	6375	255	0	255	255	255	130.960	820.240	0	2.397	0.335	2.353	130.960	820.240	0	129	818	0	5	6	0
197	197	197	50	50235	255	0	255	255	255	372.985	825.680	0	7.515	1.238	7.747	372.985	825.680	0	364	819	0	18	17	0
236	236	236	223	60180	255	0	255	255	255	60.513	876.945	0	27.892	16.113	27.950	60.513	876.945	0	59	821	0	4	111	0
1235	1235	1235	202	314925	255	0	255	255	255	123.809	857.701	0	22.029	7.747	21.151	123.810	857.702	0	111	821	0	31	74	0
45	45	45	25	11475	255	0	255	255	255	202.600	826.511	0	3.629	1.680	3.615	202.600	826.511	0	200	821	0	7	12	0
106	106	106	36	27030	255	0	255	255	255	438.604	833.113	0	5.613	1.779	5.845	438.604	833.113	0	431	828	0	16	11	0
129	129	129	35	32895	255	0	255	255	255	586.798	835.760	0	6.163	1.294	6.291	586.799	835.760	0	580	829	0	15	14	0
36	36	36	17	9180	255	0	255	255	255	80.611	832.639	0	2.957	0.422	2.897	80.611	832.639	0	77	830	0	8	6	0
152	152	152	52	38760	255	0	255	255	255	95.138	838.191	0	6.504	2.539	6.574	95.138	838.191	0	87	832	0	18	15	0
190	190	190	50	48450	255	0	255	255	255	500.184	842.711	0	7.692	2.518	7.661	500.185	842.711	0	493	832	0	16	22	0
103	103	103	36	26265	255	0	255	255	255	241.845	840.602	0	5.387	1.875	5.656	241.845	840.602	0	238	833	0	9	17	0
320	320	320	71	81600	255	0	255	255	255	197.462	850.822	0	9.984	2.732	9.877	197.462	850.822	0	188	836	0	20	29	0
191	191	191	55	48705	255	0	255	255	255	619.199	848.257	0	7.658	2.535	7.785	619.200	848.257	0	613	837	0	14	22	0
58	58	58	25	14790	255	0	255	255	255	372.190	843.690	0	3.832	0.630	3.872	372.190	843.690	0	368	840	0	9	9	0
70	70	70	28	17850	255	0	255	255	255	70.557	846.014	0	4.316	1.193	4.625	70.557	846.014	0	67	841	0	8	12	0
19	19	19	12	4845	255	0	255	255	255	308.368	843.053	0	2.041	0.521	2.065	308.368	843.053	0	306	841	0	6	5	0
18	18	18	14	4590	255	0	255	255	255	550.333	842.944	0	2.076	0.813	2.208	550.333	842.944	0	548	841	0	6	5	0
42	42	42	19	10710	255	0	255	255	255	79.548	846.095	0	3.218	0.375	3.226	79.548	846.095	0	76	843	0	8	7	0
33	33	33	17	8415	255	0	255	255	255	555.061	846.939	0	2.808	0.458	2.940	555.061	846.939	0	552	844	0	7	7	0
104	104	104	35	26520	255	0	255	255	255	99.712	852.885	0	5.393	1.600	5.587	99.712	852.885	0	96	845	0	9	16	0
476	476	476	74	121380	255	0	255	255	255	479.214	860.941	0	11.847	1.178	11.974	479.216	860.942	0	467	847	0	24	27	0
185	185	185	47	47175	255	0	255	255	255	573.000	853.681	0	7.278	1.309	6.995	573.001	853.681	0	565	847	0	18	14	0
1286	1286	1286	236	327930	255	0	255	255	255	518.389	893.882	0	25.291	11.594	25.877	518.390	893.880	0	484	852	0	66	81	0
468	468	468	91	119340	255	0	255	255	255	243.756	865.733	0	11.719	4.578	12.829	243.757	865.733	0	227	856	0	37	24	0
159	159	159	59	40545	255	0	255	255	255	80.226	863.403	0	7.791	3.791	8.136	80.226	863.403	0	67	858	0	27	11	0
682	682	682	169	173910	255	0	255	255	255	189.673	885.569	0	15.086	6.628	15.398	189.674	885.571	0	173	862	0	40	45	0
155	155	155	42	39525	255	0	255	255	255	623.445	871.877	0	6.713	1.325	6.838	623.446	871.878	0	617	863	0	14	18	0
477	477	477	87	121635	255	0	255	255	255	351.042	880.876	0	11.972	3.007	12.173	351.043	880.876	0	337	865	0	27	32	0
301	301	301	55	76755	255	0	255	255	255	549.894	877.355	0	9.333	1.017	9.539	549.895	877.355	0	542	867	0	17	22	0
143	143	143	39	36465	255	0	255	255	255	644.042	876.951	0	6.587	1.597	6.301	644.042	876.951	0	637	870	0	15	16	0
476	476	476	102	121380	255	0	255	255	255	147.708	891.055	0	12.166	5.693	12.851	147.708	891.054	0	139	871	0	20	42	0
238	238	238	49	60690	255	0	255	255	255	582.109	890.950	0	8.338	1.211	8.536	582.110	890.949	0	573	882	0	19	18	0
438	438	438	76	111690	255	0	255	255	255	246.473	896.993	0	11.616	2.536	11.670	246.473	896.992	0	237	885	0	23	28	0
27	27	27	16	6885	255	0	255	255	255	317.778	888.630	0	2.488	0.458	2.511	317.778	888.630	0	315	886	0	6	6	0
246	246	246	52	62730	255	0	255	255	255	337.264	896.719	0	8.616	1.570	8.329	337.265	896.719	0	329	887	0	19	19	0
99	99	99	34	25245	255	0	255	255	255	302.152	895.010	0	5.255	1.311	5.325	302.152	895.010	0	295	891	0	15	9	0
329	329	329	75	83895	255	0	255	255	255	630.693	898.125	0	10.576	4.359	11.083	630.694	898.125	0	616	891	0	33	15	0
268	268	268	62	68340	255	0	255	255	255	663.851	906.384	0	9.316	3.185	8.991	663.852	906.384	0	649	900	0	28	15	0
1019	1019	1019	185	259845	255	0	255	255	255	579.527	918.983	0	18.159	8.179	19.109	579.528	918.981	0	548	901	0	60	36	0
17	17	17	12	4335	255	0	255	255	255	265.353	911.000	0	1.936	0.495	1.979	265.353	911.000	0	264	909	0	4	6	0
13	13	13	9	3315	255	0	255	255	255	130.769	912.769	0	1.620	0.430	1.741	130.769	912.769	0	129	911	0	4	5	0
750	750	750	119	191250	255	0	255	255	255	202.571	929.045	0	14.292	3.262	15.127	202.572	929.045	0	185	914	0	36	33	0
44	44	44	20	11220	255	0	255	255	255	338.136	918.636	0	3.353	0.573	3.332	338.136	918.636	0	335	915	0	7	8	0
27	27	27	15	6885	255	0	255	255	255	265.667	919.296	0	2.477	0.402	2.437	265.667	919.296	0	263	917	0	6	6	0
508	508	508	125	129540	255	0	255	255	255	138.368	950.022	0	16.346	8.156	15.926	138.368	950.021	0	130	920	0	22	57	0
73	73	73	35	18615	255	0	255	255	255	623.452	923.534	0	4.360	2.047	4.800	623.452	923.534	0	617	920	0	15	8	0
44	44	44	23	11220	255	0	255	255	255	688.659	926.386	0	3.510	1.186	3.771	688.659	926.386	0	685	922	0	8	10	0
143	143	143	38	36465	255	0	255	255	255	322.021	933.301	0	6.329	0.818	6.209	322.021	933.301	0	317	926	0	12	16	0
315	315	315	64	80325	255	0	255	255	255	158.689	938.946	0	9.828	1.858	9.728	158.689	938.946	0	149	927	0	19	26	0
20	20	20	13	5100	255	0	255	255	255	263.900	931.150	0	2.072	0.410	2.152	263.900	931.150	0	262	929	0	5	5	0
694	694	694	129	176970	255	0	255	255	255	608.507	955.039	0	14.599	6.701	16.112	608.509	955.037	0	590	931	0	35	47	0
243	243	243	220	61965	255	0	255	255	255	56.461	1015.737	0	32.256	22.096	28.024	56.461	1015.737	0	54	934	0	6	154	0
192	192	192	56	48960	255	0	255	255	255	564.344	942.240	0	8.169	2.752	7.775	564.344	942.240	0	552	935	0	22	17	0
91	91	91	31	23205	255	0	255	255	255	670.714	940.670	0	5.092	1.276	5.296	670.714	940.670	0	665	936	0	13	11	0
611	611	611	106	155805	255	0	255	255	255	709.805	958.552	0	14.571	6.878	15.303	709.806	958.551	0	691	938	0	38	43	0
49	49	49	25	12495	255	0	255	255	255	281.224	945.347	0	3.923	1.734	4.062	281.224	945.347	0	276	941	0	12	10	0
35	35	35	16	8925	255	0	255	255	255	263.343	951.057	0	2.946	0.348	2.989	263.343	951.057	0	260	948	0	7	7	0
181	181	181	42	46155	255	0	255	255	255	308.039	957.851	0	7.224	0.891	7.061	308.039	957.852	0	300	951	0	17	15	0
33	33	33	18	8415	255	0	255	255	255	690.182	963.727	0	3.103	1.274	2.938	690.182	963.727	0	688	958	0	6	11	0
108	108	108	39	27540	255	0	255	255	255	638.630	966.463	0	5.523	1.979	5.939	638.630	966.463	0	633	959	0	12	16	0
122	122	122	37	31110	255	0	255	255	255	252.541	967.410	0	5.843	1.214	6.107	252.541	967.410	0	248	960	0	10	15	0
67	67	67	23	17085	255	0	255	255	255	583.537	968.522	0	4.213	0.381	4.298	583.537	968.522	0	579	964	0	10	10	0
355	355	355	67	90525	255	0	255	255	255	655.961	982.358	0	10.255	1.826	10.236	655.962	982.356	0	644	969	0	22	25	0
297	297	297	87	75735	255	0	255	255	255	165.721	993.845	0	10.139	4.664	10.568	165.721	993.846	0	156	979	0	17	34	0
1752	1752	1752	261	446760	255	0	255	255	255	653.908	1010.352	0	28.852	13.651	28.810	653.909	1010.350	0	603	981	0	95	55	0
49	49	49	21	12495	255	0	255	255	255	701.449	987.694	0	3.545	0.595	3.641	701.449	987.694	0	698	984	0	7	9	0
130	130	130	39	33150	255	0	255	255	255	720.300	995.292	0	6.001	1.030	6.307	720.300	995.292	0	714	989	0	14	12	0
545	545	545	504	138975	255	0	255	255	255	1367.050	1090.483	0	92.773	39.971	103.204	1367.051	1090.480	0	1212	993	0	272	112	0
32	32	32	16	8160	255	0	255	255	255	715.094	1006.000	0	2.745	0.400	2.895	715.094	1006.000	0	713	1003	0	6	7	0
385	385	385	77	98175	255	0	255	255	255	759.353	1019.691	0	11.842	4.015	11.883	759.354	1019.692	0	745	1004	0	29	28	0
1818	1818	1818	426	463590	255	0	255	255	255	722.629	1060.599	0	39.508	20.395	36.661	722.629	1060.600	0	699	1017	0	91	100	0
583	583	583	129	148665	255	0	255	255	255	781.978	1053.940	0	12.740	4.380	13.047	781.978	1053.938	0	768	1037	0	27	36	0
65	65	65	29	16575	255	0	255	255	255	743.338	1045.200	0	4.335	1.501	4.517	743.338	1045.200	0	740	1038	0	8	14	0
189	189	189	52	48195	255	0	255	255	255	672.275	1047.513	0	8.173	3.100	8.397	672.276	1047.513	0	660	1040	0	24	16	0
42	42	42	26	10710	255	0	255	255	255	685.810	1046.976	0	3.692	1.773	3.957	685.810	1046.976	0	682	1043	0	9	11	0
43	43	43	24	10965	255	0	255	255	255	734.209	1068.977	0	3.387	1.441	3.609	734.209	1068.977	0	730	1065	0	10	9	0
61	61	61	27	15555	255	0	255	255	255	750.213	1070.131	0	4.190	1.561	4.687	750.213	1070.131	0	745	1066	0	12	9	0
337	337	337	67	85935	255	0	255	255	255	795.540	1089.629	0	10.073	3.401	10.726	795.541	1089.628	0	786	1076	0	19	30	0
278	278	278	59	70890	255	0	255	255	255	768.500	1090.680	0	8.907	1.158	9.026	768.501	1090.680	0	760	1081	0	19	20	0
251	251	251	60	64005	255	0	255	255	255	835.912	1092.888	0	9.203	2.858	8.935	835.913	1092.888	0	827	1083	0	21	22	0
126	126	126	104	32130	255	0	255	255	255	83.032	1091.706	0	12.937	7.341	13.112	83.032	1091.705	0	55	1090	0	49	11	0
271	271	271	242	69105	255	0	255	255	255	1116.358	1106.173	0	35.194	23.912	32.011	1116.359	1106.176	0	1056	1104	0	155	5	0
287	287	287	259	73185	255	0	255	255	255	944.690	1110.035	0	42.226	28.230	39.702	944.691	1110.033	0	876	1108	0	179	5	0
36	36	36	36	9180	255	0	255	255	255	856.000	1112.944	0	8.505	4.852	8.528	856.000	1112.944	0	840	1112	0	34	2	0
32	32	32	25	8160	255	0	255	255	255	106.188	1119.781	0	3.973	2.045	3.963	106.188	1119.781	0	103	1114	0	8	13	0
276	276	276	247	70380	255	0	255	255	255	625.866	1118.174	0	36.135	24.598	32.876	625.867	1118.172	0	564	1116	0	159	5	0
539	539	539	496	137445	255	0	255	255	255	379.063	1123.907	0	80.708	45.986	78.951	379.065	1123.910	0	234	1120	0	329	9	0
54	54	54	54	13770	255	0	255	255	255	136.463	1129.852	0	13.319	7.602	13.501	136.463	1129.852	0	112	1129	0	51	2	0
