Volume (pixel^3)	Surface (pixel^2)	Nb of obj. voxels	Nb of surf. voxels	IntDen	Mean	StdDev	Median	Min	Max	X	Y	Z	Mean dist. to surf. (pixel)	SD dist. to surf. (pixel)	Median dist. to surf. (pixel)	XM	YM	ZM	BX	BY	BZ	B-width	B-height	B-depth
29115	29115	29115	11169	7424325	255	0	255	255	255	640.365	378.946	0	678.912	204.735	714.817	640.333	378.981	0	0	0	0	1438	1092	0
22	22	22	14	5610	255	0	255	255	255	156.591	19.000	0	2.217	0.466	2.247	156.591	19.000	0	154	17	0	6	5	0
99	99	99	35	25245	255	0	255	255	255	1360.424	21.313	0	5.465	1.303	5.581	1360.425	21.313	0	1354	17	0	15	10	0
39	39	39	19	9945	255	0	255	255	255	460.744	22.615	0	3.055	0.392	3.073	460.744	22.615	0	457	20	0	8	6	0
17	17	17	12	4335	255	0	255	255	255	31.882	22.471	0	1.878	0.383	1.871	31.882	22.471	0	30	21	0	5	4	0
79	79	79	29	20145	255	0	255	255	255	135.544	24.987	0	4.647	1.112	4.751	135.544	24.987	0	130	21	0	12	9	0
182	182	182	52	46410	255	0	255	255	255	473.302	33.484	0	7.293	2.428	7.519	473.303	33.484	0	464	24	0	19	18	0
75	75	75	29	19125	255	0	255	255	255	1414.640	28.253	0	4.465	1.104	4.760	1414.641	28.253	0	1409	24	0	12	10	0
82	82	82	27	20910	255	0	255	255	255	217.927	29.866	0	4.810	1.022	5.135	217.927	29.866	0	213	25	0	11	11	0
67	67	67	31	17085	255	0	255	255	255	1392.910	27.567	0	4.508	1.791	4.213	1392.911	27.567	0	1385	25	0	16	6	0
27	27	27	15	6885	255	0	255	255	255	105.074	28.407	0	2.475	0.309	2.507	105.074	28.407	0	103	26	0	5	6	0
6011	6011	6011	861	1532805	255	0	255	255	255	1303.084	61.028	0	56.262	29.119	52.714	1303.083	61.028	0	1195	26	0	227	68	0
204	204	204	57	52020	255	0	255	255	255	153.387	40.069	0	8.087	3.149	7.693	153.387	40.069	0	147	28	0	16	24	0
163	163	163	42	41565	255	0	255	255	255	1367.411	33.644	0	6.854	1.156	6.477	1367.412	33.644	0	1359	28	0	18	13	0
124	124	124	36	31620	255	0	255	255	255	169.556	33.855	0	5.824	0.697	5.798	169.556	33.855	0	163	29	0	14	11	0
173	173	173	45	44115	255	0	255	255	255	443.815	34.942	0	7.030	1.372	7.086	443.815	34.942	0	436	29	0	18	12	0
39	39	39	18	9945	255	0	255	255	255	1331.359	33.897	0	3.117	0.587	3.142	1331.359	33.897	0	1329	30	0	6	9	0
6460	6460	6460	883	1647300	255	0	255	255	255	1101.014	78.346	0	49.609	21.759	48.190	1101.024	78.346	0	1006	32	0	183	95	0
42	42	42	18	10710	255	0	255	255	255	246.619	38.095	0	3.233	0.283	3.227	246.619	38.095	0	243	35	0	8	7	0
229	229	229	52	58395	255	0	255	255	255	188.991	44.607	0	8.066	1.054	8.092	188.991	44.607	0	182	36	0	15	19	0
10	10	10	7	2550	255	0	255	255	255	1395.700	37.700	0	1.438	0.255	1.476	1395.700	37.700	0	1394	36	0	4	4	0
34	34	34	17	8670	255	0	255	255	255	96.118	39.765	0	2.842	0.376	2.902	96.118	39.765	0	93	37	0	7	6	0
136	136	136	37	34680	255	0	255	255	255	303.199	43.132	0	6.333	1.381	6.502	303.199	43.132	0	296	37	0	16	13	0
14	14	14	10	3570	255	0	255	255	255	485.714	40.000	0	1.700	0.364	1.672	485.714	40.000	0	484	38	0	4	5	0
35	35	35	17	8925	255	0	255	255	255	346.829	41.229	0	2.897	0.469	2.932	346.829	41.229	0	343	39	0	8	6	0
180	180	180	44	45900	255	0	255	255	255	460.172	47.939	0	7.176	1.294	7.203	460.173	47.939	0	453	40	0	17	17	0
61	61	61	29	15555	255	0	255	255	255	1322.164	43.033	0	4.159	1.409	4.338	1322.164	43.033	0	1317	40	0	13	8	0
64	64	64	24	16320	255	0	255	255	255	1341.562	49.000	0	4.092	0.939	3.961	1341.563	49.000	0	1336	46	0	12	7	0
534	534	534	88	136170	255	0	255	255	255	1192.953	57.635	0	13.065	2.698	11.981	1192.954	57.635	0	1178	47	0	35	23	0
288	288	288	58	73440	255	0	255	255	255	223.226	57.431	0	9.092	1.071	9.196	223.226	57.431	0	213	49	0	22	19	0
385	385	385	74	98175	255	0	255	255	255	400.442	62.756	0	10.843	2.746	10.797	400.442	62.756	0	388	49	0	24	28	0
36	36	36	18	9180	255	0	255	255	255	1143.944	53.056	0	2.970	0.777	2.830	1143.944	53.056	0	1142	49	0	5	9	0
49	49	49	20	12495	255	0	255	255	255	267.918	53.490	0	3.521	0.328	3.501	267.918	53.490	0	264	50	0	8	8	0
16	16	16	12	4080	255	0	255	255	255	1333.000	55.125	0	1.803	0.421	1.939	1333.000	55.125	0	1331	54	0	5	4	0
113	113	113	37	28815	255	0	255	255	255	333.274	58.841	0	5.608	1.430	6.090	333.274	58.841	0	326	55	0	15	9	0
155	155	155	39	39525	255	0	255	255	255	433.568	68.839	0	6.750	1.161	6.852	433.568	68.839	0	427	62	0	14	15	0
52	52	52	22	13260	255	0	255	255	255	1219.019	66.923	0	3.632	0.469	3.606	1219.019	66.923	0	1215	64	0	9	7	0
64	64	64	23	16320	255	0	255	255	255	67.547	69.125	0	4.082	0.309	4.055	67.547	69.125	0	64	65	0	9	9	0
176	176	176	45	44880	255	0	255	255	255	302.216	73.352	0	7.300	2.155	7.881	302.216	73.352	0	293	65	0	19	17	0
72	72	72	25	18360	255	0	255	255	255	366.514	69.069	0	4.374	0.392	4.342	366.514	69.069	0	362	65	0	10	9	0
377	377	377	73	96135	255	0	255	255	255	246.655	83.289	0	10.816	3.046	11.293	246.656	83.289	0	237	67	0	20	30	0
717	717	717	121	182835	255	0	255	255	255	666.497	83.495	0	15.908	7.252	16.692	666.498	83.495	0	641	67	0	50	34	0
137	137	137	41	34935	255	0	255	255	255	970.905	73.219	0	6.283	1.850	6.615	970.906	73.219	0	963	68	0	18	11	0
61	61	61	22	15555	255	0	255	255	255	482.902	73.098	0	4.004	0.256	4.053	482.902	73.098	0	479	69	0	9	9	0
82	82	82	26	20910	255	0	255	255	255	852.963	73.573	0	4.681	0.273	4.681	852.964	73.573	0	848	69	0	11	10	0
429	429	429	81	109395	255	0	255	255	255	943.998	79.991	0	11.512	3.192	11.659	943.999	79.991	0	928	69	0	31	24	0
380	380	380	79	96900	255	0	255	255	255	617.703	81.413	0	11.675	4.626	10.801	617.704	81.413	0	603	70	0	32	27	0
66	66	66	24	16830	255	0	255	255	255	707.030	74.061	0	4.131	0.252	4.153	707.030	74.061	0	703	70	0	9	9	0
47	47	47	20	11985	255	0	255	255	255	1175.447	73.787	0	3.584	0.831	3.784	1175.447	73.787	0	1172	70	0	8	9	0
212	212	212	55	54060	255	0	255	255	255	1226.882	81.873	0	7.918	1.975	7.930	1226.883	81.873	0	1217	71	0	19	19	0
249	249	249	68	63495	255	0	255	255	255	778.145	79.225	0	9.136	3.869	9.253	778.146	79.225	0	763	72	0	30	14	0
333	333	333	60	84915	255	0	255	255	255	804.532	80.246	0	9.926	1.405	9.865	804.533	80.246	0	794	72	0	24	19	0
488	488	488	97	124440	255	0	255	255	255	877.055	88.482	0	12.329	5.278	13.466	877.057	88.482	0	864	72	0	27	34	0
74	74	74	25	18870	255	0	255	255	255	898.608	76.419	0	4.421	0.341	4.436	898.608	76.419	0	894	72	0	10	10	0
73	73	73	25	18615	255	0	255	255	255	756.247	77.164	0	4.376	0.366	4.347	756.247	77.164	0	752	73	0	10	9	0
232	232	232	48	59160	255	0	255	255	255	837.069	80.177	0	8.300	1.195	8.038	837.070	80.177	0	826	73	0	21	16	0
19	19	19	12	4845	255	0	255	255	255	357.368	77.000	0	2.040	0.300	2.034	357.368	77.000	0	355	75	0	5	5	0
48	48	48	20	12240	255	0	255	255	255	126.396	79.396	0	3.468	0.276	3.539	126.396	79.396	0	123	76	0	8	8	0
114	114	114	33	29070	255	0	255	255	255	143.632	81.561	0	5.712	0.839	5.659	143.632	81.561	0	138	76	0	13	12	0
616	616	616	111	157080	255	0	255	255	255	997.890	91.744	0	14.677	4.876	14.863	997.891	91.744	0	979	77	0	44	30	0
22	22	22	13	5610	255	0	255	255	255	56.909	79.909	0	2.201	0.208	2.199	56.909	79.909	0	55	78	0	5	5	0
286	286	286	56	72930	255	0	255	255	255	1198.336	88.685	0	9.142	1.246	8.977	1198.337	88.685	0	1186	79	0	22	19	0
105	105	105	30	26775	255	0	255	255	255	112.571	85.524	0	5.450	0.689	5.573	112.571	85.524	0	107	80	0	12	12	0
214	214	214	49	54570	255	0	255	255	255	746.818	91.850	0	7.872	1.162	8.046	746.819	91.850	0	738	84	0	18	17	0
106	106	106	34	27030	255	0	255	255	255	422.189	91.509	0	5.460	1.437	5.696	422.189	91.509	0	417	85	0	11	14	0
20	20	20	13	5100	255	0	255	255	255	230.000	88.750	0	2.284	0.765	2.250	230.000	88.750	0	228	86	0	6	6	0
320	320	320	67	81600	255	0	255	255	255	334.934	93.834	0	9.862	3.057	9.972	334.935	93.834	0	321	86	0	28	16	0
257	257	257	52	65535	255	0	255	255	255	304.280	96.304	0	8.596	0.955	8.757	304.280	96.304	0	296	87	0	18	20	0
189	189	189	44	48195	255	0	255	255	255	825.360	94.159	0	7.333	0.992	7.315	825.360	94.159	0	818	87	0	17	16	0
104	104	104	33	26520	255	0	255	255	255	768.375	95.673	0	5.319	1.154	5.360	768.375	95.673	0	764	89	0	10	14	0
391	391	391	81	99705	255	0	255	255	255	1025.064	100.343	0	10.632	2.423	11.028	1025.065	100.343	0	1015	89	0	22	27	0
280	280	280	65	71400	255	0	255	255	255	380.261	99.282	0	8.845	3.314	10.097	380.261	99.282	0	368	90	0	26	20	0
293	293	293	61	74715	255	0	255	255	255	579.915	101.928	0	9.261	1.893	9.970	579.916	101.928	0	572	91	0	16	23	0
26	26	26	14	6630	255	0	255	255	255	83.500	94.000	0	2.430	0.255	2.500	83.500	94.000	0	81	92	0	6	5	0
65	65	65	28	16575	255	0	255	255	255	448.231	97.000	0	4.409	1.529	5.011	448.231	97.000	0	443	92	0	11	11	0
152	152	152	44	38760	255	0	255	255	255	152.678	100.474	0	6.687	1.856	6.940	152.678	100.474	0	147	93	0	13	18	0
10	10	10	8	2550	255	0	255	255	255	633.500	93.800	0	1.364	0.301	1.407	633.500	93.800	0	632	93	0	4	3	0
244	244	244	51	62220	255	0	255	255	255	704.979	103.135	0	8.373	0.991	8.113	704.981	103.135	0	697	94	0	16	20	0
107	107	107	35	27285	255	0	255	255	255	853.271	106.664	0	5.388	1.490	5.719	853.271	106.664	0	849	100	0	9	15	0
358	358	358	81	91290	255	0	255	255	255	687.955	114.936	0	10.842	3.804	10.727	687.956	114.936	0	677	101	0	20	33	0
63	63	63	26	16065	255	0	255	255	255	603.444	107.508	0	4.182	1.446	4.301	603.444	107.508	0	597	104	0	13	8	0
26	26	26	14	6630	255	0	255	255	255	97.769	107.308	0	2.449	0.293	2.440	97.769	107.308	0	95	105	0	6	6	0
199	199	199	43	50745	255	0	255	255	255	202.126	114.417	0	7.540	0.713	7.629	202.126	114.417	0	195	106	0	16	17	0
565	565	565	99	144075	255	0	255	255	255	956.759	121.350	0	13.312	3.772	13.309	956.761	121.350	0	940	106	0	37	30	0
345	345	345	69	87975	255	0	255	255	255	988.754	117.925	0	10.584	3.214	10.323	988.755	117.925	0	977	106	0	26	25	0
47	47	47	20	11985	255	0	255	255	255	413.170	110.979	0	3.407	0.300	3.392	413.170	110.979	0	410	108	0	8	7	0
23	23	23	12	5865	255	0	255	255	255	910.609	111.478	0	2.327	0.291	2.443	910.609	111.478	0	908	109	0	6	6	0
277	277	277	55	70635	255	0	255	255	255	118.213	118.473	0	9.067	1.801	9.518	118.213	118.473	0	107	110	0	24	19	0
127	127	127	36	32385	255	0	255	255	255	324.197	117.685	0	6.066	1.387	6.326	324.197	117.685	0	318	111	0	13	15	0
182	182	182	43	46410	255	0	255	255	255	829.912	118.879	0	7.223	1.014	7.189	829.913	118.879	0	822	112	0	15	16	0
27	27	27	15	6885	255	0	255	255	255	29.519	116.259	0	2.507	0.678	2.495	29.519	116.259	0	28	113	0	5	8	0
11	11	11	9	2805	255	0	255	255	255	555.364	114.091	0	1.418	0.316	1.367	555.364	114.091	0	554	113	0	4	3	0
49	49	49	21	12495	255	0	255	255	255	877.000	117.265	0	3.499	0.368	3.415	877.000	117.265	0	874	113	0	7	9	0
273	273	273	63	69615	255	0	255	255	255	899.491	124.154	0	9.362	3.387	9.168	899.492	124.154	0	890	113	0	21	25	0
71	71	71	27	18105	255	0	255	255	255	174.000	119.394	0	4.400	1.064	4.507	174.000	119.394	0	170	114	0	9	12	0
913	913	913	117	232815	255	0	255	255	255	736.113	139.430	0	17.111	5.379	17.433	736.114	139.431	0	719	114	0	32	48	0
118	118	118	36	30090	255	0	255	255	255	140.746	122.415	0	5.925	1.664	6.108	140.746	122.415	0	135	115	0	13	15	0
231	231	231	56	58905	255	0	255	255	255	568.299	123.242	0	8.256	1.638	7.926	568.300	123.242	0	559	116	0	20	16	0
158	158	158	44	40290	255	0	255	255	255	709.538	121.563	0	6.729	1.799	7.066	709.539	121.563	0	701	116	0	19	11	0
20	20	20	12	5100	255	0	255	255	255	69.100	118.950	0	2.090	0.221	2.136	69.100	118.950	0	67	117	0	5	5	0
252	252	252	54	64260	255	0	255	255	255	645.881	125.198	0	8.539	1.228	8.260	645.882	125.198	0	636	117	0	21	17	0
268	268	268	66	68340	255	0	255	255	255	924.989	131.687	0	8.715	2.971	9.367	924.990	131.687	0	915	118	0	19	24	0
525	525	525	113	133875	255	0	255	255	255	426.171	131.158	0	14.550	6.734	15.203	426.173	131.158	0	404	120	0	47	23	0
619	619	619	108	157845	255	0	255	255	255	864.275	137.753	0	13.557	3.525	13.965	864.276	137.753	0	851	122	0	33	31	0
147	147	147	40	37485	255	0	255	255	255	266.517	128.313	0	6.482	1.571	6.429	266.517	128.313	0	258	123	0	18	11	0
122	122	122	36	31110	255	0	255	255	255	41.336	130.967	0	5.857	1.411	6.126	41.336	130.967	0	36	124	0	12	15	0
171	171	171	43	43605	255	0	255	255	255	59.187	136.503	0	6.928	1.447	7.311	59.187	136.503	0	54	128	0	12	18	0
142	142	142	38	36210	255	0	255	255	255	623.887	136.725	0	6.301	0.980	6.453	623.888	136.725	0	617	129	0	14	15	0
16	16	16	10	4080	255	0	255	255	255	370.000	131.500	0	1.846	0.219	1.803	370.000	131.500	0	368	130	0	5	4	0
11	11	11	9	2805	255	0	255	255	255	359.636	132.636	0	1.434	0.433	1.505	359.636	132.636	0	358	131	0	4	4	0
271	271	271	60	69105	255	0	255	255	255	336.015	144.055	0	9.044	2.559	9.849	336.015	144.055	0	326	132	0	20	23	0
88	88	88	29	22440	255	0	255	255	255	521.977	140.227	0	4.850	0.645	4.834	521.977	140.227	0	518	135	0	9	12	0
345	345	345	65	87975	255	0	255	255	255	550.258	144.591	0	10.140	2.263	10.383	550.259	144.591	0	538	135	0	27	19	0
1009	1009	1009	190	257295	255	0	255	255	255	657.841	154.810	0	17.685	7.329	16.481	657.842	154.810	0	626	136	0	58	36	0
127	127	127	37	32385	255	0	255	255	255	829.094	142.323	0	6.016	1.430	6.139	829.095	142.323	0	822	137	0	15	12	0
52	52	52	22	13260	255	0	255	255	255	603.500	143.000	0	3.586	0.354	3.640	603.500	143.000	0	600	140	0	8	7	0
152	152	152	39	38760	255	0	255	255	255	785.783	149.421	0	6.508	0.632	6.469	785.784	149.421	0	780	143	0	14	14	0
170	170	170	42	43350	255	0	255	255	255	238.400	151.153	0	7.080	1.249	6.728	238.400	151.153	0	229	145	0	19	14	0
59	59	59	23	15045	255	0	255	255	255	101.085	149.356	0	3.880	0.313	3.931	101.085	149.356	0	97	146	0	9	8	0
74	74	74	25	18870	255	0	255	255	255	371.730	152.703	0	4.417	0.273	4.380	371.730	152.703	0	367	148	0	10	10	0
15	15	15	12	3825	255	0	255	255	255	434.533	150.333	0	1.721	0.439	1.671	434.533	150.333	0	432	149	0	5	4	0
130	130	130	38	33150	255	0	255	255	255	806.169	153.162	0	6.054	1.480	5.975	806.170	153.162	0	798	149	0	17	10	0
302	302	302	64	77010	255	0	255	255	255	705.487	158.156	0	10.078	3.131	9.271	705.488	158.156	0	691	150	0	30	17	0
299	299	299	60	76245	255	0	255	255	255	265.920	162.237	0	9.416	1.652	9.185	265.920	162.237	0	257	152	0	22	21	0
71	71	71	24	18105	255	0	255	255	255	349.437	158.732	0	4.326	0.309	4.418	349.437	158.732	0	345	155	0	10	9	0
43	43	43	18	10965	255	0	255	255	255	759.581	157.977	0	3.278	0.244	3.289	759.581	157.977	0	756	155	0	8	7	0
146	146	146	40	37230	255	0	255	255	255	142.863	166.329	0	6.613	1.784	6.895	142.863	166.329	0	136	159	0	15	16	0
87	87	87	35	22185	255	0	255	255	255	581.425	167.046	0	5.039	1.896	5.321	581.425	167.046	0	574	164	0	16	7	0
101	101	101	33	25755	255	0	255	255	255	604.574	167.406	0	5.239	1.191	5.130	604.574	167.406	0	598	164	0	14	8	0
38	38	38	17	9690	255	0	255	255	255	565.079	169.053	0	3.067	0.191	3.079	565.079	169.053	0	562	166	0	7	7	0
729	729	729	139	185895	255	0	255	255	255	389.252	194.498	0	16.381	7.006	17.041	389.254	194.498	0	371	168	0	31	53	0
210	210	210	54	53550	255	0	255	255	255	412.848	176.205	0	7.845	2.297	7.839	412.848	176.205	0	403	168	0	19	18	0
75	75	75	26	19125	255	0	255	255	255	343.440	173.667	0	4.436	0.531	4.471	343.440	173.667	0	339	169	0	10	10	0
210	210	210	49	53550	255	0	255	255	255	305.648	178.557	0	7.775	1.286	7.404	305.648	178.557	0	297	171	0	18	16	0
322	322	322	73	82110	255	0	255	255	255	176.323	189.339	0	9.619	2.423	9.956	176.323	189.339	0	163	178	0	26	24	0
206	206	206	48	52530	255	0	255	255	255	358.189	195.291	0	7.759	1.735	7.746	358.190	195.291	0	352	185	0	14	21	0
39	39	39	18	9945	255	0	255	255	255	148.000	189.590	0	3.065	0.284	3.095	148.000	189.590	0	145	187	0	7	7	0
136	136	136	38	34680	255	0	255	255	255	372.971	205.728	0	6.132	1.048	6.266	372.971	205.728	0	366	201	0	15	11	0
213	213	213	68	54315	255	0	255	255	255	62.357	211.183	0	8.112	3.635	7.806	62.357	211.183	0	49	204	0	27	15	0
620	620	620	126	158100	255	0	255	255	255	209.611	221.085	0	16.034	7.577	15.661	209.612	221.085	0	186	207	0	53	25	0
13	13	13	10	3315	255	0	255	255	255	29.385	210.000	0	1.611	0.521	1.804	29.385	210.000	0	28	208	0	4	5	0
57	57	57	22	14535	255	0	255	255	255	109.228	215.018	0	3.825	0.434	3.857	109.228	215.018	0	106	211	0	8	9	0
97	97	97	32	24735	255	0	255	255	255	486.433	224.732	0	5.135	0.667	5.153	486.433	224.732	0	482	219	0	11	12	0
161	161	161	46	41055	255	0	255	255	255	309.689	238.130	0	6.692	1.461	6.959	309.689	238.130	0	303	230	0	15	16	0
18	18	18	12	4590	255	0	255	255	255	102.000	239.500	0	1.955	0.323	1.932	102.000	239.500	0	100	238	0	5	4	0
174	174	174	44	44370	255	0	255	255	255	128.851	244.540	0	7.098	1.412	7.324	128.851	244.540	0	121	238	0	18	15	0
608	608	608	133	155040	255	0	255	255	255	374.212	248.725	0	16.311	7.932	15.662	374.213	248.725	0	346	240	0	59	19	0
538	538	538	128	137190	255	0	255	255	255	241.874	254.933	0	14.675	6.052	14.016	241.874	254.933	0	219	244	0	47	23	0
500	500	500	84	127500	255	0	255	255	255	154.428	258.370	0	12.373	2.932	12.972	154.428	258.370	0	138	245	0	32	30	0
172	172	172	42	43860	255	0	255	255	255	336.855	260.297	0	7.023	1.282	7.006	336.855	260.297	0	331	252	0	14	18	0
287	287	287	71	73185	255	0	255	255	255	61.470	264.195	0	9.894	3.729	9.431	61.470	264.195	0	45	258	0	32	15	0
253	253	253	54	64515	255	0	255	255	255	312.269	267.012	0	8.569	1.457	8.294	312.269	267.012	0	304	258	0	17	20	0
75	75	75	27	19125	255	0	255	255	255	79.320	277.640	0	4.455	0.809	4.555	79.320	277.640	0	75	272	0	9	12	0
344	344	344	77	87720	255	0	255	255	255	292.735	293.765	0	11.043	3.660	9.950	292.736	293.765	0	283	276	0	18	36	0
239	239	239	50	60945	255	0	255	255	255	172.711	284.490	0	8.366	1.180	8.203	172.711	284.490	0	163	277	0	21	17	0
158	158	158	42	40290	255	0	255	255	255	322.449	284.930	0	6.641	0.831	6.500	322.449	284.930	0	317	278	0	12	15	0
543	543	543	87	138465	255	0	255	255	255	403.840	288.501	0	13.004	3.882	13.776	403.841	288.501	0	387	279	0	36	20	0
22	22	22	14	5610	255	0	255	255	255	336.136	283.364	0	2.273	0.596	2.198	336.136	283.364	0	334	281	0	6	5	0
282	282	282	56	71910	255	0	255	255	255	366.752	292.560	0	9.049	1.209	8.766	366.752	292.560	0	358	283	0	19	20	0
46	46	46	20	11730	255	0	255	255	255	223.087	289.478	0	3.389	0.348	3.355	223.087	289.478	0	220	286	0	7	8	0
144	144	144	43	36720	255	0	255	255	255	32.438	298.458	0	6.507	1.717	6.550	32.438	298.458	0	28	291	0	12	18	0
103	103	103	32	26265	255	0	255	255	255	194.282	297.359	0	5.341	1.062	5.742	194.282	297.359	0	188	292	0	13	12	0
413	413	413	73	105315	255	0	255	255	255	128.659	306.015	0	11.068	2.419	11.806	128.659	306.015	0	117	294	0	24	27	0
156	156	156	41	39780	255	0	255	255	255	55.301	305.609	0	6.864	2.024	7.312	55.301	305.609	0	47	299	0	18	14	0
62	62	62	25	15810	255	0	255	255	255	255.677	305.435	0	4.042	0.730	4.197	255.677	305.435	0	252	301	0	8	10	0
48	48	48	20	12240	255	0	255	255	255	271.604	304.896	0	3.474	0.367	3.449	271.604	304.896	0	268	301	0	8	8	0
330	330	330	70	84150	255	0	255	255	255	335.430	312.218	0	9.640	2.278	9.914	335.431	312.218	0	323	303	0	24	23	0
384	384	384	71	97920	255	0	255	255	255	421.130	316.497	0	11.496	3.779	11.498	421.131	316.497	0	410	303	0	26	28	0
65	65	65	25	16575	255	0	255	255	255	161.554	309.169	0	4.074	0.359	4.072	161.554	309.169	0	158	305	0	8	9	0
1635	1635	1635	221	416925	255	0	255	255	255	64.120	337.887	0	25.332	9.843	26.047	64.120	337.888	0	28	309	0	72	64	0
31	31	31	16	7905	255	0	255	255	255	243.290	316.452	0	2.708	0.294	2.729	243.290	316.452	0	241	314	0	6	6	0
80	80	80	28	20400	255	0	255	255	255	280.938	319.462	0	4.623	0.896	4.853	280.938	319.462	0	277	314	0	9	12	0
102	102	102	33	26010	255	0	255	255	255	361.804	319.392	0	5.315	1.516	5.432	361.804	319.392	0	355	315	0	15	10	0
49	49	49	24	12495	255	0	255	255	255	304.612	320.898	0	3.602	1.184	3.447	304.612	320.898	0	302	316	0	6	11	0
226	226	226	62	57630	255	0	255	255	255	152.190	327.805	0	8.430	3.574	8.761	152.190	327.805	0	138	321	0	27	14	0
96	96	96	32	24480	255	0	255	255	255	388.906	325.573	0	5.078	1.013	5.317	388.906	325.573	0	383	322	0	13	9	0
156	156	156	43	39780	255	0	255	255	255	292.378	334.231	0	6.635	1.908	7.207	292.378	334.231	0	287	325	0	11	19	0
64	64	64	24	16320	255	0	255	255	255	268.156	330.266	0	4.070	0.276	4.106	268.156	330.266	0	264	326	0	9	9	0
58	58	58	24	14790	255	0	255	255	255	352.828	338.638	0	4.015	1.358	4.330	352.828	338.638	0	348	334	0	11	10	0
255	255	255	75	65025	255	0	255	255	255	205.639	349.455	0	8.729	3.753	9.516	205.639	349.455	0	194	338	0	23	25	0
198	198	198	45	50490	255	0	255	255	255	391.697	347.328	0	7.545	1.027	7.704	391.697	347.328	0	383	339	0	18	16	0
66	66	66	26	16830	255	0	255	255	255	420.045	342.318	0	4.134	0.876	4.233	420.045	342.318	0	415	339	0	11	8	0
313	313	313	61	79815	255	0	255	255	255	330.000	349.901	0	9.682	2.101	9.889	330.001	349.901	0	317	341	0	25	18	0
58	58	58	22	14790	255	0	255	255	255	455.207	346.000	0	3.872	0.373	3.923	455.207	346.000	0	452	342	0	8	9	0
211	211	211	54	53805	255	0	255	255	255	286.891	354.877	0	7.780	1.949	8.042	286.891	354.877	0	279	345	0	20	19	0
99	99	99	32	25245	255	0	255	255	255	354.687	351.919	0	5.173	1.200	5.541	354.687	351.919	0	350	345	0	10	14	0
365	365	365	70	93075	255	0	255	255	255	404.638	360.321	0	11.041	3.278	10.339	404.639	360.321	0	394	346	0	21	30	0
217	217	217	50	55335	255	0	255	255	255	231.618	360.820	0	7.919	1.390	7.641	231.618	360.820	0	225	351	0	15	20	0
210	210	210	50	53550	255	0	255	255	255	120.681	359.776	0	7.868	1.764	7.698	120.681	359.776	0	111	352	0	20	16	0
1093	1093	1093	176	278715	255	0	255	255	255	481.704	381.701	0	18.109	7.294	18.882	481.706	381.701	0	465	356	0	42	57	0
54	54	54	22	13770	255	0	255	255	255	430.407	362.963	0	3.695	0.319	3.729	430.407	362.963	0	427	359	0	8	9	0
150	150	150	38	38250	255	0	255	255	255	375.000	365.953	0	6.540	1.137	6.708	375.000	365.953	0	367	360	0	17	13	0
53	53	53	22	13515	255	0	255	255	255	191.208	365.453	0	3.646	0.295	3.646	191.208	365.453	0	188	362	0	8	8	0
235	235	235	53	59925	255	0	255	255	255	264.362	372.953	0	8.365	2.026	7.931	264.362	372.953	0	255	364	0	21	18	0
435	435	435	80	110925	255	0	255	255	255	311.156	374.823	0	11.324	3.454	12.401	311.157	374.823	0	296	364	0	31	24	0
245	245	245	56	62475	255	0	255	255	255	177.233	375.861	0	8.692	2.586	9.098	177.233	375.861	0	165	369	0	24	17	0
84	84	84	30	21420	255	0	255	255	255	357.798	374.393	0	4.728	1.022	4.891	357.798	374.393	0	352	371	0	13	8	0
122	122	122	35	31110	255	0	255	255	255	199.279	376.967	0	5.861	1.139	6.007	199.279	376.967	0	192	372	0	15	11	0
30	30	30	16	7650	255	0	255	255	255	432.633	376.933	0	2.648	0.430	2.615	432.633	376.933	0	430	374	0	6	7	0
299	299	299	61	76245	255	0	255	255	255	402.455	389.953	0	9.493	2.278	9.455	402.456	389.953	0	393	377	0	17	26	0
214	214	214	46	54570	255	0	255	255	255	90.869	387.107	0	7.882	1.032	8.117	90.869	387.108	0	83	379	0	16	18	0
119	119	119	35	30345	255	0	255	255	255	340.471	385.790	0	5.744	1.021	5.900	340.471	385.790	0	334	381	0	14	11	0
916	916	916	133	233580	255	0	255	255	255	528.343	401.174	0	17.030	4.921	16.785	528.344	401.173	0	507	384	0	48	36	0
446	446	446	81	113730	255	0	255	255	255	371.525	399.455	0	11.745	3.368	12.053	371.526	399.455	0	359	386	0	24	31	0
208	208	208	51	53040	255	0	255	255	255	213.423	399.269	0	7.859	2.101	7.428	213.423	399.269	0	204	391	0	20	17	0
133	133	133	37	33915	255	0	255	255	255	433.722	397.677	0	6.198	1.308	6.498	433.722	397.677	0	427	391	0	14	15	0
955	955	955	123	243525	255	0	255	255	255	301.552	416.226	0	18.523	5.882	17.669	301.553	416.226	0	288	392	0	28	57	0
1037	1037	1037	185	264435	255	0	255	255	255	257.814	426.541	0	19.626	7.340	19.312	257.815	426.541	0	232	397	0	48	56	0
218	218	218	46	55590	255	0	255	255	255	84.330	412.927	0	7.888	0.812	7.892	84.330	412.927	0	77	404	0	15	19	0
46	46	46	19	11730	255	0	255	255	255	157.370	410.109	0	3.398	0.277	3.371	157.370	410.109	0	154	407	0	8	7	0
138	138	138	37	35190	255	0	255	255	255	558.435	412.543	0	6.208	1.081	6.349	558.435	412.543	0	551	408	0	16	11	0
81	81	81	29	20655	255	0	255	255	255	225.296	418.284	0	4.757	1.280	5.066	225.296	418.284	0	220	414	0	12	10	0
265	265	265	64	67575	255	0	255	255	255	130.136	427.204	0	9.103	2.844	9.690	130.136	427.204	0	121	416	0	18	24	0
174	174	174	41	44370	255	0	255	255	255	483.305	426.776	0	7.050	0.871	6.811	483.305	426.776	0	475	420	0	17	15	0
84	84	84	29	21420	255	0	255	255	255	421.417	425.655	0	4.756	0.946	4.902	421.417	425.655	0	416	421	0	12	10	0
1390	1390	1390	216	354450	255	0	255	255	255	202.102	471.582	0	26.111	13.162	25.507	202.103	471.581	0	186	423	0	35	93	0
194	194	194	41	49470	255	0	255	255	255	448.448	431.103	0	7.459	0.569	7.530	448.449	431.103	0	441	423	0	16	17	0
583	583	583	76	148665	255	0	255	255	255	519.202	436.995	0	13.245	1.397	13.148	519.204	436.995	0	504	424	0	32	26	0
45	45	45	19	11475	255	0	255	255	255	559.933	433.556	0	3.357	0.251	3.320	559.933	433.556	0	557	430	0	7	8	0
24	24	24	14	6120	255	0	255	255	255	120.000	436.333	0	2.339	0.386	2.369	120.000	436.333	0	118	434	0	5	6	0
71	71	71	25	18105	255	0	255	255	255	153.718	439.254	0	4.306	0.387	4.314	153.718	439.254	0	150	435	0	9	10	0
2590	2590	2590	341	660450	255	0	255	255	255	560.088	467.959	0	28.352	11.936	29.025	560.089	467.957	0	519	435	0	86	70	0
20	20	20	15	5100	255	0	255	255	255	193.800	438.500	0	2.282	0.980	2.508	193.800	438.500	0	191	436	0	6	7	0
89	89	89	33	22695	255	0	255	255	255	478.382	441.652	0	5.006	1.727	4.972	478.382	441.652	0	471	438	0	16	8	0
423	423	423	80	107865	255	0	255	255	255	289.598	455.801	0	11.719	3.929	11.829	289.599	455.801	0	278	439	0	24	33	0
103	103	103	32	26265	255	0	255	255	255	439.010	443.786	0	5.283	0.699	5.383	439.010	443.786	0	433	439	0	13	11	0
88	88	88	30	22440	255	0	255	255	255	98.773	450.068	0	4.885	1.187	5.004	98.773	450.068	0	95	444	0	9	13	0
169	169	169	41	43095	255	0	255	255	255	264.994	451.604	0	6.919	0.706	7.020	264.994	451.604	0	258	444	0	15	15	0
78	78	78	26	19890	255	0	255	255	255	453.615	449.038	0	4.539	0.339	4.582	453.615	449.038	0	449	444	0	10	11	0
295	295	295	58	75225	255	0	255	255	255	498.393	458.376	0	9.424	1.930	9.352	498.394	458.376	0	486	450	0	26	17	0
978	978	978	119	249390	255	0	255	255	255	638.034	470.778	0	17.960	4.671	17.192	638.035	470.778	0	619	450	0	45	36	0
457	457	457	83	116535	255	0	255	255	255	252.407	474.096	0	11.732	3.018	12.145	252.408	474.096	0	241	460	0	29	28	0
101	101	101	38	25755	255	0	255	255	255	175.624	466.545	0	5.504	1.792	5.567	175.624	466.545	0	167	461	0	16	11	0
957	957	957	145	244035	255	0	255	255	255	131.057	483.300	0	18.029	6.481	18.243	131.058	483.299	0	104	463	0	56	36	0
18	18	18	11	4590	255	0	255	255	255	89.278	467.889	0	1.983	0.246	2.022	89.278	467.889	0	87	466	0	5	5	0
204	204	204	46	52020	255	0	255	255	255	224.333	477.069	0	7.707	1.123	7.375	224.333	477.069	0	217	468	0	16	19	0
284	284	284	58	72420	255	0	255	255	255	603.810	479.947	0	9.052	1.420	9.215	603.811	479.947	0	594	472	0	21	16	0
147	147	147	41	37485	255	0	255	255	255	272.626	485.925	0	6.407	1.141	6.341	272.626	485.925	0	264	479	0	15	15	0
466	466	466	71	118830	255	0	255	255	255	654.399	499.135	0	11.853	1.629	11.799	654.400	499.135	0	641	487	0	28	24	0
591	591	591	113	150705	255	0	255	255	255	683.839	510.037	0	13.735	4.717	13.942	683.841	510.038	0	665	489	0	31	37	0
188	188	188	52	47940	255	0	255	255	255	249.287	501.356	0	7.889	2.938	8.220	249.287	501.357	0	239	493	0	23	16	0
134	134	134	40	34170	255	0	255	255	255	588.254	500.970	0	6.317	1.852	6.089	588.254	500.970	0	580	496	0	18	12	0
117	117	117	34	29835	255	0	255	255	255	275.085	505.487	0	5.789	1.113	5.591	275.085	505.487	0	269	499	0	13	14	0
108	108	108	32	27540	255	0	255	255	255	216.194	506.667	0	5.451	0.765	5.643	216.194	506.667	0	211	501	0	12	12	0
193	193	193	45	49215	255	0	255	255	255	93.472	511.886	0	7.415	0.727	7.472	93.472	511.886	0	86	505	0	17	15	0
44	44	44	21	11220	255	0	255	255	255	175.636	513.659	0	3.388	0.895	3.526	175.636	513.659	0	173	509	0	6	10	0
460	460	460	85	117300	255	0	255	255	255	584.685	518.941	0	12.479	4.536	12.351	584.686	518.942	0	567	509	0	38	20	0
308	308	308	56	78540	255	0	255	255	255	259.192	525.208	0	9.500	1.060	9.522	259.192	525.208	0	250	515	0	22	21	0
706	706	706	101	180030	255	0	255	255	255	629.554	533.592	0	14.475	2.476	14.202	629.555	533.592	0	614	515	0	30	37	0
432	432	432	70	110160	255	0	255	255	255	718.444	527.782	0	11.272	1.176	11.229	718.446	527.783	0	708	515	0	23	25	0
297	297	297	63	75735	255	0	255	255	255	221.690	527.784	0	9.600	2.722	9.994	221.690	527.784	0	210	519	0	25	19	0
81	81	81	33	20655	255	0	255	255	255	157.333	527.198	0	4.891	1.902	5.240	157.333	527.198	0	153	520	0	10	15	0
635	635	635	98	161925	255	0	255	255	255	179.354	541.195	0	14.878	5.314	14.412	179.355	541.195	0	164	520	0	30	41	0
453	453	453	82	115515	255	0	255	255	255	753.272	536.166	0	12.345	4.292	12.306	753.273	536.166	0	737	525	0	37	23	0
41	41	41	18	10455	255	0	255	255	255	676.000	539.000	0	3.188	0.255	3.162	676.000	539.000	0	673	536	0	7	7	0
683	683	683	136	174165	255	0	255	255	255	225.214	555.669	0	15.731	6.434	15.300	225.215	555.670	0	197	543	0	55	27	0
506	506	506	88	129030	255	0	255	255	255	687.702	560.354	0	12.473	3.232	12.020	687.703	560.354	0	676	544	0	23	35	0
180	180	180	42	45900	255	0	255	255	255	655.422	553.444	0	7.185	1.010	7.314	655.423	553.445	0	648	546	0	17	15	0
1559	1559	1559	206	397545	255	0	255	255	255	796.199	573.516	0	23.713	8.625	24.461	796.202	573.517	0	767	548	0	68	55	0
132	132	132	42	33660	255	0	255	255	255	273.795	557.901	0	6.414	2.524	6.462	273.795	557.901	0	268	549	0	13	20	0
315	315	315	70	80325	255	0	255	255	255	710.530	572.590	0	9.923	3.022	10.124	710.531	572.590	0	704	559	0	15	29	0
331	331	331	64	84405	255	0	255	255	255	737.595	571.683	0	9.865	1.874	10.284	737.596	571.683	0	729	560	0	19	23	0
94	94	94	32	23970	255	0	255	255	255	185.500	568.851	0	5.199	1.530	5.592	185.500	568.851	0	179	564	0	14	11	0
57	57	57	23	14535	255	0	255	255	255	197.912	572.211	0	3.808	0.481	3.898	197.912	572.211	0	194	568	0	8	9	0
20	20	20	15	5100	255	0	255	255	255	249.800	575.500	0	2.221	1.027	2.343	249.800	575.500	0	247	572	0	6	7	0
50	50	50	21	12750	255	0	255	255	255	696.580	578.040	0	3.543	0.341	3.552	696.580	578.040	0	693	575	0	8	8	0
1917	1917	1917	345	488835	255	0	255	255	255	157.379	614.218	0	24.419	10.462	25.636	157.380	614.221	0	128	576	0	58	79	0
457	457	457	109	116535	255	0	255	255	255	211.396	597.245	0	15.178	7.377	14.744	211.397	597.245	0	192	577	0	42	40	0
31	31	31	16	7905	255	0	255	255	255	194.097	586.677	0	2.697	0.294	2.682	194.097	586.677	0	191	584	0	7	6	0
262	262	262	52	66810	255	0	255	255	255	732.702	594.985	0	8.807	1.290	8.907	732.703	594.985	0	725	584	0	17	22	0
190	190	190	45	48450	255	0	255	255	255	848.711	593.095	0	7.448	1.208	7.130	848.711	593.095	0	841	586	0	17	15	0
293	293	293	59	74715	255	0	255	255	255	773.034	597.887	0	9.322	1.847	8.714	773.035	597.887	0	765	587	0	17	23	0
234	234	234	51	59670	255	0	255	255	255	756.611	607.872	0	8.331	1.694	8.390	756.612	607.872	0	747	599	0	20	18	0
424	424	424	80	108120	255	0	255	255	255	124.729	614.488	0	11.473	3.277	11.531	124.729	614.488	0	111	603	0	31	24	0
49	49	49	20	12495	255	0	255	255	255	824.490	606.286	0	3.508	0.285	3.572	824.490	606.286	0	821	603	0	8	8	0
41	41	41	19	10455	255	0	255	255	255	896.854	610.195	0	3.163	0.356	3.152	896.854	610.195	0	893	607	0	8	7	0
231	231	231	49	58905	255	0	255	255	255	804.667	617.688	0	8.146	1.270	8.482	804.668	617.688	0	795	610	0	20	15	0
667	667	667	139	170085	255	0	255	255	255	280.204	639.562	0	13.960	6.310	13.676	280.205	639.562	0	266	614	0	27	48	0
152	152	152	41	38760	255	0	255	255	255	776.099	619.336	0	6.669	1.620	6.655	776.100	619.335	0	768	614	0	18	11	0
217	217	217	48	55335	255	0	255	255	255	829.940	632.857	0	7.906	1.373	8.015	829.941	632.857	0	820	626	0	20	16	0
80	80	80	26	20400	255	0	255	255	255	931.562	629.812	0	4.634	0.537	4.566	931.563	629.812	0	926	626	0	12	9	0
40	40	40	18	10200	255	0	255	255	255	245.500	633.200	0	3.134	0.314	3.176	245.500	633.200	0	242	630	0	8	7	0
116	116	116	35	29580	255	0	255	255	255	189.353	638.345	0	5.765	1.352	5.384	189.353	638.345	0	185	631	0	10	16	0
741	741	741	105	188955	255	0	255	255	255	109.636	644.587	0	15.589	5.063	15.600	109.636	644.587	0	89	633	0	46	25	0
160	160	160	49	40800	255	0	255	255	255	912.769	644.537	0	6.798	2.467	6.941	912.770	644.537	0	905	636	0	18	16	0
205	205	205	50	52275	255	0	255	255	255	226.098	646.771	0	7.691	2.103	8.431	226.098	646.771	0	219	637	0	14	21	0
164	164	164	43	41820	255	0	255	255	255	859.915	643.854	0	6.804	1.487	7.235	859.915	643.854	0	852	638	0	17	13	0
519	519	519	100	132345	255	0	255	255	255	886.536	655.782	0	12.232	4.342	13.508	886.537	655.782	0	870	639	0	31	32	0
403	403	403	94	102765	255	0	255	255	255	954.878	654.578	0	10.204	3.272	10.517	954.880	654.579	0	943	641	0	23	29	0
76	76	76	26	19380	255	0	255	255	255	845.000	648.500	0	4.457	0.291	4.610	845.000	648.500	0	841	644	0	9	10	0
44	44	44	19	11220	255	0	255	255	255	983.227	651.727	0	3.300	0.332	3.281	983.227	651.727	0	980	648	0	8	8	0
1641	1641	1641	215	418455	255	0	255	255	255	64.388	679.068	0	21.144	7.657	22.483	64.388	679.067	0	38	652	0	55	58	0
35	35	35	16	8925	255	0	255	255	255	293.714	659.400	0	2.923	0.278	2.845	293.714	659.400	0	291	656	0	7	7	0
54	54	54	21	13770	255	0	255	255	255	133.389	660.611	0	3.707	0.218	3.662	133.389	660.611	0	130	657	0	8	8	0
504	504	504	101	128520	255	0	255	255	255	1004.609	670.560	0	14.014	5.854	14.159	1004.611	670.561	0	985	660	0	46	21	0
376	376	376	74	95880	255	0	255	255	255	257.566	675.739	0	10.756	2.740	11.070	257.567	675.739	0	245	663	0	25	25	0
135	135	135	40	34425	255	0	255	255	255	905.356	671.763	0	6.209	1.856	6.417	905.356	671.763	0	897	667	0	18	11	0
53	53	53	22	13515	255	0	255	255	255	921.547	673.415	0	3.663	0.276	3.620	921.547	673.415	0	918	670	0	8	8	0
174	174	174	44	44370	255	0	255	255	255	207.534	680.649	0	7.177	1.784	6.719	207.534	680.649	0	202	671	0	12	20	0
243	243	243	77	61965	255	0	255	255	255	948.230	684.428	0	9.903	5.008	10.333	948.231	684.428	0	936	671	0	28	26	0
77	77	77	28	19635	255	0	255	255	255	112.286	676.143	0	4.518	0.951	4.669	112.286	676.143	0	107	673	0	12	8	0
415	415	415	70	105825	255	0	255	255	255	1046.511	687.949	0	11.310	2.281	11.065	1046.513	687.950	0	1032	679	0	29	21	0
125	125	125	37	31875	255	0	255	255	255	998.288	689.488	0	6.003	1.493	6.527	998.289	689.488	0	992	683	0	14	14	0
151	151	151	41	38505	255	0	255	255	255	30.132	695.444	0	6.506	1.380	6.678	30.132	695.443	0	25	687	0	11	18	0
591	591	591	100	150705	255	0	255	255	255	1076.091	707.812	0	14.129	5.003	15.196	1076.092	707.812	0	1055	692	0	42	31	0
549	549	549	126	139995	255	0	255	255	255	994.188	702.565	0	15.889	8.082	15.901	994.189	702.565	0	967	694	0	57	20	0
37	37	37	17	9435	255	0	255	255	255	1024.027	698.108	0	3.015	0.266	3.051	1024.027	698.108	0	1021	695	0	7	7	0
182	182	182	50	46410	255	0	255	255	255	273.725	708.313	0	7.386	2.041	7.738	273.725	708.313	0	268	698	0	14	19	0
51	51	51	21	13005	255	0	255	255	255	297.235	707.843	0	3.579	0.318	3.617	297.235	707.843	0	294	704	0	8	9	0
47	47	47	24	11985	255	0	255	255	255	1042.192	708.340	0	3.538	1.042	3.601	1042.192	708.340	0	1040	704	0	6	10	0
125	125	125	39	31875	255	0	255	255	255	15.648	715.208	0	5.940	1.551	6.193	15.648	715.208	0	11	708	0	10	16	0
163	163	163	42	41565	255	0	255	255	255	38.043	722.356	0	6.735	0.781	6.903	38.043	722.356	0	31	716	0	15	13	0
762	762	762	149	194310	255	0	255	255	255	1077.937	728.773	0	17.747	8.947	17.208	1077.937	728.773	0	1048	718	0	64	24	0
299	299	299	59	76245	255	0	255	255	255	1144.993	733.629	0	9.682	2.708	9.383	1144.995	733.629	0	1132	725	0	26	18	0
66	66	66	23	16830	255	0	255	255	255	220.803	739.682	0	4.166	0.407	4.209	220.803	739.682	0	217	735	0	9	10	0
121	121	121	36	30855	255	0	255	255	255	283.736	747.223	0	5.815	1.415	6.289	283.736	747.223	0	278	740	0	12	15	0
290	290	290	66	73950	255	0	255	255	255	1138.893	748.897	0	9.212	2.349	9.126	1138.894	748.896	0	1127	741	0	26	19	0
695	695	695	130	177225	255	0	255	255	255	1176.243	758.475	0	15.092	6.338	15.698	1176.243	758.474	0	1153	743	0	49	28	0
49	49	49	20	12495	255	0	255	255	255	1092.592	747.020	0	3.520	0.409	3.411	1092.592	747.020	0	1089	744	0	9	7	0
211	211	211	50	53805	255	0	255	255	255	1111.133	759.597	0	8.248	2.615	8.500	1111.134	759.597	0	1101	752	0	22	17	0
586	586	586	94	149430	255	0	255	255	255	303.474	779.404	0	13.973	4.347	13.972	303.475	779.405	0	295	757	0	20	42	0
480	480	480	83	122400	255	0	255	255	255	248.658	772.921	0	12.091	2.819	12.376	248.659	772.920	0	233	759	0	30	28	0
25	25	25	15	6375	255	0	255	255	255	1132.360	766.120	0	2.360	0.377	2.363	1132.360	766.120	0	1130	764	0	6	5	0
3298	3298	3298	430	840990	255	0	255	255	255	1214.021	802.995	0	33.481	17.425	31.184	1214.023	803.000	0	1158	769	0	113	85	0
91	91	91	29	23205	255	0	255	255	255	1139.319	776.758	0	4.945	0.479	4.843	1139.319	776.758	0	1134	772	0	11	11	0
277	277	277	61	70635	255	0	255	255	255	237.946	813.419	0	9.192	2.433	9.266	237.946	813.419	0	225	807	0	26	15	0
467	467	467	72	119085	255	0	255	255	255	1273.364	824.036	0	11.996	2.138	12.140	1273.365	824.036	0	1264	809	0	23	29	0
347	347	347	61	88485	255	0	255	255	255	281.931	843.611	0	10.172	1.697	10.165	281.931	843.610	0	273	832	0	20	25	0
54	54	54	23	13770	255	0	255	255	255	231.333	848.537	0	3.693	0.770	3.681	231.333	848.537	0	228	844	0	7	10	0
30	30	30	16	7650	255	0	255	255	255	305.500	848.633	0	2.664	0.337	2.630	305.500	848.633	0	303	846	0	6	6	0
42	42	42	19	10710	255	0	255	255	255	1330.143	856.762	0	3.209	0.273	3.234	1330.143	856.762	0	1327	853	0	7	8	0
241	241	241	50	61455	255	0	255	255	255	312.299	864.842	0	8.383	1.376	8.322	312.299	864.842	0	305	855	0	16	21	0
135	135	135	40	34425	255	0	255	255	255	1301.600	865.770	0	6.147	1.100	6.008	1301.601	865.770	0	1296	859	0	13	15	0
247	247	247	63	62985	255	0	255	255	255	239.891	875.292	0	9.124	3.372	9.073	239.891	875.291	0	235	860	0	12	29	0
87	87	87	31	22185	255	0	255	255	255	1317.701	879.690	0	4.836	0.907	4.966	1317.702	879.689	0	1312	876	0	13	9	0
62	62	62	24	15810	255	0	255	255	255	261.935	888.968	0	3.986	0.264	4.067	261.935	888.968	0	258	885	0	9	9	0
46	46	46	19	11730	255	0	255	255	255	316.109	894.630	0	3.398	0.277	3.371	316.109	894.630	0	313	891	0	7	8	0
202	202	202	58	51510	255	0	255	255	255	277.371	902.861	0	8.511	3.563	8.559	277.371	902.861	0	266	894	0	24	19	0
160	160	160	43	40800	255	0	255	255	255	244.850	914.175	0	6.957	1.981	7.187	244.850	914.175	0	239	905	0	13	19	0
52	52	52	21	13260	255	0	255	255	255	266.981	918.615	0	3.637	0.306	3.615	266.981	918.615	0	263	915	0	9	8	0
64	64	64	24	16320	255	0	255	255	255	326.562	934.219	0	4.082	0.494	4.091	326.562	934.219	0	323	930	0	8	10	0
48	48	48	20	12240	255	0	255	255	255	318.542	946.542	0	3.465	0.300	3.536	318.542	946.542	0	315	943	0	8	8	0
124	124	124	38	31620	255	0	255	255	255	281.556	960.637	0	5.863	1.104	5.869	281.556	960.637	0	277	953	0	10	16	0
212	212	212	52	54060	255	0	255	255	255	325.962	981.066	0	8.007	1.725	7.990	325.962	981.066	0	318	971	0	16	22	0
38	38	38	18	9690	255	0	255	255	255	298.684	993.026	0	3.025	0.317	3.047	298.684	993.026	0	296	990	0	7	7	0
114	114	114	39	29070	255	0	255	255	255	277.842	1000.974	0	5.718	1.962	5.892	277.842	1000.974	0	274	993	0	9	17	0
22	22	22	13	5610	255	0	255	255	255	319.136	1001.545	0	2.217	0.309	2.205	319.136	1001.545	0	317	999	0	5	6	0
41	41	41	18	10455	255	0	255	255	255	265.585	1012.976	0	3.173	0.269	3.202	265.585	1012.976	0	262	1010	0	8	7	0
56	56	56	22	14280	255	0	255	255	255	321.929	1031.018	0	3.789	0.352	3.802	321.929	1031.018	0	318	1027	0	9	9	0
158	158	158	56	40290	255	0	255	255	255	334.576	1041.684	0	7.723	3.193	6.998	334.576	1041.684	0	330	1028	0	11	27	0
