Volume (pixel^3)	Surface (pixel^2)	Nb of obj. voxels	Nb of surf. voxels	IntDen	Mean	StdDev	Median	Min	Max	X	Y	Z	Mean dist. to surf. (pixel)	SD dist. to surf. (pixel)	Median dist. to surf. (pixel)	XM	YM	ZM	BX	BY	BZ	B-width	B-height	B-depth
14234	14234	14234	9572	3629670	255	0	255	255	255	725.391	512.256	0	711.072	105.714	718.548	725.427	512.210	0	0	0	0	1446	1093	0
16	16	16	14	4080	255	0	255	255	255	1176.938	85.812	0	1.974	0.914	2.071	1176.938	85.812	0	1176	83	0	3	7	0
445	445	445	78	113475	255	0	255	255	255	373.294	272.416	0	11.846	3.754	11.633	373.295	272.416	0	356	264	0	36	18	0
87	87	87	35	22185	255	0	255	255	255	374.678	294.575	0	5.068	1.859	5.533	374.678	294.575	0	367	290	0	15	10	0
67	67	67	25	17085	255	0	255	255	255	412.418	293.448	0	4.159	0.417	4.266	412.418	293.448	0	408	290	0	10	8	0
79	79	79	28	20145	255	0	255	255	255	440.329	304.443	0	4.795	1.294	4.935	440.329	304.443	0	435	299	0	12	11	0
67	67	67	24	17085	255	0	255	255	255	403.000	310.702	0	4.181	0.306	4.205	403.000	310.702	0	399	307	0	9	9	0
33	33	33	17	8415	255	0	255	255	255	460.606	312.848	0	2.953	0.910	3.270	460.606	312.848	0	457	310	0	8	7	0
212	212	212	48	54060	255	0	255	255	255	416.434	319.175	0	7.870	1.587	8.108	416.434	319.175	0	407	313	0	21	15	0
182	182	182	54	46410	255	0	255	255	255	476.703	329.121	0	7.517	2.401	7.451	476.704	329.121	0	471	318	0	14	21	0
173	173	173	56	44115	255	0	255	255	255	439.422	326.728	0	7.200	2.635	7.598	439.422	326.728	0	428	319	0	22	14	0
101	101	101	33	25755	255	0	255	255	255	446.802	342.851	0	5.460	1.505	5.602	446.802	342.851	0	440	338	0	14	11	0
540	540	540	86	137700	255	0	255	255	255	511.804	350.619	0	13.327	3.517	13.146	511.805	350.618	0	495	339	0	37	25	0
236	236	236	56	60180	255	0	255	255	255	474.703	358.551	0	8.614	2.957	8.860	474.704	358.551	0	463	351	0	25	16	0
188	188	188	47	47940	255	0	255	255	255	543.378	371.261	0	7.401	1.407	7.440	543.378	371.261	0	536	364	0	14	17	0
88	88	88	34	22440	255	0	255	255	255	558.398	381.830	0	5.032	1.769	5.036	558.398	381.830	0	552	378	0	15	9	0
222	222	222	57	56610	255	0	255	255	255	583.176	394.167	0	8.257	2.291	8.258	583.176	394.166	0	575	384	0	21	19	0
89	89	89	31	22695	255	0	255	255	255	509.438	388.674	0	4.880	0.892	5.117	509.438	388.674	0	504	385	0	12	8	0
174	174	174	44	44370	255	0	255	255	255	531.971	405.638	0	7.264	1.737	7.165	531.972	405.638	0	524	398	0	17	16	0
295	295	295	57	75225	255	0	255	255	255	609.695	410.810	0	9.287	1.457	9.282	609.696	410.810	0	600	401	0	20	21	0
997	997	997	165	254235	255	0	255	255	255	608.737	441.126	0	17.677	7.396	18.603	608.739	441.126	0	578	423	0	55	39	0
759	759	759	137	193545	255	0	255	255	255	649.648	452.199	0	15.215	5.569	14.721	649.649	452.199	0	637	429	0	29	50	0
85	85	85	32	21675	255	0	255	255	255	677.035	451.741	0	4.836	1.656	5.226	677.035	451.741	0	670	447	0	14	11	0
783	783	783	132	199665	255	0	255	255	255	677.897	489.621	0	16.049	6.978	16.552	677.898	489.620	0	667	464	0	25	52	0
50	50	50	25	12750	255	0	255	255	255	697.880	468.680	0	3.704	1.468	3.893	697.880	468.680	0	693	465	0	11	9	0
433	433	433	75	110415	255	0	255	255	255	710.515	486.788	0	11.410	2.918	12.490	710.516	486.788	0	696	478	0	31	19	0
4886	4886	4886	735	1245930	255	0	255	255	255	764.932	528.254	0	40.606	19.312	38.068	764.933	528.242	0	694	485	0	161	91	0
40	40	40	25	10200	255	0	255	255	255	223.650	496.900	0	3.240	1.085	3.199	223.650	496.900	0	219	494	0	11	7	0
158	158	158	57	40290	255	0	255	255	255	321.000	515.348	0	7.597	2.894	8.038	321.000	515.348	0	309	508	0	25	14	0
268	268	268	83	68340	255	0	255	255	255	1268.593	523.138	0	9.727	3.225	9.538	1268.595	523.138	0	1256	511	0	23	29	0
471	471	471	77	120105	255	0	255	255	255	1342.870	529.425	0	12.125	2.398	12.355	1342.872	529.425	0	1326	519	0	31	21	0
205	205	205	56	52275	255	0	255	255	255	1367.278	556.049	0	8.001	1.567	7.360	1367.279	556.049	0	1357	549	0	20	15	0
67	67	67	25	17085	255	0	255	255	255	1389.104	555.910	0	4.161	0.291	4.186	1389.105	555.910	0	1385	552	0	9	9	0
378	378	378	64	96390	255	0	255	255	255	871.357	569.447	0	10.725	1.690	10.695	871.358	569.447	0	861	558	0	24	23	0
52	52	52	22	13260	255	0	255	255	255	1362.231	573.096	0	3.647	0.551	3.668	1362.231	573.096	0	1359	569	0	8	10	0
702	702	702	129	179010	255	0	255	255	255	830.580	589.707	0	14.291	5.194	15.287	830.581	589.707	0	811	575	0	40	32	0
56	56	56	22	14280	255	0	255	255	255	888.946	578.714	0	3.774	0.365	3.840	888.946	578.714	0	885	575	0	9	8	0
258	258	258	51	65790	255	0	255	255	255	798.578	584.550	0	8.812	1.617	8.790	798.579	584.551	0	788	576	0	21	19	0
256	256	256	52	65280	255	0	255	255	255	906.824	585.145	0	8.663	1.287	8.463	906.825	585.145	0	898	576	0	20	18	0
401	401	401	64	102255	255	0	255	255	255	1385.424	594.686	0	10.876	1.614	10.773	1385.425	594.686	0	1376	582	0	19	28	0
2412	2412	2412	295	615060	255	0	255	255	255	899.638	636.605	0	33.737	14.000	32.243	899.644	636.603	0	855	588	0	90	86	0
379	379	379	66	96645	255	0	255	255	255	1353.850	599.704	0	10.566	1.717	11.002	1353.851	599.705	0	1341	591	0	26	19	0
266	266	266	56	67830	255	0	255	255	255	928.778	601.376	0	8.756	1.242	8.570	928.779	601.376	0	920	593	0	20	18	0
22	22	22	15	5610	255	0	255	255	255	651.636	596.045	0	2.303	1.017	2.585	651.636	596.045	0	648	594	0	8	5	0
103	103	103	46	26265	255	0	255	255	255	1280.942	601.243	0	5.607	2.292	5.796	1280.942	601.243	0	1274	596	0	16	12	0
216	216	216	53	55080	255	0	255	255	255	944.991	614.338	0	8.139	2.380	8.079	944.992	614.338	0	939	603	0	13	24	0
104	104	104	45	26520	255	0	255	255	255	849.577	613.894	0	6.045	2.434	6.035	849.577	613.894	0	843	607	0	13	17	0
176	176	176	47	44880	255	0	255	255	255	962.847	618.131	0	7.237	2.026	7.113	962.847	618.131	0	956	608	0	16	19	0
75	75	75	26	19125	255	0	255	255	255	1320.747	616.213	0	4.492	0.799	4.731	1320.747	616.213	0	1316	611	0	10	11	0
690	690	690	89	175950	255	0	255	255	255	1393.167	631.001	0	14.445	1.697	14.282	1393.168	631.001	0	1379	615	0	33	31	0
40	40	40	18	10200	255	0	255	255	255	977.150	622.075	0	3.138	0.453	3.111	977.150	622.075	0	974	619	0	8	7	0
325	325	325	65	82875	255	0	255	255	255	1294.898	633.554	0	9.623	1.422	9.908	1294.899	633.554	0	1284	622	0	22	22	0
27	27	27	17	6885	255	0	255	255	255	924.556	625.593	0	2.571	0.847	2.630	924.556	625.593	0	921	623	0	7	7	0
524	524	524	97	133620	255	0	255	255	255	1359.073	647.162	0	11.675	3.219	12.230	1359.074	647.162	0	1345	634	0	29	26	0
401	401	401	68	102255	255	0	255	255	255	987.546	645.646	0	11.127	2.585	10.683	987.547	645.646	0	973	636	0	29	21	0
782	782	782	140	199410	255	0	255	255	255	1022.506	665.546	0	14.928	6.076	14.937	1022.507	665.546	0	1008	644	0	31	49	0
412	412	412	71	105060	255	0	255	255	255	1301.806	663.417	0	10.934	1.446	11.199	1301.807	663.418	0	1291	651	0	23	25	0
79	79	79	32	20145	255	0	255	255	255	1382.380	658.177	0	4.661	1.459	4.785	1382.380	658.177	0	1379	652	0	7	14	0
31	31	31	16	7905	255	0	255	255	255	1395.129	658.935	0	2.683	0.427	2.832	1395.129	658.935	0	1393	656	0	6	7	0
1560	1560	1560	283	397800	255	0	255	255	255	975.721	691.008	0	22.674	9.288	23.056	975.720	691.008	0	939	659	0	62	66	0
36	36	36	20	9180	255	0	255	255	255	1073.556	664.556	0	3.282	1.110	2.992	1073.556	664.556	0	1070	662	0	10	6	0
208	208	208	61	53040	255	0	255	255	255	1064.337	673.832	0	8.430	3.648	8.277	1064.338	673.832	0	1053	663	0	22	22	0
111	111	111	40	28305	255	0	255	255	255	726.396	671.099	0	6.029	2.249	5.796	726.397	671.099	0	719	665	0	17	13	0
273	273	273	57	69615	255	0	255	255	255	1103.004	672.652	0	9.126	2.181	8.806	1103.005	672.652	0	1090	665	0	26	15	0
79	79	79	34	20145	255	0	255	255	255	1363.443	670.253	0	4.819	1.958	4.984	1363.444	670.253	0	1356	666	0	15	9	0
32	32	32	16	8160	255	0	255	255	255	1140.688	675.438	0	2.747	0.273	2.734	1140.688	675.438	0	1138	673	0	7	6	0
64	64	64	34	16320	255	0	255	255	255	1386.234	677.578	0	4.539	1.822	4.588	1386.235	677.578	0	1378	673	0	14	11	0
42	42	42	19	10710	255	0	255	255	255	1159.595	677.143	0	3.217	0.481	3.272	1159.595	677.143	0	1156	674	0	8	7	0
16	16	16	12	4080	255	0	255	255	255	1401.438	676.625	0	1.914	0.725	1.701	1401.438	676.625	0	1399	674	0	5	6	0
168	168	168	43	42840	255	0	255	255	255	1002.107	681.899	0	6.855	0.820	6.900	1002.108	681.899	0	995	675	0	14	14	0
231	231	231	51	58905	255	0	255	255	255	1044.745	685.100	0	8.210	1.483	7.810	1044.746	685.099	0	1037	676	0	17	19	0
915	915	915	107	233325	255	0	255	255	255	1331.024	697.624	0	16.978	3.487	16.412	1331.025	697.625	0	1316	677	0	32	44	0
638	638	638	141	162690	255	0	255	255	255	1192.806	692.279	0	12.855	5.772	12.418	1192.807	692.278	0	1170	679	0	44	26	0
157	157	157	40	40035	255	0	255	255	255	1136.974	686.599	0	6.689	1.296	6.412	1136.975	686.599	0	1129	681	0	18	12	0
190	190	190	49	48450	255	0	255	255	255	841.363	696.305	0	7.571	1.958	7.431	841.364	696.305	0	833	686	0	16	20	0
871	871	871	149	222105	255	0	255	255	255	1235.961	701.016	0	17.165	8.230	17.674	1235.962	701.017	0	1212	688	0	58	28	0
78	78	78	29	19890	255	0	255	255	255	1060.731	693.795	0	4.572	0.882	4.778	1060.731	693.795	0	1056	689	0	11	10	0
420	420	420	68	107100	255	0	255	255	255	1111.931	701.157	0	11.168	1.070	11.213	1111.932	701.157	0	1101	689	0	24	26	0
614	614	614	111	156570	255	0	255	255	255	891.513	710.907	0	14.044	4.876	14.663	891.514	710.907	0	876	691	0	33	36	0
279	279	279	54	71145	255	0	255	255	255	1288.703	700.466	0	9.008	0.986	9.133	1288.704	700.466	0	1278	693	0	21	18	0
69	69	69	28	17595	255	0	255	255	255	1386.246	697.058	0	4.243	0.989	4.379	1386.247	697.058	0	1381	693	0	12	8	0
236	236	236	63	60180	255	0	255	255	255	1055.475	715.097	0	9.105	3.523	9.024	1055.475	715.098	0	1046	704	0	20	26	0
289	289	289	62	73695	255	0	255	255	255	937.059	714.187	0	9.367	2.024	9.196	937.060	714.187	0	924	705	0	24	21	0
208	208	208	48	53040	255	0	255	255	255	1373.457	713.822	0	7.765	1.380	7.810	1373.458	713.822	0	1364	708	0	19	15	0
244	244	244	53	62220	255	0	255	255	255	1147.369	717.213	0	8.488	1.663	8.787	1147.370	717.214	0	1138	709	0	21	16	0
850	850	850	165	216750	255	0	255	255	255	1302.452	728.153	0	14.331	5.087	16.092	1302.452	728.154	0	1284	709	0	39	39	0
22	22	22	12	5610	255	0	255	255	255	1187.864	715.000	0	2.243	0.231	2.179	1187.864	715.000	0	1185	713	0	6	5	0
2641	2641	2641	452	673455	255	0	255	255	255	1233.296	755.979	0	34.742	14.869	34.287	1233.294	755.984	0	1165	713	0	114	72	0
255	255	255	54	65025	255	0	255	255	255	1083.373	723.196	0	8.534	1.040	8.638	1083.374	723.196	0	1075	715	0	17	18	0
67	67	67	29	17085	255	0	255	255	255	1408.910	721.030	0	4.307	1.418	4.460	1408.911	721.030	0	1405	716	0	9	13	0
426	426	426	83	108630	255	0	255	255	255	1010.852	728.326	0	11.170	3.524	11.306	1010.853	728.327	0	994	719	0	34	22	0
189	189	189	46	48195	255	0	255	255	255	845.323	727.508	0	7.348	0.905	7.175	845.324	727.508	0	838	720	0	16	16	0
122	122	122	39	31110	255	0	255	255	255	1242.918	730.180	0	5.992	1.846	6.192	1242.919	730.181	0	1235	725	0	17	11	0
54	54	54	22	13770	255	0	255	255	255	1140.148	739.500	0	3.677	0.302	3.684	1140.148	739.500	0	1137	736	0	8	8	0
58	58	58	24	14790	255	0	255	255	255	920.431	741.103	0	3.878	0.691	3.931	920.431	741.103	0	916	738	0	10	7	0
285	285	285	81	72675	255	0	255	255	255	1117.505	745.172	0	9.414	3.957	10.302	1117.506	745.172	0	1105	738	0	29	18	0
189	189	189	60	48195	255	0	255	255	255	1032.069	747.508	0	8.117	2.945	7.936	1032.070	747.508	0	1022	740	0	21	20	0
179	179	179	62	45645	255	0	255	255	255	1051.039	754.268	0	8.350	3.387	7.632	1051.040	754.268	0	1046	740	0	12	27	0
533	533	533	115	135915	255	0	255	255	255	1074.448	765.334	0	14.241	5.746	15.682	1074.450	765.334	0	1064	742	0	30	41	0
67	67	67	28	17085	255	0	255	255	255	1348.358	748.015	0	4.269	1.301	4.402	1348.359	748.015	0	1345	742	0	8	12	0
190	190	190	45	48450	255	0	255	255	255	1327.884	752.100	0	7.428	1.356	7.142	1327.886	752.100	0	1320	744	0	17	17	0
629	629	629	122	160395	255	0	255	255	255	977.113	759.967	0	15.474	7.023	15.193	977.114	759.967	0	955	745	0	48	32	0
155	155	155	38	39525	255	0	255	255	255	1167.542	752.039	0	6.622	0.711	6.637	1167.543	752.039	0	1160	745	0	16	15	0
88	88	88	29	22440	255	0	255	255	255	1088.614	752.023	0	4.866	0.503	4.759	1088.614	752.023	0	1084	747	0	11	10	0
84	84	84	28	21420	255	0	255	255	255	1370.976	756.202	0	4.710	0.371	4.811	1370.977	756.202	0	1366	752	0	11	10	0
205	205	205	48	52275	255	0	255	255	255	1141.410	764.400	0	7.732	1.321	7.474	1141.411	764.401	0	1134	755	0	18	18	0
131	131	131	39	33405	255	0	255	255	255	945.908	764.015	0	6.243	1.534	6.176	945.909	764.015	0	937	759	0	18	11	0
406	406	406	75	103530	255	0	255	255	255	1020.768	769.293	0	11.421	3.197	10.903	1020.770	769.293	0	1006	760	0	31	20	0
299	299	299	69	76245	255	0	255	255	255	1314.759	770.020	0	9.819	3.000	9.821	1314.760	770.020	0	1303	764	0	28	14	0
232	232	232	49	59160	255	0	255	255	255	1182.164	777.302	0	8.169	1.231	7.885	1182.165	777.302	0	1175	767	0	15	21	0
40	40	40	19	10200	255	0	255	255	255	1295.150	771.800	0	3.113	0.293	3.092	1295.150	771.800	0	1292	769	0	7	7	0
146	146	146	41	37230	255	0	255	255	255	1117.356	779.699	0	6.524	1.548	6.167	1117.357	779.699	0	1112	771	0	11	19	0
201	201	201	53	51255	255	0	255	255	255	1097.234	790.667	0	7.952	2.242	7.618	1097.235	790.666	0	1090	778	0	14	23	0
36	36	36	17	9180	255	0	255	255	255	1135.778	781.278	0	3.006	0.713	3.234	1135.778	781.278	0	1133	778	0	7	8	0
36	36	36	18	9180	255	0	255	255	255	1015.472	785.972	0	2.955	0.597	3.118	1015.472	785.972	0	1012	783	0	8	7	0
61	61	61	32	15555	255	0	255	255	255	1155.295	787.934	0	4.220	1.919	4.585	1155.295	787.934	0	1150	783	0	13	11	0
952	952	952	200	242760	255	0	255	255	255	1204.100	807.931	0	18.014	7.149	17.356	1204.100	807.931	0	1183	783	0	45	55	0
63	63	63	23	16065	255	0	255	255	255	1270.778	790.238	0	4.040	0.367	3.976	1270.778	790.238	0	1267	786	0	9	10	0
170	170	170	47	43350	255	0	255	255	255	1059.482	794.735	0	7.063	2.041	7.244	1059.483	794.735	0	1050	790	0	20	10	0
332	332	332	66	84660	255	0	255	255	255	1117.635	804.154	0	9.842	1.689	10.166	1117.637	804.154	0	1107	794	0	20	22	0
89	89	89	28	22695	255	0	255	255	255	1174.843	799.899	0	4.883	0.299	4.952	1174.843	799.899	0	1170	795	0	11	11	0
141	141	141	38	35955	255	0	255	255	255	1266.915	803.142	0	6.283	0.828	6.244	1266.916	803.142	0	1260	796	0	14	14	0
532	532	532	104	135660	255	0	255	255	255	1347.006	806.451	0	12.821	4.232	13.211	1347.006	806.450	0	1327	796	0	39	22	0
176	176	176	48	44880	255	0	255	255	255	1310.511	804.858	0	7.421	2.491	8.126	1310.513	804.858	0	1302	797	0	19	17	0
308	308	308	62	78540	255	0	255	255	255	1147.916	818.601	0	9.576	1.918	9.180	1147.917	818.600	0	1136	811	0	26	16	0
727	727	727	166	185385	255	0	255	255	255	1361.930	833.886	0	16.084	6.903	17.087	1361.931	833.886	0	1338	820	0	53	34	0
1410	1410	1410	210	359550	255	0	255	255	255	1190.748	852.722	0	21.612	7.717	22.824	1190.748	852.726	0	1166	824	0	56	54	0
710	710	710	161	181050	255	0	255	255	255	1246.004	851.315	0	15.129	6.059	14.921	1246.005	851.317	0	1228	831	0	38	46	0
60	60	60	24	15300	255	0	255	255	255	1282.600	837.883	0	3.921	0.346	3.917	1282.600	837.883	0	1279	834	0	8	9	0
56	56	56	22	14280	255	0	255	255	255	1335.036	844.411	0	3.770	0.289	3.849	1335.036	844.411	0	1331	841	0	9	8	0
39	39	39	18	9945	255	0	255	255	255	1272.590	847.180	0	3.080	0.305	3.159	1272.590	847.180	0	1269	844	0	8	7	0
54	54	54	22	13770	255	0	255	255	255	1288.704	860.204	0	3.688	0.353	3.732	1288.704	860.204	0	1285	856	0	8	9	0
212	212	212	52	54060	255	0	255	255	255	1320.132	868.429	0	7.815	1.560	7.475	1320.133	868.429	0	1313	859	0	16	20	0
69	69	69	28	17595	255	0	255	255	255	1362.667	870.275	0	4.352	1.298	4.442	1362.667	870.275	0	1357	867	0	13	8	0
46	46	46	20	11730	255	0	255	255	255	1302.413	871.783	0	3.385	0.350	3.414	1302.413	871.783	0	1299	869	0	8	7	0
57	57	57	21	14535	255	0	255	255	255	1286.158	878.632	0	3.844	0.281	3.860	1286.158	878.632	0	1282	875	0	9	8	0
51	51	51	28	13005	255	0	255	255	255	1389.608	878.608	0	3.909	1.525	3.952	1389.608	878.608	0	1384	875	0	12	7	0
60	60	60	23	15300	255	0	255	255	255	1261.367	884.217	0	3.939	0.443	3.832	1261.367	884.217	0	1258	880	0	8	9	0
100	100	100	38	25500	255	0	255	255	255	1275.640	887.440	0	5.291	1.277	5.113	1275.641	887.440	0	1271	880	0	11	16	0
69	69	69	30	17595	255	0	255	255	255	1351.942	887.275	0	4.435	1.722	4.758	1351.943	887.275	0	1347	881	0	11	13	0
139	139	139	41	35445	255	0	255	255	255	1170.741	886.388	0	6.265	1.594	6.614	1170.742	886.388	0	1162	882	0	18	10	0
68	68	68	25	17340	255	0	255	255	255	1339.338	888.971	0	4.205	0.377	4.187	1339.339	888.971	0	1335	885	0	10	9	0
98	98	98	36	24990	255	0	255	255	255	1210.714	889.857	0	5.255	1.807	5.658	1210.715	889.857	0	1203	886	0	16	9	0
16	16	16	11	4080	255	0	255	255	255	1229.188	887.312	0	1.827	0.332	1.839	1229.188	887.312	0	1227	886	0	5	4	0
75	75	75	26	19125	255	0	255	255	255	1138.827	891.560	0	4.443	0.428	4.454	1138.827	891.560	0	1135	887	0	9	10	0
92	92	92	32	23460	255	0	255	255	255	1249.728	894.478	0	5.015	1.231	5.289	1249.729	894.478	0	1244	890	0	13	10	0
35	35	35	26	8925	255	0	255	255	255	1324.314	899.400	0	3.534	1.596	3.490	1324.314	899.400	0	1322	894	0	5	13	0
602	602	602	156	153510	255	0	255	255	255	1107.248	920.882	0	16.426	7.300	16.254	1107.249	920.883	0	1096	896	0	24	54	0
124	124	124	39	31620	255	0	255	255	255	1261.855	902.218	0	5.866	1.702	6.449	1261.856	902.218	0	1255	896	0	15	13	0
276	276	276	64	70380	255	0	255	255	255	1308.993	903.986	0	9.281	2.552	9.221	1308.994	903.986	0	1295	897	0	28	15	0
242	242	242	63	61710	255	0	255	255	255	1176.339	909.504	0	8.784	2.908	8.668	1176.340	909.505	0	1166	899	0	23	19	0
66	66	66	24	16830	255	0	255	255	255	1235.970	903.167	0	4.153	0.302	4.143	1235.970	903.167	0	1232	899	0	9	9	0
40	40	40	18	10200	255	0	255	255	255	1157.800	903.725	0	3.200	0.605	3.239	1157.800	903.725	0	1154	901	0	8	7	0
21	21	21	13	5355	255	0	255	255	255	1289.429	903.381	0	2.140	0.450	2.159	1289.429	903.381	0	1288	901	0	4	6	0
48	48	48	21	12240	255	0	255	255	255	1131.375	907.521	0	3.502	0.582	3.576	1131.375	907.521	0	1128	904	0	8	9	0
368	368	368	103	93840	255	0	255	255	255	1368.332	917.598	0	12.736	6.860	13.081	1368.332	917.597	0	1345	905	0	41	26	0
198	198	198	45	50490	255	0	255	255	255	1209.793	915.010	0	7.485	0.825	7.477	1209.794	915.010	0	1203	907	0	16	17	0
2164	2164	2164	456	551820	255	0	255	255	255	1259.856	953.930	0	35.267	17.018	32.907	1259.864	953.932	0	1206	907	0	96	100	0
215	215	215	65	54825	255	0	255	255	255	1396.953	918.135	0	8.528	3.705	8.636	1396.954	918.135	0	1385	908	0	23	21	0
475	475	475	95	121125	255	0	255	255	255	1075.598	921.349	0	11.747	2.953	11.657	1075.599	921.349	0	1059	910	0	34	25	0
76	76	76	30	19380	255	0	255	255	255	1148.868	918.855	0	4.514	1.217	4.814	1148.869	918.855	0	1145	913	0	8	12	0
162	162	162	55	41310	255	0	255	255	255	1253.549	925.235	0	7.660	3.373	7.716	1253.550	925.235	0	1248	914	0	13	24	0
162	162	162	42	41310	255	0	255	255	255	1166.099	923.920	0	6.998	1.767	7.456	1166.099	923.920	0	1159	916	0	15	17	0
253	253	253	58	64515	255	0	255	255	255	1058.375	931.292	0	9.426	3.209	9.077	1058.377	931.292	0	1046	920	0	24	22	0
44	44	44	20	11220	255	0	255	255	255	1137.591	924.659	0	3.426	0.794	3.577	1137.591	924.659	0	1134	921	0	8	8	0
23	23	23	14	5865	255	0	255	255	255	1042.174	925.348	0	2.272	0.621	2.379	1042.174	925.348	0	1040	922	0	5	7	0
152	152	152	54	38760	255	0	255	255	255	1195.737	930.171	0	6.734	2.803	6.883	1195.738	930.171	0	1186	924	0	21	14	0
19	19	19	13	4845	255	0	255	255	255	1408.421	929.316	0	2.032	0.626	2.055	1408.421	929.316	0	1406	927	0	5	6	0
200	200	200	52	51000	255	0	255	255	255	1232.505	935.280	0	7.763	2.578	7.828	1232.506	935.280	0	1222	930	0	23	11	0
143	143	143	44	36465	255	0	255	255	255	1338.469	936.615	0	6.345	1.591	6.454	1338.470	936.615	0	1331	931	0	16	13	0
73	73	73	31	18615	255	0	255	255	255	1015.849	938.740	0	4.678	1.739	4.815	1015.849	938.740	0	1012	932	0	9	14	0
78	78	78	28	19890	255	0	255	255	255	1375.769	936.910	0	4.549	0.593	4.580	1375.770	936.910	0	1371	932	0	11	10	0
135	135	135	43	34425	255	0	255	255	255	1029.519	940.659	0	6.262	1.712	6.126	1029.519	940.659	0	1023	936	0	16	13	0
8275	8275	8275	868	2110125	255	0	255	255	255	889.446	997.131	0	56.443	29.305	55.083	889.459	997.117	0	789	938	0	204	114	0
175	175	175	44	44625	255	0	255	255	255	1078.903	950.211	0	7.206	1.651	6.675	1078.904	950.211	0	1073	940	0	13	21	0
1353	1353	1353	238	345015	255	0	255	255	255	1099.534	970.428	0	25.502	12.497	24.830	1099.535	970.418	0	1059	942	0	85	47	0
154	154	154	38	39270	255	0	255	255	255	1190.779	947.773	0	6.604	0.999	6.391	1190.780	947.773	0	1183	942	0	17	12	0
95	95	95	35	24225	255	0	255	255	255	1209.516	948.326	0	5.183	2.123	5.525	1209.516	948.326	0	1203	942	0	15	13	0
35	35	35	17	8925	255	0	255	255	255	1305.229	947.429	0	2.888	0.279	2.830	1305.229	947.429	0	1302	945	0	7	6	0
507	507	507	93	129285	255	0	255	255	255	1164.487	958.773	0	13.139	4.799	12.608	1164.487	958.774	0	1143	947	0	40	23	0
467	467	467	96	119085	255	0	255	255	255	999.184	967.908	0	12.601	5.482	12.915	999.185	967.908	0	986	950	0	30	37	0
66	66	66	24	16830	255	0	255	255	255	1338.151	958.742	0	4.142	0.260	4.176	1338.152	958.742	0	1334	955	0	9	9	0
1133	1133	1133	160	288915	255	0	255	255	255	1030.791	978.511	0	18.682	6.700	18.797	1030.793	978.509	0	1002	958	0	55	39	0
22	22	22	14	5610	255	0	255	255	255	1319.455	961.045	0	2.201	0.457	2.266	1319.455	961.045	0	1317	959	0	6	5	0
79	79	79	28	20145	255	0	255	255	255	1393.392	974.937	0	4.710	1.240	4.975	1393.393	974.937	0	1389	969	0	10	13	0
176	176	176	58	44880	255	0	255	255	255	1275.534	979.568	0	8.217	3.455	8.028	1275.535	979.567	0	1264	974	0	27	11	0
26	26	26	14	6630	255	0	255	255	255	1334.000	985.500	0	2.430	0.255	2.500	1334.000	985.500	0	1332	983	0	5	6	0
77	77	77	27	19635	255	0	255	255	255	1302.727	988.779	0	4.494	0.939	4.649	1302.728	988.779	0	1297	985	0	12	8	0
158	158	158	45	40290	255	0	255	255	255	1186.506	991.025	0	6.814	2.224	7.143	1186.507	991.026	0	1177	986	0	20	11	0
227	227	227	53	57885	255	0	255	255	255	1356.912	996.247	0	8.420	2.079	7.636	1356.913	996.246	0	1347	988	0	21	18	0
44	44	44	26	11220	255	0	255	255	255	1241.273	993.955	0	3.650	1.495	3.806	1241.273	993.955	0	1237	991	0	11	7	0
122	122	122	40	31110	255	0	255	255	255	1407.049	999.926	0	6.026	2.064	6.293	1407.050	999.926	0	1402	991	0	10	18	0
63	63	63	28	16065	255	0	255	255	255	1320.476	999.016	0	4.242	1.489	4.500	1320.476	999.016	0	1315	995	0	12	9	0
432	432	432	87	110160	255	0	255	255	255	1159.340	1008.507	0	11.522	3.201	11.926	1159.341	1008.508	0	1144	997	0	28	24	0
266	266	266	52	67830	255	0	255	255	255	1299.184	1012.244	0	8.767	0.700	8.873	1299.185	1012.244	0	1290	1003	0	18	20	0
99	99	99	36	25245	255	0	255	255	255	1197.747	1009.636	0	5.375	1.984	5.472	1197.748	1009.636	0	1190	1006	0	16	9	0
109	109	109	38	27795	255	0	255	255	255	1135.624	1016.743	0	5.607	1.975	5.834	1135.625	1016.743	0	1129	1011	0	15	13	0
29	29	29	15	7395	255	0	255	255	255	1227.586	1014.138	0	2.615	0.281	2.590	1227.586	1014.138	0	1225	1012	0	6	6	0
65	65	65	29	16575	255	0	255	255	255	1204.077	1027.846	0	4.183	1.579	4.300	1204.077	1027.846	0	1200	1022	0	8	13	0
97	97	97	37	24735	255	0	255	255	255	1398.155	1028.103	0	5.065	1.314	5.203	1398.156	1028.103	0	1393	1022	0	13	13	0
12	12	12	9	3060	255	0	255	255	255	1105.083	1024.667	0	1.535	0.328	1.618	1105.083	1024.667	0	1104	1023	0	4	4	0
133	133	133	41	33915	255	0	255	255	255	1275.120	1027.571	0	6.141	1.312	6.261	1275.121	1027.572	0	1269	1023	0	15	11	0
146	146	146	38	37230	255	0	255	255	255	1246.945	1030.541	0	6.391	0.742	6.367	1246.946	1030.541	0	1240	1025	0	15	14	0
79	79	79	34	20145	255	0	255	255	255	1184.582	1031.152	0	4.897	2.077	5.044	1184.583	1031.152	0	1178	1026	0	15	11	0
262	262	262	55	66810	255	0	255	255	255	1350.443	1037.496	0	8.740	1.932	8.916	1350.444	1037.496	0	1340	1027	0	21	21	0
64	64	64	29	16320	255	0	255	255	255	1092.047	1033.750	0	4.403	1.570	4.455	1092.047	1033.750	0	1086	1029	0	12	10	0
59	59	59	23	15045	255	0	255	255	255	1172.525	1039.288	0	3.882	0.419	3.749	1172.525	1039.288	0	1168	1035	0	9	9	0
156	156	156	52	39780	255	0	255	255	255	1071.583	1045.410	0	6.098	2.522	6.079	1071.584	1045.411	0	1064	1037	0	15	18	0
25	25	25	14	6375	255	0	255	255	255	1320.520	1046.240	0	2.467	0.563	2.562	1320.520	1046.240	0	1318	1044	0	6	6	0
36	36	36	17	9180	255	0	255	255	255	1297.222	1048.528	0	2.951	0.294	2.828	1297.222	1048.528	0	1294	1046	0	7	7	0
933	933	933	138	237915	255	0	255	255	255	822.941	1067.669	0	19.759	7.819	18.995	822.943	1067.670	0	796	1052	0	61	31	0
