Volume (pixel^3)	Surface (pixel^2)	Nb of obj. voxels	Nb of surf. voxels	IntDen	Mean	StdDev	Median	Min	Max	X	Y	Z	Mean dist. to surf. (pixel)	SD dist. to surf. (pixel)	Median dist. to surf. (pixel)	XM	YM	ZM	BX	BY	BZ	B-width	B-height	B-depth
22249	22249	22249	10822	5673495	255	0	255	255	255	785.020	605.565	0	757.111	122.414	769.647	785.036	605.538	0	0	0	0	1591	1174	0
604	604	604	158	154020	255	0	255	255	255	342.877	113.522	0	14.690	5.019	15.097	342.878	113.521	0	323	93	0	39	40	0
323	323	323	58	82365	255	0	255	255	255	304.520	105.755	0	9.718	1.489	9.946	304.521	105.755	0	293	97	0	25	18	0
149	149	149	44	37995	255	0	255	255	255	75.785	115.342	0	6.903	2.457	6.826	75.785	115.342	0	68	106	0	15	19	0
399	399	399	103	101745	255	0	255	255	255	272.797	136.990	0	13.893	6.657	13.336	272.798	136.990	0	266	112	0	14	50	0
18544	18544	18544	1141	4728720	255	0	255	255	255	1294.847	300.103	0	115.545	57.622	116.624	1295.103	300.100	0	1173	123	0	242	379	0
20	20	20	14	5100	255	0	255	255	255	68.050	127.650	0	2.174	0.728	2.115	68.050	127.650	0	66	126	0	6	5	0
722	722	722	118	184110	255	0	255	255	255	338.953	155.881	0	16.098	6.785	15.673	338.954	155.881	0	325	130	0	29	51	0
217	217	217	62	55335	255	0	255	255	255	74.959	142.438	0	8.470	2.907	9.013	74.959	142.438	0	67	132	0	15	23	0
442	442	442	68	112710	255	0	255	255	255	313.489	145.491	0	11.528	1.747	11.845	313.490	145.491	0	300	135	0	29	23	0
131	131	131	37	33405	255	0	255	255	255	252.076	142.947	0	6.017	0.798	6.077	252.076	142.947	0	246	136	0	13	15	0
103	103	103	32	26265	255	0	255	255	255	303.825	166.078	0	5.251	0.863	5.501	303.825	166.078	0	299	160	0	10	13	0
55	55	55	23	14025	255	0	255	255	255	71.618	169.964	0	3.762	0.692	3.764	71.618	169.964	0	67	167	0	10	7	0
382	382	382	65	97410	255	0	255	255	255	262.995	180.406	0	11.094	2.638	11.110	262.995	180.406	0	251	168	0	25	25	0
687	687	687	103	175185	255	0	255	255	255	292.304	207.147	0	14.944	4.968	15.216	292.305	207.147	0	276	187	0	35	41	0
425	425	425	90	108375	255	0	255	255	255	332.765	202.889	0	10.950	3.393	11.207	332.766	202.890	0	318	189	0	26	29	0
105	105	105	33	26775	255	0	255	255	255	251.619	205.857	0	5.335	0.984	5.518	251.619	205.857	0	247	200	0	10	13	0
76	76	76	32	19380	255	0	255	255	255	260.658	214.895	0	4.417	1.119	4.424	260.658	214.895	0	256	210	0	11	10	0
647	647	647	123	164985	255	0	255	255	255	323.376	236.348	0	15.261	5.885	14.672	323.377	236.348	0	309	211	0	28	48	0
334	334	334	89	85170	255	0	255	255	255	244.308	239.892	0	12.107	5.738	12.128	244.309	239.892	0	237	220	0	16	41	0
118	118	118	45	30090	255	0	255	255	255	1296.517	227.051	0	5.988	2.469	6.785	1296.518	227.051	0	1291	220	0	13	17	0
208	208	208	64	53040	255	0	255	255	255	286.707	246.096	0	8.818	2.987	8.642	286.707	246.096	0	276	239	0	27	16	0
179	179	179	43	45645	255	0	255	255	255	265.832	248.374	0	7.118	0.910	7.290	265.832	248.374	0	259	241	0	16	15	0
175	175	175	43	44625	255	0	255	255	255	299.034	257.937	0	7.292	1.597	7.296	299.034	257.937	0	292	249	0	15	19	0
319	319	319	60	81345	255	0	255	255	255	258.671	275.498	0	9.676	1.825	9.524	258.671	275.499	0	246	267	0	25	20	0
70	70	70	26	17850	255	0	255	255	255	240.743	273.571	0	4.265	1.015	4.447	240.743	273.571	0	237	268	0	8	12	0
314	314	314	62	80070	255	0	255	255	255	304.930	282.952	0	9.745	2.573	10.534	304.930	282.952	0	295	271	0	21	25	0
37	37	37	18	9435	255	0	255	255	255	1261.297	276.027	0	3.005	0.394	3.035	1261.297	276.027	0	1258	273	0	7	7	0
164	164	164	42	41820	255	0	255	255	255	229.835	291.238	0	6.830	1.154	6.887	229.835	291.238	0	224	283	0	13	17	0
88	88	88	29	22440	255	0	255	255	255	277.398	298.977	0	4.826	0.667	5.027	277.398	298.977	0	273	293	0	10	12	0
138	138	138	37	35190	255	0	255	255	255	296.486	311.746	0	6.236	0.953	6.428	296.486	311.746	0	290	305	0	15	14	0
40	40	40	18	10200	255	0	255	255	255	266.975	308.925	0	3.137	0.332	3.107	266.975	308.925	0	264	306	0	7	7	0
100	100	100	32	25500	255	0	255	255	255	222.520	314.370	0	5.211	0.644	5.322	222.520	314.370	0	218	309	0	10	12	0
397	397	397	90	101235	255	0	255	255	255	267.033	340.093	0	11.540	5.239	11.530	267.033	340.093	0	259	321	0	17	38	0
1342	1342	1342	205	342210	255	0	255	255	255	295.524	356.616	0	23.845	10.247	23.641	295.525	356.616	0	272	321	0	45	75	0
112	112	112	44	28560	255	0	255	255	255	219.607	331.348	0	5.535	2.480	6.024	219.607	331.348	0	214	323	0	12	17	0
283	283	283	55	72165	255	0	255	255	255	235.664	343.424	0	9.142	1.653	9.039	235.664	343.424	0	227	332	0	18	24	0
16	16	16	13	4080	255	0	255	255	255	1235.062	338.812	0	1.818	0.597	1.814	1235.062	338.812	0	1234	336	0	3	6	0
150	150	150	41	38250	255	0	255	255	255	209.567	356.280	0	6.544	1.714	6.784	209.567	356.280	0	204	348	0	12	18	0
470	470	470	92	119850	255	0	255	255	255	247.432	375.264	0	11.859	3.556	11.855	247.433	375.263	0	231	366	0	33	20	0
133	133	133	39	33915	255	0	255	255	255	204.654	376.256	0	6.367	1.812	6.290	204.654	376.256	0	198	368	0	13	17	0
48	48	48	23	12240	255	0	255	255	255	1207.125	379.375	0	3.593	0.991	3.861	1207.125	379.375	0	1203	376	0	10	8	0
72	72	72	26	18360	255	0	255	255	255	223.375	382.917	0	4.440	0.775	4.451	223.375	382.917	0	218	379	0	12	9	0
44	44	44	21	11220	255	0	255	255	255	1191.773	388.273	0	3.358	0.664	3.267	1191.773	388.273	0	1189	384	0	6	9	0
55	55	55	21	14025	255	0	255	255	255	243.255	392.709	0	3.752	0.348	3.757	243.255	392.709	0	239	389	0	9	8	0
169	169	169	46	43095	255	0	255	255	255	198.172	396.059	0	6.979	1.808	6.763	198.172	396.059	0	190	390	0	18	15	0
223	223	223	52	56865	255	0	255	255	255	294.919	404.682	0	8.100	2.190	8.312	294.919	404.682	0	289	394	0	13	23	0
269	269	269	56	68595	255	0	255	255	255	225.866	410.279	0	8.847	1.587	9.224	225.866	410.279	0	218	400	0	16	22	0
8680	8680	8680	873	2213400	255	0	255	255	255	1128.794	502.141	0	58.405	27.890	51.588	1128.820	502.144	0	1045	401	0	166	187	0
73	73	73	25	18615	255	0	255	255	255	254.370	409.877	0	4.380	0.374	4.431	254.370	409.877	0	250	406	0	10	9	0
181	181	181	43	46155	255	0	255	255	255	198.149	416.823	0	7.225	1.302	6.989	198.149	416.823	0	192	408	0	13	19	0
593	593	593	106	151215	255	0	255	255	255	269.408	437.202	0	13.723	4.694	14.530	269.409	437.202	0	251	425	0	35	30	0
214	214	214	48	54570	255	0	255	255	255	233.645	436.276	0	7.869	1.089	7.954	233.645	436.276	0	227	427	0	16	18	0
74	74	74	26	18870	255	0	255	255	255	191.716	433.919	0	4.408	0.381	4.333	191.716	433.919	0	187	430	0	10	9	0
241	241	241	64	61455	255	0	255	255	255	185.320	447.178	0	8.247	3.517	8.713	185.320	447.179	0	176	436	0	19	25	0
96	96	96	31	24480	255	0	255	255	255	179.302	460.344	0	5.115	0.671	5.381	179.302	460.344	0	174	455	0	11	12	0
186	186	186	53	47430	255	0	255	255	255	233.683	465.715	0	7.315	2.236	7.403	233.683	465.715	0	225	456	0	16	18	0
194	194	194	47	49470	255	0	255	255	255	206.490	469.876	0	7.558	1.565	7.117	206.490	469.876	0	200	461	0	14	19	0
109	109	109	32	27795	255	0	255	255	255	278.615	468.890	0	5.446	0.729	5.425	278.615	468.890	0	274	462	0	10	14	0
54	54	54	22	13770	255	0	255	255	255	267.352	469.000	0	3.712	0.382	3.783	267.352	469.000	0	264	465	0	8	9	0
325	325	325	79	82875	255	0	255	255	255	178.268	489.631	0	10.159	3.343	8.743	178.268	489.631	0	166	477	0	26	25	0
100	100	100	34	25500	255	0	255	255	255	267.410	484.230	0	5.252	1.572	5.455	267.410	484.230	0	260	480	0	15	9	0
69	69	69	24	17595	255	0	255	255	255	221.000	495.000	0	4.239	0.183	4.183	221.000	495.000	0	217	491	0	9	9	0
80	80	80	27	20400	255	0	255	255	255	1167.350	495.962	0	4.624	0.450	4.650	1167.350	495.962	0	1163	491	0	10	11	0
264	264	264	61	67320	255	0	255	255	255	237.951	500.277	0	8.627	2.756	9.542	237.951	500.277	0	228	493	0	23	17	0
283	283	283	69	72165	255	0	255	255	255	162.788	515.240	0	9.320	3.429	10.007	162.788	515.240	0	153	502	0	23	24	0
118	118	118	38	30090	255	0	255	255	255	251.958	515.627	0	5.792	1.595	6.104	251.958	515.627	0	247	508	0	11	16	0
70	70	70	25	17850	255	0	255	255	255	201.900	517.100	0	4.270	0.287	4.245	201.900	517.100	0	197	513	0	10	9	0
94	94	94	30	23970	255	0	255	255	255	266.468	519.149	0	5.027	0.766	5.051	266.468	519.149	0	262	513	0	10	13	0
366	366	366	78	93330	255	0	255	255	255	236.628	544.027	0	11.132	4.070	11.708	236.629	544.027	0	225	528	0	25	30	0
242	242	242	59	61710	255	0	255	255	255	190.397	549.120	0	8.967	2.678	8.129	190.397	549.120	0	182	536	0	17	25	0
986	986	986	150	251430	255	0	255	255	255	142.336	565.454	0	17.764	8.005	18.603	142.337	565.455	0	125	537	0	38	59	0
531	531	531	82	135405	255	0	255	255	255	1031.896	559.868	0	12.789	2.434	12.428	1031.898	559.868	0	1020	546	0	25	32	0
73	73	73	25	18615	255	0	255	255	255	222.740	565.041	0	4.382	0.277	4.367	222.740	565.041	0	218	561	0	10	9	0
87	87	87	28	22185	255	0	255	255	255	184.195	570.023	0	4.817	0.606	4.845	184.195	570.023	0	179	566	0	12	9	0
879	879	879	134	224145	255	0	255	255	255	232.505	592.853	0	17.169	7.049	16.571	232.506	592.853	0	218	567	0	33	53	0
214	214	214	44	54570	255	0	255	255	255	1105.631	577.150	0	7.821	0.339	7.837	1105.632	577.149	0	1097	569	0	17	17	0
1134	1134	1134	174	289170	255	0	255	255	255	1045.386	596.923	0	19.534	7.442	20.515	1045.389	596.925	0	1011	574	0	56	46	0
348	348	348	64	88740	255	0	255	255	255	180.397	596.629	0	10.208	1.993	9.829	180.397	596.629	0	172	583	0	18	27	0
4013	4013	4013	506	1023315	255	0	255	255	255	932.676	637.036	0	40.945	21.222	38.879	932.658	637.035	0	846	585	0	145	109	0
172	172	172	43	43860	255	0	255	255	255	163.355	602.791	0	6.938	0.888	7.003	163.355	602.791	0	156	595	0	15	15	0
176	176	176	41	44880	255	0	255	255	255	121.903	604.250	0	7.130	1.196	7.251	121.903	604.250	0	115	596	0	15	17	0
1145	1145	1145	144	291975	255	0	255	255	255	1010.343	624.683	0	19.205	5.108	18.873	1010.343	624.679	0	986	605	0	53	38	0
314	314	314	62	80070	255	0	255	255	255	205.038	620.006	0	9.897	2.629	9.887	205.038	620.006	0	194	608	0	22	25	0
42	42	42	18	10710	255	0	255	255	255	132.738	612.905	0	3.228	0.295	3.223	132.738	612.905	0	130	609	0	7	8	0
88	88	88	29	22440	255	0	255	255	255	184.886	621.932	0	4.876	0.805	5.069	184.886	621.932	0	180	617	0	11	11	0
540	540	540	81	137700	255	0	255	255	255	109.922	634.648	0	12.751	2.373	13.288	109.922	634.649	0	96	618	0	28	31	0
111	111	111	33	28305	255	0	255	255	255	161.063	625.252	0	5.496	0.528	5.426	161.063	625.252	0	155	620	0	12	12	0
313	313	313	59	79815	255	0	255	255	255	996.728	649.067	0	9.826	2.106	10.071	996.730	649.067	0	986	638	0	22	23	0
187	187	187	43	47685	255	0	255	255	255	918.840	653.727	0	7.468	1.675	7.773	918.840	653.727	0	911	645	0	17	18	0
604	604	604	107	154020	255	0	255	255	255	196.040	662.571	0	13.102	3.233	13.909	196.040	662.570	0	182	646	0	28	33	0
797	797	797	130	203235	255	0	255	255	255	85.467	670.291	0	16.964	7.543	16.639	85.467	670.291	0	67	648	0	39	49	0
87	87	87	27	22185	255	0	255	255	255	956.023	657.391	0	4.834	0.279	4.795	956.023	657.391	0	951	653	0	11	10	0
207	207	207	54	52785	255	0	255	255	255	120.821	662.894	0	8.055	2.884	7.957	120.821	662.893	0	110	656	0	23	16	0
173	173	173	41	44115	255	0	255	255	255	972.197	666.682	0	6.959	0.713	7.064	972.197	666.682	0	966	659	0	13	16	0
3022	3022	3022	381	770610	255	0	255	255	255	823.260	705.172	0	31.011	11.136	31.320	823.265	705.169	0	774	662	0	91	76	0
460	460	460	77	117300	255	0	255	255	255	884.207	685.324	0	12.327	3.544	11.813	884.208	685.324	0	869	674	0	35	22	0
125	125	125	38	31875	255	0	255	255	255	159.688	689.336	0	5.967	1.663	6.415	159.688	689.336	0	154	682	0	12	16	0
61	61	61	23	15555	255	0	255	255	255	114.180	692.721	0	3.963	0.321	3.919	114.180	692.721	0	110	689	0	9	9	0
437	437	437	71	111435	255	0	255	255	255	915.151	699.089	0	11.721	2.865	12.002	915.152	699.090	0	901	689	0	30	23	0
705	705	705	107	179775	255	0	255	255	255	749.709	708.050	0	15.495	4.528	15.415	749.711	708.049	0	724	694	0	43	28	0
552	552	552	94	140760	255	0	255	255	255	881.630	712.101	0	12.891	3.540	13.380	881.632	712.100	0	867	698	0	35	26	0
118	118	118	32	30090	255	0	255	255	255	89.797	706.169	0	5.712	0.405	5.798	89.797	706.169	0	84	700	0	12	13	0
88	88	88	30	22440	255	0	255	255	255	62.580	707.807	0	5.063	1.339	5.144	62.580	707.807	0	58	702	0	11	13	0
19948	19948	19948	1811	5086740	255	0	255	255	255	284.848	830.636	0	104.298	58.011	103.394	284.849	830.666	0	95	703	0	349	268	0
157	157	157	40	40035	255	0	255	255	255	706.701	720.955	0	6.742	1.337	6.622	706.701	720.955	0	699	716	0	17	12	0
83	83	83	29	21165	255	0	255	255	255	91.976	725.349	0	4.767	0.887	4.762	91.976	725.349	0	88	720	0	9	12	0
858	858	858	102	218790	255	0	255	255	255	729.820	735.958	0	16.314	2.767	16.634	729.822	735.957	0	708	721	0	40	30	0
74	74	74	26	18870	255	0	255	255	255	132.622	728.108	0	4.395	0.294	4.432	132.622	728.108	0	128	724	0	10	9	0
179	179	179	48	45645	255	0	255	255	255	181.352	738.341	0	7.303	2.565	7.473	181.352	738.341	0	176	728	0	12	22	0
234	234	234	49	59670	255	0	255	255	255	41.936	738.897	0	8.301	1.305	8.068	41.936	738.898	0	35	729	0	16	21	0
118	118	118	37	30090	255	0	255	255	255	66.593	740.475	0	5.900	1.750	6.574	66.593	740.475	0	60	734	0	14	14	0
70	70	70	24	17850	255	0	255	255	255	762.500	737.629	0	4.286	0.357	4.389	762.500	737.629	0	758	734	0	10	9	0
606	606	606	83	154530	255	0	255	255	255	678.883	746.840	0	13.554	1.762	13.435	678.884	746.840	0	663	735	0	32	24	0
61	61	61	24	15555	255	0	255	255	255	165.705	742.541	0	3.934	0.317	3.893	165.705	742.541	0	162	739	0	9	8	0
44	44	44	20	11220	255	0	255	255	255	837.295	742.273	0	3.277	0.368	3.296	837.295	742.273	0	834	739	0	8	7	0
66	66	66	24	16830	255	0	255	255	255	642.742	746.197	0	4.139	0.298	4.194	642.742	746.197	0	639	742	0	9	9	0
698	698	698	101	177990	255	0	255	255	255	632.797	764.669	0	15.688	5.286	15.785	632.798	764.669	0	617	744	0	30	44	0
528	528	528	82	134640	255	0	255	255	255	799.061	757.294	0	12.678	3.035	12.993	799.062	757.294	0	784	745	0	34	25	0
134	134	134	41	34170	255	0	255	255	255	101.261	757.440	0	6.183	2.013	6.446	101.261	757.440	0	97	749	0	9	18	0
47	47	47	19	11985	255	0	255	255	255	37.660	755.660	0	3.455	0.277	3.543	37.660	755.660	0	34	752	0	8	8	0
624	624	624	83	159120	255	0	255	255	255	768.149	765.146	0	13.663	1.544	13.945	768.151	765.147	0	753	752	0	30	29	0
61	61	61	22	15555	255	0	255	255	255	139.918	757.623	0	3.981	0.277	3.967	139.918	757.623	0	136	754	0	9	9	0
304	304	304	57	77520	255	0	255	255	255	170.467	762.118	0	9.415	1.150	9.468	170.467	762.118	0	161	754	0	21	19	0
61	61	61	22	15555	255	0	255	255	255	113.131	766.016	0	3.993	0.385	4.048	113.131	766.016	0	109	762	0	9	9	0
503	503	503	75	128265	255	0	255	255	255	594.531	775.378	0	12.300	2.107	12.622	594.532	775.377	0	585	762	0	23	30	0
178	178	178	41	45390	255	0	255	255	255	741.983	769.096	0	7.077	0.401	7.127	741.984	769.096	0	735	762	0	15	15	0
365	365	365	74	93075	255	0	255	255	255	79.474	780.110	0	10.656	4.049	11.171	79.474	780.110	0	67	765	0	26	31	0
924	924	924	110	235620	255	0	255	255	255	723.823	785.311	0	16.874	3.128	17.081	723.823	785.307	0	705	767	0	41	36	0
192	192	192	43	48960	255	0	255	255	255	571.521	775.297	0	7.363	0.516	7.485	571.522	775.296	0	565	768	0	15	16	0
278	278	278	61	70890	255	0	255	255	255	138.576	777.881	0	9.348	2.687	9.736	138.576	777.881	0	125	769	0	26	17	0
29	29	29	16	7395	255	0	255	255	255	38.759	777.414	0	2.585	0.583	2.730	38.759	777.414	0	36	775	0	7	6	0
152	152	152	39	38760	255	0	255	255	255	159.243	783.145	0	6.513	0.593	6.513	159.243	783.145	0	153	777	0	14	14	0
765	765	765	135	195075	255	0	255	255	255	665.505	806.634	0	15.826	6.868	17.373	665.506	806.635	0	647	784	0	43	43	0
56	56	56	22	14280	255	0	255	255	255	123.946	791.857	0	3.790	0.391	3.806	123.946	791.857	0	120	788	0	8	9	0
202	202	202	51	51510	255	0	255	255	255	42.277	798.619	0	7.636	2.407	8.392	42.277	798.619	0	33	789	0	20	19	0
134	134	134	36	34170	255	0	255	255	255	147.687	795.090	0	6.081	0.423	6.085	147.687	795.090	0	142	789	0	13	13	0
640	640	640	103	163200	255	0	255	255	255	499.642	803.206	0	14.865	5.946	14.989	499.643	803.206	0	477	791	0	45	24	0
127	127	127	34	32385	255	0	255	255	255	691.457	800.472	0	5.909	0.341	5.744	691.457	800.472	0	686	794	0	12	14	0
60	60	60	23	15300	255	0	255	255	255	111.750	800.600	0	3.911	0.301	3.824	111.750	800.600	0	108	797	0	9	8	0
217	217	217	52	55335	255	0	255	255	255	622.820	804.617	0	7.987	2.456	8.514	622.821	804.618	0	611	798	0	23	14	0
211	211	211	50	53805	255	0	255	255	255	607.720	825.730	0	7.939	2.186	8.376	607.721	825.730	0	600	815	0	16	21	0
440	440	440	80	112200	255	0	255	255	255	459.909	828.452	0	11.633	3.046	11.470	459.910	828.453	0	450	817	0	24	28	0
400	400	400	65	102000	255	0	255	255	255	637.765	828.925	0	10.840	1.062	10.842	637.766	828.926	0	626	819	0	25	21	0
152	152	152	46	38760	255	0	255	255	255	46.441	830.171	0	6.701	2.660	6.970	46.441	830.171	0	42	820	0	10	21	0
88	88	88	30	22440	255	0	255	255	255	89.420	825.580	0	4.867	0.788	5.051	89.420	825.580	0	84	821	0	12	10	0
312	312	312	60	79560	255	0	255	255	255	127.535	832.535	0	9.837	2.426	9.569	127.535	832.536	0	118	821	0	20	24	0
56	56	56	26	14280	255	0	255	255	255	108.875	828.214	0	3.742	1.193	4.007	108.875	828.214	0	105	824	0	10	9	0
198	198	198	48	50490	255	0	255	255	255	583.687	833.040	0	7.490	1.435	7.966	583.688	833.041	0	578	824	0	13	19	0
207	207	207	44	52785	255	0	255	255	255	491.831	834.140	0	7.685	0.715	7.636	491.832	834.140	0	483	827	0	18	15	0
183	183	183	45	46665	255	0	255	255	255	435.071	835.689	0	7.229	1.366	7.439	435.071	835.689	0	426	830	0	19	12	0
63	63	63	24	16065	255	0	255	255	255	233.270	838.746	0	4.038	0.498	3.969	233.270	838.746	0	230	834	0	8	10	0
464	464	464	75	118320	255	0	255	255	255	545.319	845.612	0	11.910	2.448	11.904	545.320	845.613	0	530	836	0	32	21	0
76	76	76	27	19380	255	0	255	255	255	625.250	843.724	0	4.456	0.330	4.438	625.250	843.724	0	621	839	0	10	10	0
329	329	329	79	83895	255	0	255	255	255	97.146	855.219	0	9.712	4.692	10.856	97.146	855.219	0	84	842	0	27	27	0
890	890	890	131	226950	255	0	255	255	255	389.399	854.973	0	17.760	6.605	18.274	389.400	854.972	0	367	843	0	52	29	0
127	127	127	37	32385	255	0	255	255	255	605.465	852.551	0	6.052	1.538	6.457	605.465	852.551	0	598	847	0	16	12	0
247	247	247	55	62985	255	0	255	255	255	344.231	858.599	0	8.787	2.471	8.765	344.231	858.599	0	332	851	0	25	16	0
54	54	54	22	13770	255	0	255	255	255	47.241	862.093	0	3.691	0.354	3.760	47.241	862.093	0	44	858	0	8	9	0
98	98	98	31	24990	255	0	255	255	255	123.429	865.061	0	5.202	1.067	5.429	123.429	865.062	0	118	860	0	13	12	0
126	126	126	34	32130	255	0	255	255	255	579.294	865.286	0	5.885	0.360	5.854	579.294	865.286	0	573	860	0	13	12	0
161	161	161	42	41055	255	0	255	255	255	390.764	877.739	0	6.827	1.400	6.867	390.764	877.739	0	382	871	0	18	14	0
218	218	218	50	55590	255	0	255	255	255	448.784	882.803	0	7.992	1.973	8.038	448.785	882.803	0	443	873	0	13	22	0
255	255	255	51	65025	255	0	255	255	255	542.745	884.188	0	8.735	1.527	8.747	542.746	884.188	0	533	874	0	19	20	0
152	152	152	48	38760	255	0	255	255	255	303.164	880.586	0	7.053	2.362	6.962	303.164	880.585	0	293	876	0	22	10	0
35	35	35	17	8925	255	0	255	255	255	45.229	880.371	0	2.882	0.333	2.842	45.229	880.371	0	42	878	0	7	6	0
1120	1120	1120	131	285600	255	0	255	255	255	357.619	902.628	0	18.673	5.818	18.494	357.620	902.627	0	341	878	0	32	55	0
188	188	188	44	47940	255	0	255	255	255	511.739	888.814	0	7.319	0.936	7.318	511.740	888.814	0	506	881	0	14	17	0
1833	1833	1833	163	467415	255	0	255	255	255	405.071	921.617	0	23.540	4.375	24.214	405.073	921.623	0	384	891	0	47	62	0
188	188	188	48	47940	255	0	255	255	255	427.500	900.723	0	7.367	1.530	7.615	427.500	900.724	0	418	894	0	19	14	0
141	141	141	39	35955	255	0	255	255	255	250.043	902.567	0	6.325	0.834	6.227	250.043	902.568	0	244	895	0	13	16	0
322	322	322	59	82110	255	0	255	255	255	485.252	906.758	0	9.683	1.285	9.803	485.252	906.758	0	476	896	0	19	22	0
124	124	124	40	31620	255	0	255	255	255	46.379	911.177	0	6.042	1.397	5.872	46.379	911.178	0	42	903	0	12	18	0
74	74	74	31	18870	255	0	255	255	255	65.514	909.500	0	4.574	1.202	4.541	65.514	909.500	0	60	905	0	12	10	0
116	116	116	32	29580	255	0	255	255	255	466.405	913.888	0	5.665	0.781	5.470	466.405	913.888	0	461	907	0	11	15	0
153	153	153	42	39015	255	0	255	255	255	81.536	920.065	0	6.609	1.313	6.796	81.536	920.066	0	74	914	0	17	12	0
102	102	102	31	26010	255	0	255	255	255	281.922	919.716	0	5.251	0.399	5.238	281.922	919.716	0	277	914	0	11	12	0
164	164	164	42	41820	255	0	255	255	255	447.396	924.238	0	6.840	1.619	7.300	447.396	924.238	0	441	916	0	14	17	0
104	104	104	34	26520	255	0	255	255	255	292.788	929.019	0	5.455	1.392	5.250	292.788	929.019	0	286	925	0	15	9	0
22	22	22	14	5610	255	0	255	255	255	50.909	932.364	0	2.269	0.579	2.244	50.909	932.364	0	49	930	0	5	6	0
91	91	91	28	23205	255	0	255	255	255	83.099	943.121	0	4.949	0.276	4.999	83.099	943.121	0	78	938	0	11	11	0
37	37	37	18	9435	255	0	255	255	255	27.568	942.054	0	2.970	0.315	3.042	27.568	942.054	0	25	939	0	6	7	0
39	39	39	19	9945	255	0	255	255	255	249.154	942.385	0	3.065	0.449	3.201	249.154	942.385	0	246	939	0	7	7	0
380	380	380	64	96900	255	0	255	255	255	312.074	953.379	0	10.837	2.266	10.877	312.074	953.380	0	300	942	0	26	23	0
36	36	36	20	9180	255	0	255	255	255	41.583	947.194	0	3.064	0.991	3.044	41.583	947.194	0	39	943	0	6	10	0
47	47	47	21	11985	255	0	255	255	255	60.660	948.766	0	3.460	0.487	3.427	60.660	948.766	0	57	946	0	8	7	0
204	204	204	47	52020	255	0	255	255	255	138.926	953.569	0	7.652	1.286	7.525	138.926	953.568	0	130	947	0	19	15	0
350	350	350	66	89250	255	0	255	255	255	352.191	957.837	0	10.449	2.738	10.314	352.192	957.837	0	341	948	0	25	23	0
97	97	97	31	24735	255	0	255	255	255	377.392	952.928	0	5.175	1.019	5.392	377.392	952.928	0	372	948	0	13	11	0
1458	1458	1458	251	371790	255	0	255	255	255	257.953	980.887	0	21.357	8.683	21.854	257.955	980.891	0	226	951	0	58	58	0
35	35	35	21	8925	255	0	255	255	255	41.086	959.086	0	2.933	0.981	2.916	41.086	959.086	0	38	956	0	7	8	0
263	263	263	63	67065	255	0	255	255	255	70.673	968.688	0	8.863	2.753	8.848	70.673	968.689	0	62	958	0	19	24	0
100	100	100	30	25500	255	0	255	255	255	108.400	964.100	0	5.222	0.556	5.212	108.400	964.100	0	102	959	0	13	11	0
91	91	91	30	23205	255	0	255	255	255	231.516	964.780	0	5.147	1.376	5.684	231.516	964.780	0	226	959	0	12	13	0
105	105	105	31	26775	255	0	255	255	255	163.200	977.210	0	5.381	0.579	5.339	163.200	977.209	0	157	972	0	13	11	0
137	137	137	36	34935	255	0	255	255	255	212.832	978.212	0	6.200	0.701	6.226	212.832	978.211	0	206	972	0	15	13	0
121	121	121	33	30855	255	0	255	255	255	98.835	978.422	0	5.762	0.312	5.773	98.835	978.421	0	93	973	0	13	12	0
100	100	100	32	25500	255	0	255	255	255	319.120	979.750	0	5.367	1.299	5.150	319.120	979.750	0	312	975	0	15	10	0
104	104	104	31	26520	255	0	255	255	255	374.558	979.712	0	5.316	0.568	5.361	374.558	979.711	0	369	975	0	12	11	0
41	41	41	22	10455	255	0	255	255	255	33.024	981.805	0	3.297	0.922	3.387	33.024	981.805	0	29	979	0	9	7	0
183	183	183	45	46665	255	0	255	255	255	433.514	989.995	0	7.329	1.597	7.514	433.514	989.995	0	425	983	0	18	15	0
306	306	306	59	78030	255	0	255	255	255	57.814	994.121	0	9.595	1.988	10.123	57.814	994.121	0	48	984	0	21	23	0
179	179	179	44	45645	255	0	255	255	255	138.145	995.547	0	7.361	1.623	7.575	138.145	995.548	0	130	988	0	17	16	0
433	433	433	97	110415	255	0	255	255	255	177.483	1006.871	0	11.856	4.074	12.139	177.483	1006.871	0	168	990	0	21	34	0
208	208	208	47	53040	255	0	255	255	255	201.846	1000.014	0	7.673	0.789	7.846	201.846	1000.014	0	194	993	0	17	16	0
211	211	211	44	53805	255	0	255	255	255	488.493	1001.109	0	7.809	0.808	7.907	488.494	1001.108	0	480	994	0	18	16	0
234	234	234	55	59670	255	0	255	255	255	35.342	1013.457	0	8.850	2.729	8.861	35.342	1013.457	0	27	1002	0	18	24	0
465	465	465	103	118575	255	0	255	255	255	81.426	1018.505	0	10.655	4.351	12.048	81.426	1018.506	0	72	1002	0	22	32	0
65	65	65	24	16575	255	0	255	255	255	348.800	1011.046	0	4.117	0.415	4.128	348.800	1011.046	0	344	1007	0	10	9	0
94	94	94	30	23970	255	0	255	255	255	419.468	1012.521	0	5.016	0.648	4.965	419.468	1012.521	0	414	1008	0	12	10	0
396	396	396	86	100980	255	0	255	255	255	221.649	1022.151	0	12.137	3.971	11.864	221.649	1022.152	0	205	1012	0	35	21	0
181	181	181	46	46155	255	0	255	255	255	148.978	1025.072	0	7.282	1.281	7.276	148.978	1025.072	0	140	1017	0	18	16	0
613	613	613	95	156315	255	0	255	255	255	179.834	1037.666	0	14.929	5.070	14.230	179.834	1037.664	0	161	1020	0	38	33	0
199	199	199	44	50745	255	0	255	255	255	552.332	1033.372	0	7.570	0.819	7.439	552.332	1033.371	0	545	1026	0	17	15	0
60	60	60	22	15300	255	0	255	255	255	158.117	1036.833	0	3.980	0.441	4.024	158.117	1036.833	0	154	1033	0	10	9	0
341	341	341	63	86955	255	0	255	255	255	289.519	1042.411	0	10.171	2.299	10.601	289.520	1042.411	0	276	1033	0	26	19	0
196	196	196	46	49980	255	0	255	255	255	96.342	1042.301	0	7.471	1.122	7.716	96.342	1042.301	0	90	1034	0	16	17	0
73	73	73	26	18615	255	0	255	255	255	269.068	1037.425	0	4.369	0.598	4.409	269.068	1037.425	0	264	1034	0	11	8	0
391	391	391	70	99705	255	0	255	255	255	128.023	1049.547	0	10.908	2.250	10.986	128.023	1049.546	0	115	1039	0	29	20	0
204	204	204	48	52020	255	0	255	255	255	524.363	1048.583	0	7.649	1.275	7.380	524.363	1048.583	0	517	1040	0	15	19	0
87	87	87	29	22185	255	0	255	255	255	487.782	1047.402	0	4.842	0.921	4.983	487.782	1047.402	0	483	1042	0	10	12	0
196	196	196	50	49980	255	0	255	255	255	233.566	1051.500	0	7.645	1.956	7.575	233.566	1051.499	0	224	1046	0	21	12	0
210	210	210	61	53550	255	0	255	255	255	78.833	1059.871	0	8.737	3.525	8.515	78.833	1059.871	0	66	1052	0	27	15	0
118	118	118	46	30090	255	0	255	255	255	371.754	1064.271	0	6.366	2.749	6.528	371.754	1064.272	0	361	1061	0	22	8	0
224	224	224	49	57120	255	0	255	255	255	166.817	1074.054	0	8.067	0.949	8.056	166.817	1074.053	0	159	1065	0	18	19	0
79	79	79	25	20145	255	0	255	255	255	543.228	1074.253	0	4.606	0.334	4.608	543.228	1074.253	0	538	1070	0	11	10	0
178	178	178	59	45390	255	0	255	255	255	565.247	1078.590	0	7.832	3.541	7.648	565.248	1078.590	0	553	1074	0	27	11	0
54	54	54	21	13770	255	0	255	255	255	140.037	1079.074	0	3.718	0.419	3.678	140.037	1079.074	0	137	1075	0	8	9	0
90	90	90	31	22950	255	0	255	255	255	56.456	1087.178	0	5.011	1.251	4.896	56.456	1087.178	0	50	1082	0	13	11	0
69	69	69	25	17595	255	0	255	255	255	487.116	1086.391	0	4.231	0.493	4.183	487.116	1086.391	0	483	1083	0	10	8	0
158	158	158	41	40290	255	0	255	255	255	123.013	1091.570	0	6.609	0.683	6.737	123.013	1091.570	0	116	1085	0	15	14	0
136	136	136	37	34680	255	0	255	255	255	618.279	1098.441	0	6.135	0.887	6.189	618.280	1098.441	0	611	1092	0	15	13	0
35	35	35	17	8925	255	0	255	255	255	540.629	1096.571	0	2.900	0.323	2.845	540.629	1096.571	0	538	1094	0	7	6	0
