Volume (pixel^3)	Surface (pixel^2)	Nb of obj. voxels	Nb of surf. voxels	IntDen	Mean	StdDev	Median	Min	Max	X	Y	Z	Mean dist. to surf. (pixel)	SD dist. to surf. (pixel)	Median dist. to surf. (pixel)	XM	YM	ZM	BX	BY	BZ	B-width	B-height	B-depth
465	465	465	448	118575	255	0	255	255	255	141.568	1.712	0	93.505	51.266	93.008	141.568	1.712	0	0	0	0	351	10	0
1348	1348	1348	1063	343740	255	0	255	255	255	1256.499	16.879	0	136.692	88.964	132.897	1256.497	16.879	0	870	0	0	539	92	0
14	14	14	14	3570	255	0	255	255	255	731.500	2.000	0	3.500	2.075	3.500	731.500	2.000	0	725	2	0	14	1	0
823	823	823	742	209865	255	0	255	255	255	524.469	4.349	0	93.144	54.246	92.532	524.471	4.349	0	352	3	0	370	3	0
153	153	153	40	39015	255	0	255	255	255	1334.503	10.614	0	6.655	1.253	6.436	1334.504	10.614	0	1327	5	0	18	12	0
155	155	155	42	39525	255	0	255	255	255	857.161	16.277	0	6.640	1.436	6.631	857.162	16.277	0	852	7	0	12	18	0
90	90	90	32	22950	255	0	255	255	255	1214.989	17.678	0	4.989	1.153	4.950	1214.990	17.678	0	1209	14	0	14	8	0
3070	3070	3070	2398	782850	255	0	255	255	255	238.091	790.961	0	421.639	161.192	361.517	238.092	790.948	0	0	28	0	716	1033	0
131	131	131	37	33405	255	0	255	255	255	818.069	36.824	0	6.078	0.868	5.988	818.069	36.824	0	813	30	0	12	14	0
182	182	182	43	46410	255	0	255	255	255	837.253	40.121	0	7.182	0.758	7.160	837.254	40.121	0	830	33	0	15	15	0
70	70	70	25	17850	255	0	255	255	255	768.229	37.614	0	4.278	0.608	4.273	768.229	37.614	0	763	34	0	11	8	0
50	50	50	26	12750	255	0	255	255	255	1127.140	40.060	0	3.868	1.503	3.835	1127.140	40.060	0	1124	35	0	8	12	0
213	213	213	45	54315	255	0	255	255	255	1157.563	42.887	0	7.966	1.245	8.239	1157.565	42.887	0	1149	35	0	18	17	0
265	265	265	65	67575	255	0	255	255	255	1198.687	43.460	0	9.306	3.764	9.427	1198.688	43.460	0	1186	35	0	29	16	0
135	135	135	37	34425	255	0	255	255	255	802.289	43.681	0	6.123	0.978	6.295	802.290	43.681	0	797	36	0	12	16	0
71	71	71	24	18105	255	0	255	255	255	893.099	40.746	0	4.344	0.399	4.290	893.099	40.746	0	888	37	0	11	9	0
222	222	222	47	56610	255	0	255	255	255	715.441	51.252	0	7.961	0.619	7.760	715.442	51.252	0	708	44	0	17	17	0
49	49	49	21	12495	255	0	255	255	255	744.551	46.939	0	3.488	0.334	3.450	744.551	46.939	0	741	44	0	8	7	0
83	83	83	29	21165	255	0	255	255	255	769.542	53.108	0	4.682	0.705	4.675	769.542	53.108	0	764	49	0	12	9	0
21	21	21	13	5355	255	0	255	255	255	880.571	52.619	0	2.140	0.450	2.159	880.571	52.619	0	879	50	0	4	6	0
116	116	116	36	29580	255	0	255	255	255	683.698	62.121	0	5.692	1.384	5.799	683.699	62.121	0	677	58	0	16	10	0
65	65	65	23	16575	255	0	255	255	255	737.338	63.385	0	4.119	0.423	4.114	737.338	63.385	0	733	60	0	10	8	0
110	110	110	34	28050	255	0	255	255	255	641.227	79.145	0	5.538	1.074	5.501	641.227	79.145	0	636	73	0	12	14	0
141	141	141	43	35955	255	0	255	255	255	758.936	80.177	0	6.217	1.784	6.513	758.937	80.177	0	750	74	0	17	12	0
89	89	89	31	22695	255	0	255	255	255	613.090	83.225	0	4.888	1.155	5.068	613.090	83.225	0	607	79	0	13	9	0
40	40	40	20	10200	255	0	255	255	255	967.300	82.975	0	3.226	0.822	3.015	967.300	82.975	0	964	79	0	7	9	0
95	95	95	30	24225	255	0	255	255	255	562.611	87.779	0	5.043	0.472	5.027	562.611	87.779	0	557	83	0	12	10	0
60	60	60	23	15300	255	0	255	255	255	582.217	86.483	0	3.918	0.339	3.913	582.217	86.483	0	578	83	0	9	8	0
71	71	71	25	18105	255	0	255	255	255	860.690	87.282	0	4.325	0.316	4.337	860.690	87.282	0	856	83	0	10	10	0
43	43	43	21	10965	255	0	255	255	255	949.395	86.651	0	3.267	0.622	3.372	949.395	86.651	0	946	83	0	8	8	0
437	437	437	81	111435	255	0	255	255	255	677.542	102.426	0	11.706	3.853	12.664	677.543	102.426	0	670	87	0	17	33	0
54	54	54	21	13770	255	0	255	255	255	841.611	92.389	0	3.707	0.218	3.662	841.611	92.389	0	838	89	0	8	8	0
118	118	118	33	30090	255	0	255	255	255	507.822	96.915	0	5.694	0.732	5.594	507.822	96.915	0	503	90	0	11	14	0
270	270	270	53	68850	255	0	255	255	255	1302.970	99.307	0	8.872	1.323	8.726	1302.972	99.307	0	1292	92	0	22	17	0
84	84	84	29	21420	255	0	255	255	255	550.512	97.107	0	4.769	1.195	4.871	550.512	97.107	0	544	93	0	14	9	0
87	87	87	29	22185	255	0	255	255	255	948.161	98.839	0	4.998	0.999	5.037	948.161	98.839	0	944	93	0	10	12	0
104	104	104	81	26520	255	0	255	255	255	1410.298	120.567	0	10.834	6.856	10.437	1410.299	120.567	0	1408	93	0	5	47	0
68	68	68	29	17340	255	0	255	255	255	1080.853	103.353	0	4.558	1.621	5.119	1080.853	103.353	0	1075	98	0	12	11	0
44	44	44	19	11220	255	0	255	255	255	490.909	102.636	0	3.305	0.264	3.338	490.909	102.636	0	488	99	0	7	8	0
60	60	60	23	15300	255	0	255	255	255	985.767	105.433	0	3.946	0.526	3.861	985.767	105.433	0	981	101	0	10	9	0
90	90	90	29	22950	255	0	255	255	255	706.078	109.711	0	5.034	0.905	5.088	706.078	109.711	0	701	104	0	11	12	0
191	191	191	52	48705	255	0	255	255	255	816.644	109.702	0	7.937	2.907	7.888	816.645	109.702	0	805	104	0	24	14	0
115	115	115	34	29325	255	0	255	255	255	1098.287	110.930	0	5.624	0.974	5.529	1098.288	110.930	0	1091	106	0	15	10	0
167	167	167	52	42585	255	0	255	255	255	632.263	112.659	0	7.318	3.003	7.713	632.264	112.659	0	622	108	0	23	10	0
78	78	78	25	19890	255	0	255	255	255	453.641	113.705	0	4.568	0.344	4.550	453.641	113.705	0	449	109	0	10	11	0
206	206	206	46	52530	255	0	255	255	255	531.801	122.947	0	7.651	0.723	7.569	531.802	122.947	0	523	115	0	17	16	0
57	57	57	22	14535	255	0	255	255	255	726.825	118.439	0	3.814	0.261	3.831	726.825	118.439	0	723	115	0	9	8	0
41	41	41	19	10455	255	0	255	255	255	1066.171	118.146	0	3.210	0.602	3.254	1066.171	118.146	0	1063	115	0	8	7	0
88	88	88	30	22440	255	0	255	255	255	498.182	121.614	0	4.835	0.732	4.945	498.182	121.614	0	494	116	0	9	12	0
60	60	60	24	15300	255	0	255	255	255	1290.900	121.500	0	4.038	0.847	4.056	1290.900	121.500	0	1286	118	0	10	9	0
39	39	39	20	9945	255	0	255	255	255	1004.641	121.769	0	3.126	0.697	3.017	1004.641	121.769	0	1001	119	0	8	7	0
100	100	100	29	25500	255	0	255	255	255	862.520	126.880	0	5.244	0.469	5.341	862.520	126.880	0	857	122	0	12	11	0
123	123	123	34	31365	255	0	255	255	255	461.268	132.423	0	5.798	0.398	5.813	461.268	132.423	0	456	126	0	12	13	0
159	159	159	40	40545	255	0	255	255	255	736.189	132.013	0	6.852	1.503	7.189	736.189	132.013	0	728	126	0	17	14	0
200	200	200	44	51000	255	0	255	255	255	763.860	136.970	0	7.559	0.978	7.617	763.861	136.970	0	757	129	0	14	18	0
65	65	65	24	16575	255	0	255	255	255	363.954	134.185	0	4.110	0.411	4.138	363.954	134.185	0	360	130	0	9	9	0
226	226	226	55	57630	255	0	255	255	255	1020.283	139.314	0	7.895	1.114	8.018	1020.284	139.314	0	1012	130	0	17	19	0
53	53	53	21	13515	255	0	255	255	255	800.679	135.585	0	3.663	0.264	3.662	800.679	135.585	0	797	132	0	8	8	0
89	89	89	27	22695	255	0	255	255	255	850.607	138.742	0	4.900	0.337	4.885	850.607	138.742	0	846	133	0	10	12	0
151	151	151	41	38505	255	0	255	255	255	480.000	140.232	0	6.497	1.196	6.916	480.000	140.232	0	472	134	0	17	14	0
142	142	142	38	36210	255	0	255	255	255	588.817	145.211	0	6.365	1.217	6.714	588.817	145.211	0	583	138	0	14	15	0
113	113	113	33	28815	255	0	255	255	255	1152.761	145.265	0	5.535	0.318	5.519	1152.762	145.265	0	1147	140	0	12	12	0
285	285	285	65	72675	255	0	255	255	255	840.386	150.723	0	8.973	2.767	9.821	840.387	150.723	0	829	141	0	22	22	0
105	105	105	31	26775	255	0	255	255	255	1330.571	148.057	0	5.403	0.659	5.510	1330.572	148.057	0	1325	142	0	12	12	0
873	873	873	650	222615	255	0	255	255	255	1428.946	340.853	0	94.382	54.306	93.343	1428.945	340.854	0	1412	142	0	33	378	0
155	155	155	39	39525	255	0	255	255	255	304.045	150.219	0	6.602	0.784	6.781	304.045	150.219	0	298	143	0	14	15	0
177	177	177	62	45135	255	0	255	255	255	421.124	153.390	0	7.625	3.455	7.892	421.124	153.390	0	408	144	0	22	19	0
66	66	66	25	16830	255	0	255	255	255	344.242	152.045	0	4.126	0.265	4.116	344.242	152.045	0	340	148	0	9	9	0
37	37	37	17	9435	255	0	255	255	255	1064.973	150.919	0	3.053	0.515	3.077	1064.973	150.919	0	1062	148	0	8	7	0
250	250	250	53	63750	255	0	255	255	255	769.360	161.152	0	8.457	1.765	8.537	769.361	161.152	0	759	151	0	20	19	0
233	233	233	46	59415	255	0	255	255	255	815.382	160.266	0	8.199	0.343	8.165	815.383	160.266	0	807	152	0	18	17	0
59	59	59	23	15045	255	0	255	255	255	272.559	157.051	0	3.879	0.306	3.954	272.559	157.051	0	269	153	0	8	9	0
251	251	251	53	64005	255	0	255	255	255	744.506	164.056	0	8.531	1.494	8.372	744.507	164.056	0	738	153	0	14	22	0
225	225	225	48	57375	255	0	255	255	255	241.636	165.387	0	8.050	1.264	7.758	241.636	165.387	0	232	157	0	21	16	0
123	123	123	37	31365	255	0	255	255	255	931.268	163.878	0	5.815	1.271	6.118	931.269	163.878	0	926	157	0	11	15	0
107	107	107	33	27285	255	0	255	255	255	529.037	164.738	0	5.404	1.133	5.734	529.037	164.738	0	524	158	0	11	14	0
179	179	179	45	45645	255	0	255	255	255	1324.045	163.754	0	7.197	1.618	7.278	1324.046	163.754	0	1315	158	0	19	13	0
73	73	73	26	18615	255	0	255	255	255	640.753	162.973	0	4.371	0.336	4.349	640.753	162.973	0	636	159	0	10	9	0
94	94	94	30	23970	255	0	255	255	255	363.532	164.957	0	5.067	0.915	5.319	363.532	164.957	0	358	160	0	13	11	0
251	251	251	66	64005	255	0	255	255	255	691.669	172.709	0	8.470	3.603	8.589	691.670	172.709	0	681	161	0	22	22	0
182	182	182	46	46410	255	0	255	255	255	1012.324	167.967	0	7.294	1.663	7.435	1012.325	167.967	0	1004	161	0	18	16	0
103	103	103	32	26265	255	0	255	255	255	656.388	169.068	0	5.276	0.930	5.397	656.388	169.068	0	650	165	0	14	9	0
288	288	288	64	73440	255	0	255	255	255	198.854	177.441	0	9.537	2.886	9.150	198.854	177.441	0	185	167	0	25	20	0
97	97	97	30	24735	255	0	255	255	255	177.629	173.567	0	5.113	0.590	5.188	177.629	173.567	0	172	169	0	12	11	0
123	123	123	34	31365	255	0	255	255	255	1305.894	174.203	0	5.860	0.924	5.834	1305.895	174.203	0	1299	169	0	15	11	0
157	157	157	41	40035	255	0	255	255	255	279.452	176.987	0	6.696	0.883	6.832	279.452	176.987	0	272	170	0	15	14	0
189	189	189	44	48195	255	0	255	255	255	643.069	180.413	0	7.299	0.447	7.366	643.069	180.413	0	635	173	0	17	16	0
106	106	106	31	27030	255	0	255	255	255	807.859	179.500	0	5.366	0.489	5.356	807.859	179.500	0	802	174	0	13	11	0
122	122	122	33	31110	255	0	255	255	255	121.246	183.533	0	5.787	0.405	5.779	121.246	183.533	0	115	178	0	13	12	0
76	76	76	27	19380	255	0	255	255	255	833.237	182.184	0	4.466	0.399	4.399	833.237	182.184	0	829	178	0	10	9	0
100	100	100	33	25500	255	0	255	255	255	897.120	184.230	0	5.192	1.223	5.572	897.120	184.230	0	893	178	0	9	14	0
153	153	153	37	39015	255	0	255	255	255	600.941	186.327	0	6.593	0.668	6.673	600.942	186.327	0	594	180	0	15	14	0
91	91	91	28	23205	255	0	255	255	255	923.956	185.253	0	4.948	0.367	5.031	923.956	185.253	0	919	180	0	11	12	0
181	181	181	43	46155	255	0	255	255	255	937.972	189.083	0	7.180	1.202	7.277	937.973	189.083	0	931	181	0	14	18	0
36	36	36	18	9180	255	0	255	255	255	331.417	186.306	0	3.013	0.706	2.921	331.417	186.306	0	328	184	0	8	6	0
75	75	75	26	19125	255	0	255	255	255	373.427	188.507	0	4.456	0.318	4.485	373.427	188.507	0	369	184	0	10	10	0
308	308	308	58	78540	255	0	255	255	255	573.354	192.461	0	9.546	2.044	9.561	573.355	192.461	0	561	185	0	26	16	0
68	68	68	30	17340	255	0	255	255	255	1304.735	191.632	0	4.218	1.221	4.605	1304.736	191.632	0	1300	187	0	11	11	0
103	103	103	32	26265	255	0	255	255	255	1291.194	192.447	0	5.282	0.727	5.325	1291.195	192.447	0	1285	188	0	14	10	0
174	174	174	43	44370	255	0	255	255	255	788.879	196.690	0	7.006	0.760	7.147	788.880	196.690	0	782	190	0	15	15	0
107	107	107	34	27285	255	0	255	255	255	851.486	195.280	0	5.487	1.185	5.586	851.486	195.280	0	845	190	0	14	11	0
157	157	157	38	40035	255	0	255	255	255	532.860	197.758	0	6.636	0.475	6.612	532.860	197.758	0	526	191	0	14	15	0
54	54	54	21	13770	255	0	255	255	255	240.685	196.278	0	3.710	0.278	3.736	240.685	196.278	0	237	192	0	8	9	0
87	87	87	31	22185	255	0	255	255	255	356.724	197.632	0	4.895	0.931	4.943	356.724	197.632	0	352	192	0	10	12	0
359	359	359	65	91545	255	0	255	255	255	457.223	203.462	0	10.536	2.333	10.338	457.224	203.462	0	445	194	0	25	22	0
24	24	24	13	6120	255	0	255	255	255	1114.917	198.917	0	2.355	0.342	2.276	1114.917	198.917	0	1112	197	0	7	5	0
168	168	168	43	42840	255	0	255	255	255	430.220	203.714	0	6.876	1.301	7.195	430.220	203.714	0	422	199	0	18	11	0
52	52	52	22	13260	255	0	255	255	255	503.615	202.154	0	3.628	0.540	3.666	503.615	202.154	0	500	199	0	9	7	0
217	217	217	59	55335	255	0	255	255	255	878.507	205.770	0	8.298	3.103	8.617	878.508	205.770	0	866	199	0	25	14	0
108	108	108	32	27540	255	0	255	255	255	44.741	205.519	0	5.512	1.145	5.756	44.741	205.519	0	38	200	0	14	12	0
62	62	62	23	15810	255	0	255	255	255	483.226	207.452	0	3.999	0.339	4.044	483.226	207.452	0	479	203	0	9	9	0
66	66	66	24	16830	255	0	255	255	255	979.500	208.152	0	4.160	0.450	4.156	979.500	208.152	0	975	204	0	10	9	0
154	154	154	38	39270	255	0	255	255	255	330.078	212.318	0	6.561	0.454	6.606	330.078	212.318	0	323	206	0	14	14	0
180	180	180	51	45900	255	0	255	255	255	821.500	213.172	0	7.752	2.822	7.673	821.501	213.172	0	812	206	0	22	16	0
61	61	61	26	15555	255	0	255	255	255	939.246	209.590	0	4.045	0.972	4.047	939.246	209.590	0	934	206	0	11	8	0
144	144	144	36	36720	255	0	255	255	255	1222.278	217.278	0	6.364	0.606	6.302	1222.279	217.278	0	1215	211	0	15	13	0
55	55	55	21	14025	255	0	255	255	255	1105.455	217.273	0	3.764	0.268	3.731	1105.455	217.273	0	1102	213	0	8	9	0
434	434	434	78	110670	255	0	255	255	255	774.793	225.065	0	11.732	3.673	11.739	774.794	225.065	0	758	216	0	34	18	0
373	373	373	68	95115	255	0	255	255	255	284.099	227.123	0	10.445	1.156	10.488	284.100	227.123	0	273	218	0	23	20	0
107	107	107	32	27285	255	0	255	255	255	316.944	224.065	0	5.557	1.215	5.845	316.944	224.065	0	310	218	0	14	13	0
72	72	72	27	18360	255	0	255	255	255	45.917	223.181	0	4.403	0.971	4.671	45.917	223.181	0	40	219	0	12	9	0
101	101	101	30	25755	255	0	255	255	255	343.030	224.178	0	5.225	0.306	5.172	343.030	224.178	0	338	219	0	12	11	0
74	74	74	25	18870	255	0	255	255	255	258.608	224.824	0	4.415	0.307	4.469	258.608	224.824	0	254	221	0	10	9	0
92	92	92	29	23460	255	0	255	255	255	1199.652	226.109	0	4.990	0.517	4.935	1199.653	226.109	0	1194	222	0	12	10	0
68	68	68	23	17340	255	0	255	255	255	805.721	228.706	0	4.245	0.328	4.290	805.721	228.706	0	801	224	0	10	10	0
71	71	71	25	18105	255	0	255	255	255	940.451	227.803	0	4.307	0.308	4.441	940.451	227.803	0	936	224	0	10	9	0
38	38	38	18	9690	255	0	255	255	255	954.316	226.816	0	3.027	0.283	3.025	954.316	226.816	0	951	224	0	7	7	0
415	415	415	82	105825	255	0	255	255	255	1240.060	238.157	0	11.676	2.888	11.355	1240.062	238.157	0	1229	225	0	24	32	0
105	105	105	31	26775	255	0	255	255	255	151.771	232.943	0	5.329	0.337	5.251	151.771	232.943	0	146	228	0	12	11	0
83	83	83	30	21165	255	0	255	255	255	94.169	238.048	0	4.877	1.465	5.212	94.169	238.048	0	89	233	0	12	11	0
851	851	851	153	217005	255	0	255	255	255	914.966	261.967	0	17.392	6.600	18.399	914.967	261.967	0	894	236	0	45	48	0
16	16	16	11	4080	255	0	255	255	255	1262.500	238.938	0	2.001	0.671	2.001	1262.500	238.938	0	1260	237	0	6	5	0
110	110	110	35	28050	255	0	255	255	255	190.509	242.309	0	5.468	1.086	5.813	190.509	242.309	0	184	238	0	14	10	0
135	135	135	37	34425	255	0	255	255	255	1096.548	248.489	0	6.107	0.720	6.012	1096.549	248.489	0	1091	242	0	12	15	0
136	136	136	35	34680	255	0	255	255	255	956.566	249.926	0	6.364	1.264	6.567	956.567	249.926	0	950	244	0	15	14	0
127	127	127	36	32385	255	0	255	255	255	876.465	251.535	0	5.888	0.861	6.339	876.465	251.535	0	872	245	0	10	14	0
55	55	55	22	14025	255	0	255	255	255	926.545	248.436	0	3.739	0.258	3.672	926.545	248.436	0	923	245	0	8	8	0
83	83	83	28	21165	255	0	255	255	255	52.566	252.120	0	4.690	0.838	4.885	52.566	252.120	0	47	248	0	12	9	0
52	52	52	21	13260	255	0	255	255	255	106.385	251.385	0	3.622	0.318	3.657	106.385	251.385	0	103	248	0	8	8	0
51	51	51	21	13005	255	0	255	255	255	1255.000	255.824	0	3.608	0.714	3.706	1255.000	255.824	0	1252	251	0	7	10	0
44	44	44	20	11220	255	0	255	255	255	979.909	255.932	0	3.326	0.803	3.534	979.909	255.932	0	977	252	0	7	9	0
177	177	177	45	45135	255	0	255	255	255	849.328	264.006	0	7.227	2.023	8.001	849.329	264.006	0	841	256	0	17	17	0
60	60	60	23	15300	255	0	255	255	255	1074.700	260.200	0	3.914	0.336	3.890	1074.700	260.200	0	1071	256	0	9	9	0
110	110	110	35	28050	255	0	255	255	255	747.609	265.782	0	5.452	1.152	5.862	747.609	265.782	0	743	259	0	10	14	0
406	406	406	91	103530	255	0	255	255	255	884.640	272.808	0	11.596	4.104	12.490	884.641	272.808	0	869	259	0	32	30	0
109	109	109	32	27795	255	0	255	255	255	789.716	267.872	0	5.437	0.745	5.566	789.716	267.872	0	785	261	0	10	14	0
934	934	934	169	238170	255	0	255	255	255	1229.430	284.722	0	16.135	6.833	16.775	1229.434	284.722	0	1207	262	0	50	41	0
81	81	81	33	20655	255	0	255	255	255	1200.321	266.815	0	4.770	1.513	4.687	1200.321	266.815	0	1193	263	0	15	8	0
46	46	46	19	11730	255	0	255	255	255	1263.804	267.326	0	3.418	0.440	3.460	1263.804	267.326	0	1260	264	0	8	8	0
87	87	87	27	22185	255	0	255	255	255	1128.506	269.644	0	4.830	0.337	4.796	1128.506	269.644	0	1124	265	0	11	10	0
174	174	174	43	44370	255	0	255	255	255	1156.879	275.006	0	7.035	1.107	7.161	1156.880	275.006	0	1151	267	0	13	18	0
75	75	75	25	19125	255	0	255	255	255	1081.480	272.400	0	4.453	0.423	4.498	1081.480	272.400	0	1077	268	0	10	10	0
341	341	341	62	86955	255	0	255	255	255	1044.721	279.798	0	10.019	1.532	9.993	1044.723	279.798	0	1034	271	0	24	19	0
93	93	93	29	23715	255	0	255	255	255	1108.688	285.312	0	5.145	0.918	5.321	1108.689	285.312	0	1104	280	0	11	12	0
272	272	272	59	69360	255	0	255	255	255	963.419	294.294	0	9.036	2.547	9.398	963.420	294.294	0	957	282	0	14	26	0
68	68	68	24	17340	255	0	255	255	255	811.074	286.559	0	4.223	0.463	4.151	811.074	286.559	0	806	283	0	11	9	0
45	45	45	21	11475	255	0	255	255	255	855.311	286.822	0	3.334	0.567	3.289	855.311	286.822	0	852	284	0	8	7	0
147	147	147	39	37485	255	0	255	255	255	737.776	290.218	0	6.424	1.167	6.611	737.776	290.218	0	730	285	0	17	11	0
94	94	94	29	23970	255	0	255	255	255	1162.968	290.840	0	5.055	0.438	5.072	1162.969	290.840	0	1158	286	0	11	11	0
81	81	81	26	20655	255	0	255	255	255	1188.864	294.457	0	4.650	0.299	4.625	1188.865	294.457	0	1184	290	0	11	10	0
97	97	97	30	24735	255	0	255	255	255	1201.856	295.258	0	5.138	0.561	5.266	1201.856	295.258	0	1196	290	0	12	12	0
10	10	10	8	2550	255	0	255	255	255	1133.000	292.800	0	1.341	0.278	1.281	1133.000	292.800	0	1132	291	0	3	4	0
127	127	127	34	32385	255	0	255	255	255	796.780	300.000	0	5.911	0.387	6.004	796.780	300.000	0	791	294	0	13	13	0
101	101	101	30	25755	255	0	255	255	255	945.168	304.525	0	5.241	0.408	5.251	945.169	304.525	0	940	299	0	11	12	0
44	44	44	20	11220	255	0	255	255	255	1004.409	301.932	0	3.308	0.358	3.284	1004.409	301.932	0	1001	299	0	8	7	0
230	230	230	48	58650	255	0	255	255	255	823.296	310.026	0	8.125	0.964	8.225	823.297	310.026	0	816	301	0	16	19	0
75	75	75	26	19125	255	0	255	255	255	1209.840	307.947	0	4.441	0.343	4.354	1209.840	307.947	0	1205	304	0	10	9	0
22	22	22	14	5610	255	0	255	255	255	1237.273	306.727	0	2.229	0.597	2.146	1237.273	306.727	0	1236	304	0	4	7	0
652	652	652	87	166260	255	0	255	255	255	1138.219	326.060	0	14.440	3.552	14.053	1138.220	326.060	0	1127	309	0	26	38	0
1748	1748	1748	229	445740	255	0	255	255	255	1221.736	342.999	0	22.430	7.316	23.264	1221.736	342.999	0	1194	310	0	54	68	0
32	32	32	17	8160	255	0	255	255	255	1260.531	313.156	0	2.756	0.476	2.783	1260.531	313.156	0	1258	310	0	6	7	0
63	63	63	24	16065	255	0	255	255	255	1117.302	319.016	0	4.029	0.422	4.036	1117.302	319.016	0	1113	315	0	9	9	0
221	221	221	50	56355	255	0	255	255	255	805.018	323.258	0	8.064	1.470	8.019	805.019	323.258	0	794	316	0	21	14	0
74	74	74	29	18870	255	0	255	255	255	1100.649	324.730	0	4.448	1.100	4.575	1100.649	324.730	0	1097	319	0	8	12	0
386	386	386	82	98430	255	0	255	255	255	1177.264	335.269	0	10.957	3.510	10.750	1177.265	335.270	0	1169	319	0	20	32	0
90	90	90	29	22950	255	0	255	255	255	708.056	323.967	0	4.923	0.811	4.976	708.056	323.967	0	702	320	0	13	9	0
67	67	67	24	17085	255	0	255	255	255	1012.433	330.090	0	4.195	0.390	4.131	1012.433	330.090	0	1008	326	0	10	9	0
143	143	143	48	36465	255	0	255	255	255	974.343	337.895	0	6.671	1.746	6.452	974.344	337.895	0	967	329	0	15	17	0
81	81	81	29	20655	255	0	255	255	255	782.580	337.654	0	4.652	0.820	4.719	782.580	337.654	0	777	334	0	12	9	0
199	199	199	46	50745	255	0	255	255	255	1258.196	348.196	0	7.583	1.333	7.529	1258.197	348.196	0	1251	338	0	14	20	0
86	86	86	28	21930	255	0	255	255	255	737.837	347.488	0	4.829	0.632	4.856	737.837	347.488	0	733	343	0	11	10	0
385	385	385	79	98175	255	0	255	255	255	977.548	363.286	0	11.462	3.842	11.246	977.549	363.286	0	970	346	0	17	36	0
68	68	68	25	17340	255	0	255	255	255	680.412	350.338	0	4.194	0.479	4.283	680.412	350.338	0	676	347	0	10	8	0
141	141	141	37	35955	255	0	255	255	255	1157.220	360.220	0	6.278	0.725	6.133	1157.221	360.220	0	1152	353	0	12	15	0
89	89	89	31	22695	255	0	255	255	255	716.876	361.708	0	4.856	0.877	5.086	716.876	361.708	0	713	356	0	9	12	0
102	102	102	31	26010	255	0	255	255	255	1010.216	362.069	0	5.306	0.783	5.298	1010.216	362.069	0	1004	357	0	13	11	0
118	118	118	32	30090	255	0	255	255	255	1100.712	362.525	0	5.729	0.610	5.678	1100.713	362.525	0	1095	357	0	13	12	0
405	405	405	77	103275	255	0	255	255	255	1200.156	374.706	0	11.382	3.800	11.147	1200.157	374.706	0	1193	358	0	15	34	0
378	378	378	69	96390	255	0	255	255	255	683.614	373.421	0	10.766	2.605	10.923	683.615	373.421	0	668	366	0	29	17	0
1385	1385	1385	149	353175	255	0	255	255	255	1115.507	392.331	0	20.765	4.278	20.044	1115.508	392.332	0	1092	366	0	47	50	0
192	192	192	57	48960	255	0	255	255	255	1151.917	382.156	0	8.345	3.085	8.158	1151.917	382.156	0	1145	369	0	15	24	0
194	194	194	45	49470	255	0	255	255	255	1222.242	385.464	0	7.481	1.136	7.174	1222.243	385.464	0	1216	377	0	14	18	0
212	212	212	45	54060	255	0	255	255	255	751.193	390.439	0	7.851	1.025	7.755	751.194	390.439	0	744	382	0	15	18	0
115	115	115	32	29325	255	0	255	255	255	999.278	387.191	0	5.606	0.318	5.637	999.279	387.191	0	994	382	0	12	12	0
98	98	98	32	24990	255	0	255	255	255	1245.653	388.939	0	5.139	0.544	5.188	1245.654	388.939	0	1241	383	0	11	12	0
325	325	325	66	82875	255	0	255	255	255	972.665	396.317	0	9.871	2.488	10.410	972.666	396.317	0	962	388	0	26	19	0
30	30	30	16	7650	255	0	255	255	255	1168.300	395.667	0	2.732	0.641	2.720	1168.300	395.667	0	1166	393	0	6	7	0
76	76	76	25	19380	255	0	255	255	255	1256.434	398.579	0	4.496	0.302	4.472	1256.435	398.579	0	1252	394	0	10	10	0
264	264	264	74	67320	255	0	255	255	255	1043.818	409.568	0	9.693	4.792	9.623	1043.819	409.568	0	1031	395	0	26	28	0
103	103	103	32	26265	255	0	255	255	255	697.078	400.767	0	5.340	0.787	5.213	697.078	400.767	0	692	396	0	12	11	0
69	69	69	26	17595	255	0	255	255	255	735.000	399.855	0	4.232	0.828	4.346	735.000	399.855	0	730	397	0	11	7	0
84	84	84	27	21420	255	0	255	255	255	1069.012	406.583	0	4.734	0.295	4.689	1069.012	406.583	0	1064	402	0	11	10	0
90	90	90	30	22950	255	0	255	255	255	1174.233	407.567	0	4.912	0.712	4.983	1174.234	407.567	0	1170	402	0	9	12	0
119	119	119	35	30345	255	0	255	255	255	1009.109	409.454	0	5.782	1.401	6.254	1009.110	409.454	0	1002	404	0	15	12	0
412	412	412	65	105060	255	0	255	255	255	1207.114	416.867	0	11.048	1.213	11.230	1207.115	416.867	0	1196	404	0	22	26	0
159	159	159	52	40545	255	0	255	255	255	656.164	416.088	0	6.850	3.146	7.395	656.164	416.088	0	646	409	0	21	15	0
77	77	77	26	19635	255	0	255	255	255	985.351	413.429	0	4.515	0.338	4.528	985.351	413.429	0	981	409	0	10	10	0
140	140	140	40	35700	255	0	255	255	255	709.429	417.379	0	6.386	1.453	6.579	709.429	417.379	0	703	411	0	15	15	0
407	407	407	66	103785	255	0	255	255	255	954.929	424.752	0	10.976	1.405	11.119	954.930	424.752	0	943	412	0	24	24	0
73	73	73	26	18615	255	0	255	255	255	1246.671	421.849	0	4.421	0.572	4.443	1246.672	421.849	0	1242	418	0	10	9	0
60	60	60	24	15300	255	0	255	255	255	1272.133	423.250	0	3.941	0.672	3.887	1272.133	423.250	0	1269	419	0	7	10	0
989	989	989	138	252195	255	0	255	255	255	1162.816	443.267	0	17.951	5.980	17.374	1162.816	443.267	0	1138	422	0	44	47	0
138	138	138	38	35190	255	0	255	255	255	647.449	432.174	0	6.195	1.158	6.138	647.450	432.174	0	640	427	0	16	11	0
258	258	258	50	65790	255	0	255	255	255	1083.496	444.109	0	8.699	0.746	8.737	1083.497	444.108	0	1075	435	0	18	20	0
149	149	149	39	37995	255	0	255	255	255	1211.846	446.993	0	6.446	1.070	6.529	1211.847	446.993	0	1206	439	0	12	17	0
125	125	125	38	31875	255	0	255	255	255	1249.376	449.160	0	5.954	1.393	6.214	1249.377	449.160	0	1244	442	0	12	15	0
129	129	129	35	32895	255	0	255	255	255	708.457	449.388	0	5.975	0.909	5.922	708.458	449.388	0	702	444	0	15	11	0
320	320	320	66	81600	255	0	255	255	255	989.675	455.288	0	9.851	2.608	9.808	989.676	455.288	0	979	445	0	23	23	0
168	168	168	39	42840	255	0	255	255	255	916.226	460.667	0	6.957	1.210	7.029	916.227	460.667	0	910	452	0	14	18	0
210	210	210	48	53550	255	0	255	255	255	1276.786	464.533	0	7.800	1.483	7.689	1276.787	464.534	0	1271	455	0	13	20	0
70	70	70	25	17850	255	0	255	255	255	1311.529	464.171	0	4.280	0.581	4.205	1311.529	464.171	0	1307	459	0	9	11	0
83	83	83	30	21165	255	0	255	255	255	1067.000	465.374	0	4.732	0.794	4.500	1067.000	465.374	0	1062	461	0	11	10	0
184	184	184	45	46920	255	0	255	255	255	687.152	472.592	0	7.268	1.089	7.456	687.153	472.592	0	678	464	0	17	17	0
18	18	18	12	4590	255	0	255	255	255	1348.056	468.944	0	2.006	0.511	2.109	1348.056	468.944	0	1346	467	0	5	6	0
27	27	27	15	6885	255	0	255	255	255	973.593	474.259	0	2.478	0.403	2.519	973.593	474.259	0	971	472	0	6	6	0
500	500	500	95	127500	255	0	255	255	255	1207.396	484.328	0	12.196	3.409	11.826	1207.398	484.328	0	1192	472	0	33	26	0
386	386	386	86	98430	255	0	255	255	255	946.539	488.891	0	11.070	4.387	10.577	946.540	488.891	0	937	474	0	19	34	0
84	84	84	29	21420	255	0	255	255	255	653.429	481.607	0	4.707	0.309	4.642	653.429	481.607	0	649	477	0	10	10	0
505	505	505	94	128775	255	0	255	255	255	1020.552	498.479	0	13.280	5.370	14.362	1020.553	498.479	0	1007	479	0	28	40	0
148	148	148	38	37740	255	0	255	255	255	1359.764	485.318	0	6.464	0.776	6.613	1359.765	485.317	0	1353	479	0	15	14	0
496	496	496	74	126480	255	0	255	255	255	893.661	494.466	0	12.237	2.422	12.221	893.663	494.466	0	879	485	0	32	20	0
440	440	440	84	112200	255	0	255	255	255	979.552	500.177	0	11.787	4.448	12.352	979.554	500.177	0	968	485	0	23	33	0
120	120	120	36	30600	255	0	255	255	255	633.758	492.650	0	5.786	1.346	6.080	633.758	492.650	0	629	486	0	11	15	0
64	64	64	23	16320	255	0	255	255	255	1275.906	492.828	0	4.078	0.307	4.097	1275.906	492.828	0	1272	489	0	9	9	0
274	274	274	61	69870	255	0	255	255	255	1253.474	511.748	0	8.850	2.551	9.387	1253.476	511.748	0	1242	503	0	25	18	0
106	106	106	31	27030	255	0	255	255	255	1000.132	513.792	0	5.485	0.872	5.345	1000.133	513.792	0	995	507	0	11	14	0
119	119	119	34	30345	255	0	255	255	255	1278.429	517.613	0	5.720	0.830	5.831	1278.430	517.613	0	1272	513	0	14	11	0
411	411	411	74	104805	255	0	255	255	255	1321.316	527.735	0	11.491	3.146	11.253	1321.318	527.735	0	1309	513	0	25	29	0
156	156	156	41	39780	255	0	255	255	255	626.801	521.526	0	6.663	1.419	6.970	626.802	521.526	0	619	515	0	17	14	0
145	145	145	38	36975	255	0	255	255	255	863.097	524.317	0	6.415	0.659	6.321	863.097	524.317	0	857	518	0	13	14	0
209	209	209	56	53295	255	0	255	255	255	1349.584	523.349	0	8.318	2.816	7.906	1349.585	523.349	0	1338	519	0	26	11	0
211	211	211	52	53805	255	0	255	255	255	906.915	527.038	0	7.960	2.276	8.399	906.916	527.038	0	897	520	0	22	15	0
87	87	87	27	22185	255	0	255	255	255	608.126	525.379	0	4.837	0.313	4.784	608.126	525.379	0	603	521	0	11	10	0
74	74	74	73	18870	255	0	255	255	255	1446.027	547.203	0	10.201	6.576	9.260	1446.028	547.203	0	1445	522	0	3	45	0
264	264	264	69	67320	255	0	255	255	255	1290.977	537.099	0	9.286	2.854	9.130	1290.978	537.099	0	1282	524	0	20	25	0
89	89	89	29	22695	255	0	255	255	255	936.584	535.449	0	4.954	0.893	5.146	936.584	535.449	0	931	531	0	12	10	0
319	319	319	55	81345	255	0	255	255	255	873.843	541.909	0	9.687	0.858	9.703	873.844	541.909	0	864	532	0	21	22	0
98	98	98	32	24990	255	0	255	255	255	991.612	537.408	0	5.176	1.276	5.421	991.613	537.408	0	985	533	0	14	10	0
317	317	317	72	80835	255	0	255	255	255	1363.685	539.397	0	10.350	3.844	10.413	1363.686	539.397	0	1349	533	0	32	14	0
126	126	126	33	32130	255	0	255	255	255	837.619	541.143	0	5.896	0.313	5.918	837.620	541.143	0	832	535	0	12	13	0
76	76	76	29	19380	255	0	255	255	255	1308.000	542.816	0	4.514	0.843	4.308	1308.000	542.816	0	1303	539	0	12	9	0
85	85	85	29	21675	255	0	255	255	255	608.671	547.071	0	4.771	0.765	4.751	608.671	547.071	0	603	543	0	12	9	0
131	131	131	36	33405	255	0	255	255	255	898.924	551.901	0	6.107	1.188	6.242	898.924	551.901	0	892	546	0	15	12	0
228	228	228	52	58140	255	0	255	255	255	1318.583	558.162	0	8.261	2.024	8.582	1318.585	558.162	0	1311	547	0	16	23	0
208	208	208	57	53040	255	0	255	255	255	961.014	558.745	0	8.217	3.366	8.469	961.015	558.745	0	948	554	0	26	12	0
63	63	63	26	16065	255	0	255	255	255	1385.143	562.444	0	4.078	0.974	4.155	1385.143	562.444	0	1380	559	0	11	8	0
113	113	113	34	28815	255	0	255	255	255	650.000	566.398	0	5.574	0.875	5.724	650.000	566.398	0	645	560	0	11	14	0
109	109	109	32	27795	255	0	255	255	255	809.294	566.954	0	5.492	0.659	5.508	809.294	566.954	0	804	561	0	12	13	0
55	55	55	21	14025	255	0	255	255	255	869.255	570.327	0	3.755	0.325	3.757	869.255	570.327	0	865	567	0	9	8	0
312	312	312	59	79560	255	0	255	255	255	1399.266	577.596	0	9.483	0.939	9.752	1399.267	577.596	0	1389	568	0	21	20	0
479	479	479	72	122145	255	0	255	255	255	848.612	581.898	0	11.887	1.147	12.292	848.613	581.897	0	836	571	0	27	24	0
95	95	95	32	24225	255	0	255	255	255	911.042	575.421	0	5.141	1.352	5.409	911.042	575.421	0	905	571	0	14	10	0
695	695	695	99	177225	255	0	255	255	255	790.561	602.327	0	14.899	4.595	14.899	790.562	602.327	0	771	587	0	38	33	0
386	386	386	75	98430	255	0	255	255	255	572.655	610.565	0	11.399	3.561	11.454	572.657	610.565	0	560	595	0	25	28	0
84	84	84	29	21420	255	0	255	255	255	923.595	601.262	0	4.724	0.573	4.715	923.596	601.262	0	918	597	0	11	10	0
33	33	33	31	8415	255	0	255	255	255	1450.667	606.515	0	3.965	2.250	3.578	1450.667	606.515	0	1450	598	0	3	16	0
111	111	111	33	28305	255	0	255	255	255	908.910	605.748	0	5.516	0.666	5.547	908.910	605.748	0	903	601	0	13	11	0
1580	1580	1580	251	402900	255	0	255	255	255	815.662	630.084	0	25.902	11.753	25.525	815.662	630.086	0	767	602	0	89	49	0
2683	2683	2683	2014	684165	255	0	255	255	255	1282.656	983.507	0	240.877	96.135	220.092	1282.661	983.500	0	801	617	0	691	475	0
189	189	189	52	48195	255	0	255	255	255	877.016	638.741	0	7.271	1.550	7.470	877.017	638.741	0	868	631	0	18	15	0
95	95	95	30	24225	255	0	255	255	255	744.884	648.474	0	5.031	0.335	5.049	744.884	648.474	0	740	644	0	11	10	0
119	119	119	33	30345	255	0	255	255	255	731.395	654.513	0	5.749	0.842	5.799	731.395	654.512	0	725	649	0	14	12	0
72	72	72	24	18360	255	0	255	255	255	764.667	655.500	0	4.370	0.262	4.419	764.667	655.500	0	760	651	0	10	10	0
73	73	73	25	18615	255	0	255	255	255	844.233	656.890	0	4.373	0.281	4.325	844.233	656.890	0	840	653	0	10	9	0
91	91	91	28	23205	255	0	255	255	255	717.835	666.582	0	4.963	0.320	4.910	717.835	666.582	0	713	662	0	11	11	0
90	90	90	29	22950	255	0	255	255	255	706.267	673.444	0	4.896	0.341	4.874	706.267	673.444	0	701	669	0	11	10	0
101	101	101	31	25755	255	0	255	255	255	720.148	684.931	0	5.247	0.615	5.145	720.149	684.931	0	714	680	0	13	11	0
127	127	127	35	32385	255	0	255	255	255	779.953	686.685	0	5.925	0.494	6.055	779.953	686.685	0	774	681	0	13	13	0
82	82	82	27	20910	255	0	255	255	255	686.244	693.598	0	4.670	0.332	4.659	686.244	693.598	0	681	689	0	11	10	0
97	97	97	29	24735	255	0	255	255	255	814.124	701.351	0	5.118	0.336	5.136	814.124	701.350	0	809	696	0	11	12	0
102	102	102	34	26010	255	0	255	255	255	763.775	702.078	0	5.257	1.487	5.705	763.775	702.078	0	757	697	0	15	11	0
377	377	377	68	96135	255	0	255	255	255	711.602	706.825	0	10.792	2.527	10.584	711.603	706.825	0	698	698	0	28	20	0
22	22	22	13	5610	255	0	255	255	255	675.000	706.000	0	2.223	0.385	2.236	675.000	706.000	0	673	704	0	6	5	0
310	310	310	71	79050	255	0	255	255	255	659.842	722.871	0	9.818	3.903	10.364	659.843	722.871	0	646	711	0	27	24	0
240	240	240	55	61200	255	0	255	255	255	510.096	720.379	0	8.523	2.448	8.596	510.097	720.379	0	499	712	0	23	17	0
71	71	71	29	18105	255	0	255	255	255	763.296	720.718	0	4.324	0.688	4.292	763.296	720.718	0	759	716	0	9	10	0
59	59	59	22	15045	255	0	255	255	255	791.542	719.559	0	3.915	0.430	3.782	791.542	719.559	0	787	716	0	10	8	0
444	444	444	70	113220	255	0	255	255	255	735.099	728.252	0	11.537	1.317	11.388	735.100	728.253	0	724	717	0	26	24	0
68	68	68	25	17340	255	0	255	255	255	543.618	734.265	0	4.202	0.410	4.268	543.618	734.265	0	539	730	0	10	10	0
93	93	93	29	23715	255	0	255	255	255	490.613	740.215	0	5.012	0.536	4.844	490.613	740.215	0	486	735	0	10	12	0
80	80	80	26	20400	255	0	255	255	255	645.125	745.150	0	4.683	0.696	4.903	645.125	745.150	0	640	740	0	11	11	0
244	244	244	49	62220	255	0	255	255	255	630.832	758.086	0	8.425	1.232	8.685	630.833	758.087	0	621	750	0	20	17	0
137	137	137	36	34935	255	0	255	255	255	481.839	757.723	0	6.211	0.770	6.329	481.839	757.723	0	476	751	0	13	15	0
107	107	107	35	27285	255	0	255	255	255	1323.374	756.738	0	5.530	1.513	5.881	1323.375	756.738	0	1317	751	0	14	13	0
50	50	50	20	12750	255	0	255	255	255	1335.220	757.840	0	3.555	0.304	3.563	1335.220	757.840	0	1332	754	0	8	8	0
75	75	75	25	19125	255	0	255	255	255	674.880	763.640	0	4.449	0.297	4.448	674.880	763.640	0	671	759	0	9	10	0
88	88	88	28	22440	255	0	255	255	255	704.364	767.261	0	4.911	0.669	4.981	704.364	767.261	0	699	762	0	12	11	0
213	213	213	51	54315	255	0	255	255	255	643.390	772.291	0	8.054	2.326	8.446	643.391	772.291	0	635	763	0	19	20	0
109	109	109	31	27795	255	0	255	255	255	472.018	771.183	0	5.482	0.597	5.473	472.018	771.183	0	467	765	0	11	13	0
503	503	503	108	128265	255	0	255	255	255	611.555	780.483	0	12.436	4.003	12.194	611.556	780.483	0	599	765	0	25	35	0
98	98	98	30	24990	255	0	255	255	255	456.990	782.367	0	5.123	0.318	5.184	456.990	782.367	0	452	777	0	11	11	0
71	71	71	24	18105	255	0	255	255	255	708.437	783.972	0	4.339	0.303	4.299	708.437	783.972	0	704	780	0	10	9	0
196	196	196	44	49980	255	0	255	255	255	446.954	796.673	0	7.467	0.644	7.559	446.954	796.674	0	440	789	0	15	17	0
37	37	37	18	9435	255	0	255	255	255	589.135	792.297	0	2.995	0.499	3.038	589.135	792.297	0	586	789	0	7	7	0
120	120	120	35	30600	255	0	255	255	255	682.742	795.892	0	5.851	1.529	5.848	682.742	795.891	0	675	791	0	16	11	0
276	276	276	59	70380	255	0	255	255	255	633.870	809.043	0	9.142	2.285	9.403	633.870	809.043	0	623	799	0	22	22	0
82	82	82	28	20910	255	0	255	255	255	656.695	804.171	0	4.773	0.936	4.859	656.695	804.171	0	652	799	0	11	11	0
98	98	98	30	24990	255	0	255	255	255	606.827	808.786	0	5.139	0.596	5.237	606.827	808.786	0	602	803	0	10	12	0
100	100	100	30	25500	255	0	255	255	255	451.830	814.350	0	5.213	0.395	5.196	451.830	814.350	0	447	809	0	11	12	0
433	433	433	72	110415	255	0	255	255	255	431.704	823.095	0	11.377	1.875	11.520	431.706	823.094	0	420	810	0	23	27	0
534	534	534	81	136170	255	0	255	255	255	471.640	828.305	0	12.869	3.106	12.912	471.642	828.306	0	460	812	0	25	33	0
252	252	252	51	64260	255	0	255	255	255	589.325	822.885	0	8.543	0.894	8.400	589.326	822.885	0	581	814	0	17	20	0
83	83	83	28	21165	255	0	255	255	255	555.687	822.747	0	4.679	0.315	4.674	555.687	822.747	0	551	818	0	10	11	0
181	181	181	48	46155	255	0	255	255	255	616.387	830.392	0	7.254	2.184	7.812	616.387	830.392	0	610	821	0	13	21	0
88	88	88	31	22440	255	0	255	255	255	652.295	835.943	0	4.847	0.858	4.822	652.295	835.943	0	647	832	0	12	9	0
153	153	153	40	39015	255	0	255	255	255	560.745	840.523	0	6.621	1.249	6.910	560.745	840.523	0	554	834	0	15	15	0
94	94	94	29	23970	255	0	255	255	255	427.660	847.181	0	5.156	0.841	5.223	427.660	847.180	0	422	842	0	12	11	0
219	219	219	49	55845	255	0	255	255	255	595.210	856.411	0	7.931	1.204	7.925	595.211	856.411	0	588	848	0	17	19	0
147	147	147	39	37485	255	0	255	255	255	510.259	866.449	0	6.430	1.014	6.671	510.259	866.449	0	503	860	0	15	14	0
829	829	829	127	211395	255	0	255	255	255	554.706	876.671	0	16.554	6.638	16.308	554.707	876.671	0	535	861	0	45	38	0
112	112	112	32	28560	255	0	255	255	255	496.250	883.830	0	5.556	0.574	5.418	496.250	883.830	0	491	878	0	12	12	0
81	81	81	26	20655	255	0	255	255	255	601.111	883.518	0	4.647	0.288	4.625	601.111	883.518	0	596	879	0	11	10	0
83	83	83	28	21165	255	0	255	255	255	584.506	892.747	0	4.756	0.767	4.594	584.506	892.747	0	579	889	0	12	9	0
95	95	95	30	24225	255	0	255	255	255	484.442	897.232	0	5.086	0.614	4.976	484.442	897.232	0	480	892	0	10	12	0
147	147	147	44	37485	255	0	255	255	255	550.742	914.170	0	6.802	2.308	7.001	550.742	914.170	0	543	905	0	16	18	0
139	139	139	41	35445	255	0	255	255	255	501.129	913.986	0	6.290	1.575	6.496	501.130	913.986	0	493	910	0	17	9	0
112	112	112	33	28560	255	0	255	255	255	452.268	931.277	0	5.562	0.595	5.427	452.268	931.277	0	447	926	0	12	12	0
192	192	192	44	48960	255	0	255	255	255	531.203	934.766	0	7.368	0.649	7.435	531.204	934.766	0	524	927	0	15	17	0
113	113	113	36	28815	255	0	255	255	255	437.080	940.885	0	5.628	1.015	5.903	437.080	940.885	0	430	935	0	14	12	0
819	819	819	95	208845	255	0	255	255	255	408.410	970.336	0	15.835	2.070	15.778	408.412	970.337	0	391	952	0	33	36	0
314	314	314	68	80070	255	0	255	255	255	447.401	970.506	0	10.286	3.513	9.826	447.402	970.506	0	440	956	0	17	31	0
68	68	68	25	17340	255	0	255	255	255	458.618	987.103	0	4.232	0.684	4.410	458.618	987.103	0	454	983	0	10	9	0
73	73	73	27	18615	255	0	255	255	255	430.096	1002.096	0	4.348	0.317	4.245	430.096	1002.096	0	426	998	0	9	9	0
177	177	177	45	45135	255	0	255	255	255	376.305	1013.249	0	7.317	1.905	7.444	376.305	1013.249	0	367	1005	0	18	16	0
155	155	155	41	39525	255	0	255	255	255	427.606	1016.323	0	6.580	0.740	6.614	427.606	1016.322	0	422	1009	0	13	16	0
59	59	59	24	15045	255	0	255	255	255	332.542	1026.271	0	3.889	0.422	3.766	332.542	1026.271	0	329	1022	0	8	9	0
198	198	198	145	50490	255	0	255	255	255	765.313	1062.495	0	19.069	11.916	18.320	765.314	1062.494	0	717	1060	0	83	5	0
