Volume (pixel^3)	Surface (pixel^2)	Nb of obj. voxels	Nb of surf. voxels	IntDen	Mean	StdDev	Median	Min	Max	X	Y	Z	Mean dist. to surf. (pixel)	SD dist. to surf. (pixel)	Median dist. to surf. (pixel)	XM	YM	ZM	BX	BY	BZ	B-width	B-height	B-depth
4677	4677	4677	4132	1192635	255	0	255	255	255	451.343	150.743	0	478.335	218.639	457.634	451.360	150.743	0	7	0	0	1432	776	0
403	403	403	83	102765	255	0	255	255	255	1005.876	22.057	0	11.493	4.507	12.640	1005.878	22.057	0	993	6	0	27	33	0
14	14	14	12	3570	255	0	255	255	255	1441.929	8.286	0	1.705	0.595	1.768	1441.929	8.286	0	1440	7	0	5	4	0
124	124	124	33	31620	255	0	255	255	255	1070.121	16.790	0	5.855	0.502	5.857	1070.122	16.790	0	1065	10	0	12	14	0
638	638	638	480	162690	255	0	255	255	255	1440.566	156.812	0	74.815	39.131	74.041	1440.565	156.812	0	1436	13	0	9	306	0
317	317	317	72	80835	255	0	255	255	255	1054.139	31.013	0	10.498	3.341	10.055	1054.140	31.013	0	1037	23	0	30	16	0
55	55	55	23	14025	255	0	255	255	255	985.527	33.127	0	3.723	0.379	3.703	985.527	33.127	0	982	30	0	8	8	0
706	706	706	113	180030	255	0	255	255	255	1058.531	58.511	0	14.032	3.838	14.747	1058.533	58.511	0	1042	43	0	35	30	0
68	68	68	24	17340	255	0	255	255	255	1002.765	53.500	0	4.211	0.295	4.209	1002.765	53.500	0	999	49	0	9	10	0
1203	1203	1203	126	306765	255	0	255	255	255	992.061	89.958	0	19.325	3.741	19.992	992.062	89.958	0	976	66	0	32	50	0
34	34	34	17	8670	255	0	255	255	255	1033.235	79.824	0	2.856	0.347	2.885	1033.235	79.824	0	1031	77	0	6	7	0
96	96	96	31	24480	255	0	255	255	255	1069.708	89.188	0	5.093	0.624	5.037	1069.709	89.188	0	1064	85	0	12	10	0
21	21	21	13	5355	255	0	255	255	255	1045.952	92.810	0	2.134	0.285	2.114	1045.952	92.810	0	1044	91	0	5	5	0
263	263	263	54	67065	255	0	255	255	255	1034.038	102.928	0	8.707	1.237	8.971	1034.039	102.928	0	1024	94	0	20	17	0
68	68	68	24	17340	255	0	255	255	255	1054.529	109.338	0	4.215	0.378	4.299	1054.529	109.338	0	1050	105	0	10	9	0
237	237	237	60	60435	255	0	255	255	255	1017.540	125.861	0	8.780	3.427	8.811	1017.541	125.861	0	1004	119	0	27	17	0
92	92	92	30	23460	255	0	255	255	255	1038.663	144.293	0	5.080	1.196	5.320	1038.664	144.293	0	1034	138	0	11	13	0
37	37	37	18	9435	255	0	255	255	255	1068.432	146.946	0	2.970	0.315	3.042	1068.432	146.946	0	1066	144	0	6	7	0
177	177	177	43	45135	255	0	255	255	255	979.249	156.531	0	7.055	1.074	7.322	979.250	156.531	0	974	148	0	12	18	0
141	141	141	39	35955	255	0	255	255	255	991.617	160.355	0	6.441	1.736	6.557	991.618	160.355	0	986	152	0	12	18	0
19	19	19	13	4845	255	0	255	255	255	1029.105	162.421	0	1.989	0.340	1.941	1029.105	162.421	0	1027	161	0	5	4	0
699	699	699	104	178245	255	0	255	255	255	1058.079	174.160	0	14.128	2.772	14.192	1058.078	174.160	0	1041	161	0	34	28	0
553	553	553	116	141015	255	0	255	255	255	1002.183	182.154	0	12.373	2.830	12.864	1002.184	182.154	0	987	165	0	28	33	0
87	87	87	30	22185	255	0	255	255	255	1038.874	183.770	0	4.856	1.045	4.971	1038.874	183.770	0	1033	180	0	13	9	0
72	72	72	25	18360	255	0	255	255	255	977.139	188.611	0	4.367	0.421	4.366	977.139	188.611	0	973	184	0	9	10	0
14	14	14	10	3570	255	0	255	255	255	1023.286	210.500	0	1.666	0.217	1.661	1023.286	210.500	0	1022	209	0	4	4	0
646	646	646	105	164730	255	0	255	255	255	1048.639	225.810	0	14.747	5.017	14.973	1048.641	225.810	0	1026	215	0	47	22	0
65	65	65	25	16575	255	0	255	255	255	977.723	228.015	0	4.101	0.469	4.080	977.723	228.015	0	974	224	0	9	9	0
121	121	121	35	30855	255	0	255	255	255	977.149	242.876	0	5.893	1.335	6.126	977.150	242.876	0	971	237	0	14	14	0
79	79	79	29	20145	255	0	255	255	255	1001.962	241.848	0	4.758	1.233	5.040	1001.962	241.848	0	996	237	0	12	11	0
9860	9860	9860	919	2514300	255	0	255	255	255	828.398	367.668	0	70.166	29.191	73.750	828.402	367.674	0	796	238	0	69	244	0
32	32	32	16	8160	255	0	255	255	255	1014.781	241.781	0	2.777	0.417	2.818	1014.781	241.781	0	1012	239	0	7	6	0
851	851	851	127	217005	255	0	255	255	255	1050.638	259.140	0	16.671	4.593	15.897	1050.640	259.140	0	1031	242	0	39	43	0
147	147	147	38	37485	255	0	255	255	255	860.197	256.857	0	6.515	1.021	6.814	860.198	256.857	0	854	250	0	14	15	0
565	565	565	123	144075	255	0	255	255	255	983.450	285.478	0	15.239	7.129	15.449	983.450	285.478	0	967	259	0	32	47	0
200	200	200	45	51000	255	0	255	255	255	1017.395	268.160	0	7.596	1.303	7.618	1017.396	268.160	0	1011	259	0	14	19	0
30	30	30	15	7650	255	0	255	255	255	978.467	268.700	0	2.671	0.337	2.728	978.467	268.700	0	976	266	0	6	7	0
577	577	577	102	147135	255	0	255	255	255	1009.934	303.452	0	14.397	5.043	13.708	1009.934	303.452	0	996	284	0	29	42	0
266	266	266	53	67830	255	0	255	255	255	1057.414	308.827	0	8.832	1.244	8.779	1057.415	308.827	0	1049	298	0	18	21	0
41	41	41	19	10455	255	0	255	255	255	980.537	316.585	0	3.171	0.466	3.008	980.537	316.585	0	978	313	0	6	8	0
229	229	229	57	58395	255	0	255	255	255	1016.035	326.607	0	8.100	2.382	8.187	1016.036	326.607	0	1007	320	0	21	16	0
303	303	303	226	77265	255	0	255	255	255	1434.442	374.399	0	32.432	22.158	28.540	1434.444	374.400	0	1432	320	0	5	143	0
139	139	139	40	35445	255	0	255	255	255	648.734	328.194	0	6.254	0.885	6.113	648.734	328.194	0	641	322	0	16	13	0
195	195	195	50	49725	255	0	255	255	255	1053.759	347.918	0	7.424	1.049	7.443	1053.760	347.918	0	1046	341	0	16	15	0
204	204	204	48	52020	255	0	255	255	255	1019.892	354.686	0	7.582	1.264	7.890	1019.893	354.686	0	1013	347	0	14	18	0
39	39	39	17	9945	255	0	255	255	255	997.590	353.051	0	3.170	0.419	3.108	997.590	353.051	0	994	350	0	8	7	0
590	590	590	97	150450	255	0	255	255	255	972.402	371.495	0	14.182	4.435	14.179	972.405	371.495	0	961	353	0	26	40	0
475	475	475	88	121125	255	0	255	255	255	1021.749	377.059	0	12.033	3.708	11.878	1021.751	377.059	0	1006	364	0	31	26	0
291	291	291	72	74205	255	0	255	255	255	1057.921	398.619	0	10.322	4.139	9.950	1057.922	398.619	0	1052	380	0	12	35	0
140	140	140	38	35700	255	0	255	255	255	706.364	392.964	0	6.216	0.669	6.114	706.365	392.964	0	701	386	0	13	14	0
10	10	10	8	2550	255	0	255	255	255	1292.700	387.500	0	1.413	0.469	1.530	1292.700	387.500	0	1291	386	0	4	4	0
129	129	129	35	32895	255	0	255	255	255	1044.651	396.233	0	5.976	0.526	5.923	1044.652	396.233	0	1038	391	0	14	12	0
42	42	42	19	10710	255	0	255	255	255	996.071	399.190	0	3.202	0.242	3.176	996.071	399.190	0	993	396	0	7	7	0
243	243	243	56	61965	255	0	255	255	255	1027.375	403.872	0	8.387	1.432	8.156	1027.376	403.872	0	1018	396	0	19	17	0
102	102	102	38	26010	255	0	255	255	255	965.225	410.588	0	5.540	2.062	5.707	965.226	410.588	0	962	402	0	8	18	0
167	167	167	54	42585	255	0	255	255	255	977.719	415.443	0	7.483	3.078	7.614	977.719	415.443	0	972	405	0	13	23	0
84	84	84	28	21420	255	0	255	255	255	1005.310	411.738	0	4.723	0.406	4.723	1005.310	411.738	0	1001	407	0	10	11	0
366	366	366	73	93330	255	0	255	255	255	1008.825	428.658	0	10.866	3.352	10.949	1008.826	428.659	0	995	420	0	31	16	0
552	552	552	111	140760	255	0	255	255	255	33.469	445.777	0	14.080	6.363	14.684	33.469	445.777	0	23	421	0	22	48	0
15	15	15	12	3825	255	0	255	255	255	1265.333	423.867	0	1.755	0.583	1.711	1265.333	423.867	0	1263	423	0	6	3	0
40	40	40	18	10200	255	0	255	255	255	1278.650	428.125	0	3.183	0.577	3.172	1278.650	428.125	0	1276	424	0	6	9	0
243	243	243	54	61965	255	0	255	255	255	63.206	434.481	0	8.566	1.970	8.342	63.206	434.482	0	54	426	0	21	18	0
45	45	45	24	11475	255	0	255	255	255	1262.289	428.956	0	3.415	1.149	3.611	1262.289	428.956	0	1258	427	0	10	5	0
45	45	45	25	11475	255	0	255	255	255	692.511	437.222	0	3.357	0.900	3.353	692.511	437.222	0	688	434	0	10	7	0
259	259	259	52	66045	255	0	255	255	255	969.027	444.934	0	8.620	0.637	8.594	969.028	444.934	0	961	436	0	18	18	0
194	194	194	46	49470	255	0	255	255	255	87.526	456.098	0	7.459	1.460	7.728	87.526	456.098	0	81	447	0	14	19	0
29	29	29	15	7395	255	0	255	255	255	742.448	450.310	0	2.610	0.234	2.643	742.448	450.310	0	740	448	0	6	6	0
192	192	192	50	48960	255	0	255	255	255	1031.021	460.599	0	7.859	2.447	7.551	1031.022	460.599	0	1026	450	0	13	24	0
668	668	668	112	170340	255	0	255	255	255	995.777	473.094	0	14.872	5.509	15.317	995.777	473.095	0	982	451	0	28	44	0
36	36	36	16	9180	255	0	255	255	255	61.028	457.917	0	2.981	0.228	3.052	61.028	457.917	0	58	455	0	7	7	0
45	45	45	22	11475	255	0	255	255	255	1057.956	464.578	0	3.374	0.978	3.263	1057.956	464.578	0	1056	460	0	5	10	0
84	84	84	32	21420	255	0	255	255	255	105.821	464.762	0	4.879	1.402	5.106	105.821	464.762	0	100	461	0	13	9	0
630	630	630	482	160650	255	0	255	255	255	1428.260	598.889	0	77.424	43.969	76.133	1428.263	598.890	0	1424	464	0	9	315	0
191	191	191	46	48705	255	0	255	255	255	118.503	483.429	0	7.341	1.670	7.675	118.503	483.429	0	110	475	0	18	18	0
208	208	208	45	53040	255	0	255	255	255	706.909	484.736	0	7.692	0.694	7.789	706.909	484.736	0	700	477	0	16	18	0
93	93	93	42	23715	255	0	255	255	255	1057.882	487.065	0	5.732	2.838	6.038	1057.882	487.065	0	1054	477	0	8	20	0
189	189	189	47	48195	255	0	255	255	255	141.693	487.206	0	7.406	1.645	7.556	141.693	487.206	0	134	480	0	18	15	0
54	54	54	24	13770	255	0	255	255	255	1015.944	485.500	0	3.955	1.187	3.976	1015.944	485.500	0	1011	481	0	10	10	0
4447	4447	4447	463	1133985	255	0	255	255	255	848.704	526.396	0	35.304	14.094	35.740	848.700	526.395	0	798	484	0	100	103	0
15	15	15	10	3825	255	0	255	255	255	1246.733	485.933	0	1.802	0.366	1.843	1246.733	485.933	0	1245	484	0	4	5	0
58	58	58	22	14790	255	0	255	255	255	104.948	494.172	0	3.876	0.338	3.948	104.948	494.172	0	101	490	0	9	9	0
205	205	205	46	52275	255	0	255	255	255	129.912	504.093	0	7.714	1.088	7.341	129.912	504.093	0	121	497	0	19	15	0
395	395	395	65	100725	255	0	255	255	255	719.651	510.306	0	10.940	2.024	10.765	719.652	510.307	0	710	497	0	21	28	0
151	151	151	42	38505	255	0	255	255	255	1050.285	507.589	0	6.525	1.459	6.572	1050.286	507.590	0	1042	499	0	15	16	0
514	514	514	88	131070	255	0	255	255	255	187.518	519.325	0	13.488	4.148	12.145	187.518	519.325	0	173	504	0	32	32	0
139	139	139	40	35445	255	0	255	255	255	1020.266	514.489	0	6.410	1.494	5.926	1020.267	514.489	0	1012	510	0	19	11	0
10	10	10	8	2550	255	0	255	255	255	1063.000	511.800	0	1.341	0.278	1.281	1063.000	511.800	0	1062	510	0	3	4	0
280	280	280	58	71400	255	0	255	255	255	215.439	520.254	0	9.617	3.100	9.503	215.439	520.254	0	203	511	0	26	20	0
347	347	347	63	88485	255	0	255	255	255	966.720	525.089	0	10.111	1.488	10.169	966.722	525.089	0	958	513	0	19	24	0
202	202	202	44	51510	255	0	255	255	255	994.852	521.688	0	7.644	0.862	7.629	994.853	521.688	0	987	513	0	17	18	0
47	47	47	21	11985	255	0	255	255	255	81.319	518.957	0	3.441	0.423	3.370	81.319	518.957	0	78	516	0	8	7	0
207	207	207	48	52785	255	0	255	255	255	699.812	529.986	0	7.785	1.532	7.353	699.812	529.986	0	694	520	0	13	21	0
13	13	13	10	3315	255	0	255	255	255	1007.000	524.308	0	1.575	0.432	1.646	1007.000	524.308	0	1006	522	0	3	5	0
46	46	46	21	11730	255	0	255	255	255	128.739	536.674	0	3.492	1.001	3.407	128.739	536.674	0	126	532	0	7	10	0
226	226	226	50	57630	255	0	255	255	255	1065.093	544.766	0	8.130	1.805	7.949	1065.094	544.765	0	1058	535	0	15	21	0
404	404	404	76	103020	255	0	255	255	255	211.649	552.505	0	11.127	3.005	10.914	211.649	552.505	0	199	540	0	29	23	0
402	402	402	75	102510	255	0	255	255	255	1024.634	555.423	0	11.063	3.183	11.429	1024.636	555.423	0	1013	541	0	24	29	0
295	295	295	68	75225	255	0	255	255	255	269.403	554.522	0	9.867	3.741	9.823	269.404	554.522	0	254	548	0	31	16	0
29	29	29	18	7395	255	0	255	255	255	1193.414	552.759	0	2.840	1.065	2.742	1193.414	552.759	0	1191	549	0	6	9	0
48	48	48	21	12240	255	0	255	255	255	852.208	553.625	0	3.474	0.373	3.467	852.208	553.625	0	849	550	0	7	8	0
223	223	223	51	56865	255	0	255	255	255	973.404	557.561	0	8.098	1.546	8.016	973.405	557.560	0	964	550	0	18	18	0
45	45	45	26	11475	255	0	255	255	255	1288.000	559.756	0	3.561	1.521	3.611	1288.000	559.756	0	1285	555	0	7	11	0
15	15	15	10	3825	255	0	255	255	255	1261.333	557.267	0	1.767	0.307	1.793	1261.333	557.267	0	1259	556	0	5	4	0
612	612	612	103	156060	255	0	255	255	255	719.072	575.928	0	14.411	4.336	13.649	719.073	575.928	0	699	558	0	38	32	0
803	803	803	136	204765	255	0	255	255	255	900.653	583.593	0	16.471	6.333	16.477	900.652	583.593	0	885	559	0	31	51	0
42	42	42	20	10710	255	0	255	255	255	1194.262	566.810	0	3.196	0.354	3.234	1194.262	566.810	0	1191	564	0	7	7	0
25	25	25	14	6375	255	0	255	255	255	154.040	566.960	0	2.419	0.392	2.255	154.040	566.960	0	151	565	0	7	5	0
44	44	44	19	11220	255	0	255	255	255	1060.795	568.523	0	3.305	0.356	3.316	1060.795	568.523	0	1058	565	0	7	8	0
59	59	59	23	15045	255	0	255	255	255	298.000	571.864	0	3.893	0.501	3.992	298.000	571.864	0	294	567	0	8	10	0
59	59	59	24	15045	255	0	255	255	255	984.220	577.966	0	4.006	1.213	4.167	984.220	577.966	0	980	573	0	9	11	0
37	37	37	18	9435	255	0	255	255	255	1056.541	577.081	0	2.962	0.303	3.042	1056.541	577.081	0	1054	574	0	6	7	0
72	72	72	26	18360	255	0	255	255	255	171.236	580.611	0	4.341	0.534	4.416	171.236	580.611	0	166	576	0	11	10	0
227	227	227	55	57885	255	0	255	255	255	209.251	585.626	0	8.399	2.602	8.814	209.251	585.625	0	200	576	0	20	21	0
286	286	286	61	72930	255	0	255	255	255	1015.262	588.028	0	9.712	2.258	8.970	1015.263	588.028	0	1007	576	0	18	28	0
98	98	98	29	24990	255	0	255	255	255	1234.143	582.612	0	5.215	0.713	5.327	1234.144	582.612	0	1229	577	0	11	12	0
37	37	37	17	9435	255	0	255	255	255	257.189	582.865	0	3.003	0.325	3.031	257.189	582.865	0	254	580	0	7	7	0
99	99	99	33	25245	255	0	255	255	255	1273.717	587.212	0	5.470	1.674	5.727	1273.718	587.212	0	1268	581	0	12	14	0
95	95	95	34	24225	255	0	255	255	255	298.547	585.253	0	5.215	1.551	5.290	298.547	585.253	0	291	582	0	15	9	0
478	478	478	117	121890	255	0	255	255	255	1048.841	603.061	0	13.529	5.091	13.118	1048.843	603.061	0	1039	584	0	22	44	0
94	94	94	29	23970	255	0	255	255	255	855.415	593.181	0	5.013	0.312	5.023	855.415	593.181	0	851	588	0	10	11	0
112	112	112	32	28560	255	0	255	255	255	248.830	594.875	0	5.514	0.327	5.532	248.830	594.875	0	243	589	0	12	12	0
84	84	84	29	21420	255	0	255	255	255	325.500	600.643	0	4.728	0.900	4.879	325.500	600.643	0	321	595	0	9	13	0
253	253	253	56	64515	255	0	255	255	255	967.949	603.016	0	8.656	1.901	8.968	967.950	603.016	0	956	595	0	22	17	0
55	55	55	22	14025	255	0	255	255	255	691.545	603.436	0	3.739	0.258	3.672	691.545	603.436	0	688	600	0	8	8	0
124	124	124	39	31620	255	0	255	255	255	747.411	608.242	0	5.926	1.893	6.120	747.412	608.242	0	743	600	0	10	17	0
181	181	181	49	46155	255	0	255	255	255	868.072	609.950	0	7.270	2.369	7.726	868.073	609.950	0	857	603	0	21	13	0
167	167	167	50	42585	255	0	255	255	255	223.341	610.737	0	7.336	2.850	7.438	223.341	610.737	0	213	604	0	23	13	0
115	115	115	34	29325	255	0	255	255	255	262.635	613.287	0	5.672	0.951	5.812	262.635	613.287	0	258	607	0	11	14	0
211	211	211	46	53805	255	0	255	255	255	844.227	614.076	0	7.826	1.082	7.449	844.229	614.076	0	836	607	0	17	16	0
155	155	155	45	39525	255	0	255	255	255	994.645	617.652	0	6.932	2.345	7.384	994.646	617.652	0	986	611	0	19	14	0
417	417	417	83	106335	255	0	255	255	255	380.386	625.019	0	11.577	4.006	11.911	380.387	625.019	0	368	613	0	30	26	0
51	51	51	20	13005	255	0	255	255	255	291.471	626.431	0	3.600	0.198	3.587	291.471	626.431	0	288	623	0	8	8	0
33	33	33	16	8415	255	0	255	255	255	402.091	625.485	0	2.817	0.360	2.728	402.091	625.485	0	399	623	0	7	6	0
27	27	27	15	6885	255	0	255	255	255	1176.000	626.667	0	2.530	0.408	2.539	1176.000	626.667	0	1173	624	0	6	6	0
641	641	641	116	163455	255	0	255	255	255	883.257	641.349	0	12.520	4.942	13.417	883.259	641.349	0	864	629	0	38	30	0
49	49	49	19	12495	255	0	255	255	255	964.367	634.184	0	3.553	0.285	3.569	964.367	634.184	0	961	630	0	8	9	0
192	192	192	53	48960	255	0	255	255	255	1032.312	642.708	0	8.027	2.539	7.324	1032.313	642.708	0	1025	632	0	15	23	0
53	53	53	21	13515	255	0	255	255	255	316.755	638.623	0	3.671	0.324	3.639	316.755	638.623	0	313	635	0	9	8	0
82	82	82	38	20910	255	0	255	255	255	851.146	649.390	0	4.747	2.203	5.253	851.146	649.390	0	846	642	0	11	15	0
168	168	168	44	42840	255	0	255	255	255	979.494	649.964	0	6.932	1.527	7.053	979.495	649.964	0	972	643	0	18	15	0
107	107	107	40	27285	255	0	255	255	255	285.421	653.710	0	5.644	2.435	5.885	285.421	653.710	0	279	647	0	14	15	0
84	84	84	39	21420	255	0	255	255	255	1238.548	653.262	0	5.148	2.097	4.994	1238.548	653.262	0	1231	647	0	16	12	0
93	93	93	29	23715	255	0	255	255	255	909.215	653.333	0	5.140	0.918	5.257	909.215	653.333	0	904	648	0	12	11	0
117	117	117	44	29835	255	0	255	255	255	1068.863	654.316	0	5.509	1.996	5.941	1068.864	654.316	0	1062	648	0	15	14	0
97	97	97	30	24735	255	0	255	255	255	419.433	655.608	0	5.111	0.488	5.109	419.433	655.608	0	415	650	0	11	12	0
71	71	71	27	18105	255	0	255	255	255	956.634	656.648	0	4.299	0.522	4.348	956.634	656.648	0	953	652	0	8	10	0
136	136	136	38	34680	255	0	255	255	255	366.324	663.801	0	6.256	1.526	6.527	366.324	663.801	0	359	658	0	16	12	0
100	100	100	30	25500	255	0	255	255	255	458.090	662.750	0	5.241	0.592	5.246	458.090	662.750	0	453	658	0	12	11	0
59	59	59	23	15045	255	0	255	255	255	936.610	667.678	0	3.894	0.676	3.981	936.610	667.678	0	933	663	0	8	10	0
73	73	73	28	18615	255	0	255	255	255	790.000	669.000	0	4.356	0.874	4.621	790.000	669.000	0	787	664	0	7	11	0
256	256	256	53	65280	255	0	255	255	255	971.871	678.562	0	8.743	1.726	8.025	971.872	678.562	0	964	667	0	16	24	0
173	173	173	44	44115	255	0	255	255	255	1001.838	673.370	0	6.935	1.124	7.063	1001.839	673.370	0	994	667	0	16	15	0
36	36	36	18	9180	255	0	255	255	255	1051.389	672.889	0	2.972	0.545	2.999	1051.389	672.889	0	1049	669	0	6	8	0
359	359	359	66	91545	255	0	255	255	255	725.460	683.106	0	10.585	3.301	11.414	725.461	683.106	0	713	670	0	26	26	0
30	30	30	15	7650	255	0	255	255	255	1014.633	675.367	0	2.659	0.215	2.708	1014.633	675.367	0	1012	673	0	6	6	0
248	248	248	49	63240	255	0	255	255	255	444.972	681.206	0	8.575	1.394	7.987	444.972	681.205	0	434	674	0	22	16	0
56	56	56	22	14280	255	0	255	255	255	931.589	678.964	0	3.770	0.289	3.849	931.589	678.964	0	928	675	0	8	9	0
52	52	52	21	13260	255	0	255	255	255	703.750	680.385	0	3.619	0.274	3.629	703.750	680.385	0	700	677	0	8	8	0
31	31	31	16	7905	255	0	255	255	255	355.581	680.452	0	2.684	0.225	2.629	355.581	680.452	0	353	678	0	6	6	0
368	368	368	71	93840	255	0	255	255	255	904.777	688.723	0	10.627	2.569	11.226	904.778	688.723	0	890	680	0	27	21	0
116	116	116	41	29580	255	0	255	255	255	1197.302	687.707	0	5.612	1.652	5.985	1197.302	687.707	0	1191	680	0	12	15	0
174	174	174	47	44370	255	0	255	255	255	486.833	688.017	0	7.144	1.992	7.115	486.834	688.017	0	478	681	0	19	15	0
340	340	340	68	86700	255	0	255	255	255	1043.335	699.262	0	10.466	2.957	9.483	1043.336	699.262	0	1035	686	0	19	29	0
124	124	124	41	31620	255	0	255	255	255	371.524	695.266	0	6.002	1.913	6.120	371.524	695.266	0	362	690	0	18	10	0
339	339	339	59	86445	255	0	255	255	255	1077.375	703.236	0	9.990	1.384	10.329	1077.376	703.236	0	1068	692	0	19	24	0
544	544	544	108	138720	255	0	255	255	255	865.252	708.447	0	13.255	4.733	12.805	865.253	708.447	0	852	693	0	28	37	0
28	28	28	15	7140	255	0	255	255	255	887.607	696.821	0	2.538	0.289	2.586	887.607	696.821	0	885	694	0	6	6	0
139	139	139	39	35445	255	0	255	255	255	976.835	702.137	0	6.344	1.642	6.499	976.835	702.137	0	971	694	0	12	17	0
387	387	387	76	98685	255	0	255	255	255	532.868	710.930	0	10.963	3.618	11.733	532.869	710.931	0	523	696	0	23	29	0
939	939	939	148	239445	255	0	255	255	255	940.625	724.422	0	18.088	6.219	18.443	940.625	724.422	0	922	696	0	36	57	0
77	77	77	26	19635	255	0	255	255	255	1020.026	702.065	0	4.516	0.383	4.446	1020.026	702.065	0	1015	698	0	11	9	0
147	147	147	40	37485	255	0	255	255	255	399.435	704.578	0	6.512	1.717	6.623	399.435	704.578	0	391	699	0	18	12	0
79	79	79	26	20145	255	0	255	255	255	823.430	707.000	0	4.564	0.341	4.616	823.430	707.000	0	818	703	0	11	9	0
125	125	125	35	31875	255	0	255	255	255	366.752	711.696	0	5.893	1.150	5.710	366.752	711.696	0	359	707	0	16	10	0
59	59	59	23	15045	255	0	255	255	255	551.441	710.814	0	3.904	0.532	3.854	551.441	710.814	0	547	707	0	10	9	0
57	57	57	22	14535	255	0	255	255	255	739.860	710.281	0	3.827	0.314	3.875	739.860	710.281	0	736	707	0	9	8	0
307	307	307	54	78285	255	0	255	255	255	1099.362	722.124	0	9.508	0.928	9.422	1099.363	722.124	0	1090	712	0	22	21	0
289	289	289	58	73695	255	0	255	255	255	973.723	724.893	0	9.112	1.205	9.225	973.724	724.893	0	965	716	0	20	19	0
232	232	232	52	59160	255	0	255	255	255	849.047	725.147	0	8.215	1.732	8.486	849.049	725.147	0	839	719	0	21	14	0
111	111	111	35	28305	255	0	255	255	255	1062.829	725.487	0	5.543	1.235	5.750	1062.830	725.486	0	1057	719	0	13	14	0
76	76	76	28	19380	255	0	255	255	255	468.882	723.079	0	4.524	1.011	4.535	468.882	723.079	0	463	720	0	12	8	0
220	220	220	52	56100	255	0	255	255	255	767.332	732.845	0	7.994	1.434	8.180	767.333	732.846	0	757	725	0	19	17	0
46	46	46	20	11730	255	0	255	255	255	439.087	730.000	0	3.358	0.280	3.245	439.087	730.000	0	436	727	0	8	7	0
40	40	40	19	10200	255	0	255	255	255	1142.325	730.650	0	3.239	0.857	3.366	1142.325	730.650	0	1139	727	0	8	8	0
223	223	223	51	56865	255	0	255	255	255	1050.753	737.605	0	8.086	1.601	7.853	1050.755	737.606	0	1044	728	0	15	22	0
38	38	38	17	9690	255	0	255	255	255	451.842	733.053	0	3.058	0.288	3.057	451.842	733.053	0	449	730	0	7	7	0
293	293	293	59	74715	255	0	255	255	255	578.840	739.147	0	9.237	1.076	9.346	578.841	739.147	0	568	731	0	22	18	0
233	233	233	48	59415	255	0	255	255	255	806.931	739.562	0	8.182	1.049	8.171	806.932	739.562	0	797	733	0	20	15	0
204	204	204	63	52020	255	0	255	255	255	916.015	748.485	0	8.041	3.161	7.579	916.015	748.485	0	910	737	0	15	25	0
181	181	181	43	46155	255	0	255	255	255	977.221	747.575	0	7.237	1.362	6.677	977.222	747.575	0	971	738	0	13	20	0
173	173	173	42	44115	255	0	255	255	255	544.867	748.145	0	7.106	1.310	7.214	544.868	748.145	0	538	740	0	15	17	0
73	73	73	27	18615	255	0	255	255	255	887.767	744.288	0	4.388	0.518	4.407	887.767	744.288	0	883	740	0	10	9	0
111	111	111	32	28305	255	0	255	255	255	876.640	747.495	0	5.601	1.113	5.748	876.640	747.495	0	871	741	0	12	14	0
31	31	31	16	7905	255	0	255	255	255	1177.452	745.581	0	2.684	0.225	2.629	1177.452	745.581	0	1175	743	0	6	6	0
17	17	17	12	4335	255	0	255	255	255	702.059	748.647	0	2.012	0.596	1.966	702.059	748.647	0	700	746	0	6	5	0
23	23	23	13	5865	255	0	255	255	255	1130.391	747.783	0	2.287	0.313	2.299	1130.391	747.783	0	1128	746	0	6	5	0
124	124	124	35	31620	255	0	255	255	255	428.621	754.274	0	6.027	1.236	6.200	428.621	754.274	0	422	748	0	14	13	0
133	133	133	39	33915	255	0	255	255	255	748.180	753.654	0	6.211	1.652	6.398	748.181	753.654	0	740	748	0	17	12	0
303	303	303	59	77265	255	0	255	255	255	899.772	758.739	0	9.533	1.429	9.495	899.773	758.740	0	889	749	0	20	22	0
39	39	39	20	9945	255	0	255	255	255	1091.077	751.923	0	3.231	1.138	3.307	1091.077	751.923	0	1087	749	0	9	7	0
70	70	70	25	17850	255	0	255	255	255	486.100	756.514	0	4.279	0.283	4.184	486.100	756.514	0	482	752	0	9	10	0
362	362	362	78	92310	255	0	255	255	255	579.489	762.041	0	10.361	3.726	11.100	579.490	762.042	0	563	753	0	30	21	0
118	118	118	33	30090	255	0	255	255	255	500.034	759.271	0	5.694	0.473	5.726	500.034	759.271	0	494	754	0	13	12	0
121	121	121	36	30855	255	0	255	255	255	452.975	763.967	0	5.914	1.559	6.083	452.975	763.967	0	447	757	0	13	15	0
88	88	88	33	22440	255	0	255	255	255	936.386	764.057	0	4.986	1.516	5.284	936.387	764.057	0	932	757	0	9	15	0
46	46	46	19	11730	255	0	255	255	255	1027.435	765.152	0	3.406	0.264	3.438	1027.435	765.152	0	1024	762	0	8	8	0
63	63	63	32	16065	255	0	255	255	255	1154.571	767.063	0	4.142	1.388	4.197	1154.572	767.063	0	1150	762	0	10	12	0
197	197	197	54	50235	255	0	255	255	255	982.320	777.137	0	7.733	2.198	7.671	982.321	777.137	0	977	767	0	12	23	0
65	65	65	23	16575	255	0	255	255	255	730.800	771.892	0	4.119	0.224	4.183	730.800	771.892	0	727	768	0	9	9	0
13	13	13	9	3315	255	0	255	255	255	1120.615	769.385	0	1.627	0.169	1.661	1120.615	769.385	0	1119	768	0	4	4	0
61	61	61	23	15555	255	0	255	255	255	705.557	773.049	0	3.959	0.275	3.980	705.557	773.049	0	702	769	0	8	9	0
143	143	143	38	36465	255	0	255	255	255	865.783	778.336	0	6.291	0.944	6.372	865.784	778.336	0	858	773	0	16	11	0
141	141	141	39	35955	255	0	255	255	255	501.326	782.674	0	6.281	1.459	6.470	501.326	782.674	0	496	775	0	11	17	0
88	88	88	33	22440	255	0	255	255	255	913.295	782.989	0	4.946	1.665	4.838	913.296	782.989	0	910	776	0	7	15	0
108	108	108	31	27540	255	0	255	255	255	1061.139	781.750	0	5.428	0.496	5.357	1061.140	781.750	0	1056	776	0	12	13	0
1137	1137	1137	924	289935	255	0	255	255	255	86.443	998.851	0	126.353	46.428	109.390	86.444	998.846	0	0	777	0	331	293	0
202	202	202	47	51510	255	0	255	255	255	649.247	785.753	0	7.683	1.057	7.493	649.248	785.752	0	641	778	0	19	16	0
279	279	279	51	71145	255	0	255	255	255	757.907	788.846	0	9.034	0.861	9.042	757.908	788.846	0	749	779	0	20	21	0
483	483	483	378	123165	255	0	255	255	255	1422.414	874.797	0	47.303	27.258	47.206	1422.409	874.797	0	1420	780	0	5	188	0
139	139	139	41	35445	255	0	255	255	255	576.007	789.921	0	6.273	1.591	6.461	576.008	789.921	0	572	782	0	9	17	0
261	261	261	53	66555	255	0	255	255	255	872.774	795.318	0	8.663	1.195	8.559	872.775	795.318	0	864	787	0	20	18	0
121	121	121	37	30855	255	0	255	255	255	708.413	799.190	0	5.834	1.665	6.085	708.414	799.190	0	703	791	0	11	17	0
445	445	445	88	113475	255	0	255	255	255	1035.479	808.398	0	11.512	4.351	12.357	1035.479	808.398	0	1025	791	0	24	35	0
63	63	63	24	16065	255	0	255	255	255	680.905	804.222	0	4.101	0.645	3.957	680.905	804.222	0	676	801	0	11	8	0
277	277	277	58	70635	255	0	255	255	255	950.097	811.563	0	9.054	1.953	9.211	950.099	811.563	0	942	801	0	17	23	0
26	26	26	18	6630	255	0	255	255	255	1061.769	806.346	0	2.543	1.061	2.559	1061.769	806.346	0	1060	802	0	4	9	0
240	240	240	48	61200	255	0	255	255	255	517.883	813.400	0	8.313	1.070	8.247	517.884	813.401	0	508	806	0	21	16	0
53	53	53	24	13515	255	0	255	255	255	1213.245	809.359	0	3.804	1.042	3.906	1213.245	809.359	0	1208	806	0	11	8	0
53	53	53	24	13515	255	0	255	255	255	915.547	812.717	0	3.835	1.127	4.073	915.547	812.717	0	911	809	0	10	8	0
125	125	125	37	31875	255	0	255	255	255	980.344	818.976	0	5.947	1.583	5.995	980.345	818.976	0	973	814	0	16	11	0
90	90	90	30	22950	255	0	255	255	255	697.844	820.878	0	4.997	1.147	5.174	697.844	820.878	0	692	816	0	13	10	0
197	197	197	46	50235	255	0	255	255	255	691.589	833.315	0	7.515	0.748	7.406	691.590	833.315	0	685	825	0	15	18	0
98	98	98	32	24990	255	0	255	255	255	710.959	829.969	0	5.240	0.841	5.052	710.959	829.970	0	705	825	0	13	10	0
24	24	24	14	6120	255	0	255	255	255	1135.292	830.708	0	2.324	0.359	2.354	1135.292	830.708	0	1133	828	0	5	6	0
49	49	49	20	12495	255	0	255	255	255	807.143	835.388	0	3.521	0.394	3.513	807.143	835.388	0	804	832	0	8	8	0
101	101	101	39	25755	255	0	255	255	255	651.446	841.990	0	5.348	1.525	5.557	651.446	841.990	0	646	836	0	13	14	0
112	112	112	34	28560	255	0	255	255	255	925.518	842.982	0	5.590	1.180	5.490	925.518	842.982	0	921	836	0	10	15	0
357	357	357	75	91035	255	0	255	255	255	793.894	852.891	0	10.644	3.148	10.630	793.895	852.891	0	783	840	0	22	28	0
65	65	65	25	16575	255	0	255	255	255	744.554	849.831	0	4.074	0.359	4.072	744.554	849.831	0	741	846	0	8	9	0
58	58	58	23	14790	255	0	255	255	255	621.845	851.621	0	3.838	0.311	3.864	621.845	851.621	0	618	848	0	9	8	0
407	407	407	84	103785	255	0	255	255	255	903.634	868.290	0	11.311	4.076	11.719	903.635	868.290	0	895	850	0	17	35	0
32	32	32	17	8160	255	0	255	255	255	1117.531	854.812	0	2.791	0.800	2.670	1117.531	854.812	0	1115	851	0	6	9	0
16	16	16	11	4080	255	0	255	255	255	1141.625	855.250	0	1.805	0.297	1.790	1141.625	855.250	0	1140	853	0	4	5	0
106	106	106	33	27030	255	0	255	255	255	834.141	861.821	0	5.333	0.352	5.275	834.142	861.821	0	829	857	0	11	11	0
481	481	481	88	122655	255	0	255	255	255	1031.281	883.252	0	12.556	3.661	12.563	1031.282	883.251	0	1015	865	0	31	32	0
13	13	13	9	3315	255	0	255	255	255	935.385	868.385	0	1.627	0.169	1.661	935.385	868.385	0	934	867	0	4	4	0
102	102	102	33	26010	255	0	255	255	255	841.922	873.755	0	5.285	1.218	5.544	841.922	873.755	0	835	870	0	15	9	0
36	36	36	24	9180	255	0	255	255	255	963.444	874.250	0	3.274	1.447	3.228	963.444	874.250	0	961	870	0	6	11	0
413	413	413	78	105315	255	0	255	255	255	610.249	881.971	0	11.024	3.193	12.105	610.251	881.971	0	596	871	0	30	23	0
121	121	121	38	30855	255	0	255	255	255	769.397	884.628	0	5.879	1.696	6.275	769.397	884.628	0	764	877	0	11	16	0
155	155	155	40	39525	255	0	255	255	255	643.510	885.361	0	6.629	1.155	7.015	643.510	885.361	0	636	879	0	16	14	0
295	295	295	66	75225	255	0	255	255	255	918.251	890.505	0	9.234	2.964	10.287	918.252	890.505	0	906	880	0	24	21	0
60	60	60	23	15300	255	0	255	255	255	709.833	888.200	0	3.954	0.614	3.865	709.833	888.200	0	706	884	0	8	10	0
144	144	144	39	36720	255	0	255	255	255	718.910	896.535	0	6.324	0.929	6.529	718.910	896.535	0	711	889	0	15	15	0
23	23	23	13	5865	255	0	255	255	255	937.391	890.652	0	2.299	0.358	2.380	937.391	890.652	0	935	889	0	6	5	0
405	405	405	80	103275	255	0	255	255	255	997.709	907.852	0	11.401	3.108	10.992	997.710	907.852	0	984	899	0	32	19	0
136	136	136	36	34680	255	0	255	255	255	851.919	917.581	0	6.188	1.035	6.170	851.920	917.581	0	844	912	0	16	13	0
61	61	61	24	15555	255	0	255	255	255	574.016	919.721	0	3.947	0.373	4.010	574.016	919.721	0	570	916	0	9	8	0
144	144	144	50	36720	255	0	255	255	255	753.118	924.271	0	5.988	2.546	6.536	753.119	924.271	0	744	919	0	19	12	0
105	105	105	33	26775	255	0	255	255	255	980.733	929.733	0	5.339	1.026	5.374	980.734	929.733	0	977	923	0	9	14	0
141	141	141	39	35955	255	0	255	255	255	1005.475	937.433	0	6.846	2.110	6.910	1005.476	937.433	0	998	930	0	16	16	0
45	45	45	23	11475	255	0	255	255	255	1045.933	938.378	0	3.393	0.968	3.339	1045.933	938.378	0	1044	934	0	5	10	0
125	125	125	37	31875	255	0	255	255	255	808.568	940.472	0	5.986	1.433	6.095	808.568	940.472	0	801	935	0	16	12	0
257	257	257	57	65535	255	0	255	255	255	1091.342	945.062	0	8.873	2.230	8.723	1091.344	945.062	0	1082	935	0	21	19	0
66	66	66	24	16830	255	0	255	255	255	859.470	941.682	0	4.147	0.485	4.155	859.470	941.682	0	855	938	0	10	8	0
62	62	62	23	15810	255	0	255	255	255	845.629	947.548	0	4.003	0.426	3.904	845.629	947.548	0	841	944	0	10	8	0
36	36	36	16	9180	255	0	255	255	255	888.083	947.028	0	2.981	0.228	3.052	888.083	947.028	0	885	944	0	7	7	0
162	162	162	41	41310	255	0	255	255	255	943.790	951.444	0	6.790	1.249	6.970	943.791	951.444	0	935	945	0	17	13	0
148	148	148	39	37740	255	0	255	255	255	566.095	954.622	0	6.486	0.994	6.307	566.095	954.622	0	560	948	0	14	15	0
22	22	22	13	5610	255	0	255	255	255	1109.682	953.182	0	2.275	0.393	2.246	1109.682	953.182	0	1107	951	0	6	5	0
186	186	186	42	47430	255	0	255	255	255	962.468	961.817	0	7.270	0.868	7.309	962.469	961.817	0	956	953	0	15	17	0
105	105	105	32	26775	255	0	255	255	255	852.105	961.781	0	5.392	1.006	5.559	852.105	961.781	0	847	955	0	11	14	0
26	26	26	15	6630	255	0	255	255	255	1121.154	960.115	0	2.426	0.359	2.328	1121.154	960.115	0	1119	958	0	6	5	0
53	53	53	22	13515	255	0	255	255	255	772.641	964.113	0	3.641	0.368	3.685	772.641	964.113	0	769	961	0	9	8	0
76	76	76	26	19380	255	0	255	255	255	788.803	968.118	0	4.477	0.382	4.348	788.803	968.118	0	784	964	0	10	10	0
1090	1090	1090	859	277950	255	0	255	255	255	1247.591	1047.362	0	105.568	59.084	107.471	1247.593	1047.355	0	1046	969	0	383	84	0
127	127	127	37	32385	255	0	255	255	255	1047.795	981.094	0	5.930	0.798	6.019	1047.796	981.094	0	1041	975	0	13	13	0
92	92	92	29	23460	255	0	255	255	255	782.859	983.326	0	4.995	0.566	5.036	782.859	983.326	0	778	979	0	11	11	0
395	395	395	81	100725	255	0	255	255	255	902.425	1001.909	0	11.156	3.959	11.202	902.427	1001.910	0	888	988	0	28	28	0
50	50	50	20	12750	255	0	255	255	255	785.360	998.500	0	3.556	0.225	3.597	785.360	998.500	0	782	995	0	8	8	0
17	17	17	12	4335	255	0	255	255	255	1017.941	996.765	0	1.875	0.378	1.978	1017.941	996.765	0	1016	995	0	5	4	0
94	94	94	32	23970	255	0	255	255	255	521.936	1007.181	0	5.193	1.099	5.323	521.936	1007.181	0	516	1002	0	12	12	0
317	317	317	58	80835	255	0	255	255	255	943.886	1012.688	0	9.607	1.110	9.706	943.887	1012.688	0	934	1003	0	22	19	0
117	117	117	33	29835	255	0	255	255	255	773.333	1016.231	0	5.728	0.864	5.781	773.334	1016.231	0	768	1010	0	12	14	0
68	68	68	24	17340	255	0	255	255	255	712.000	1015.500	0	4.234	0.276	4.152	712.000	1015.500	0	708	1011	0	9	10	0
80	80	80	26	20400	255	0	255	255	255	804.025	1023.862	0	4.622	0.544	4.745	804.025	1023.862	0	799	1019	0	11	10	0
321	321	321	56	81855	255	0	255	255	255	532.072	1030.620	0	9.655	0.773	9.720	532.073	1030.619	0	523	1020	0	19	22	0
59	59	59	26	15045	255	0	255	255	255	961.186	1026.373	0	3.926	1.254	4.037	961.186	1026.373	0	959	1021	0	6	12	0
34	34	34	17	8670	255	0	255	255	255	835.971	1027.382	0	2.860	0.326	2.813	835.971	1027.382	0	833	1025	0	7	6	0
24	24	24	17	6120	255	0	255	255	255	1001.500	1028.042	0	2.516	0.992	2.500	1001.500	1028.042	0	998	1026	0	8	5	0
58	58	58	22	14790	255	0	255	255	255	846.155	1034.966	0	3.871	0.376	3.966	846.155	1034.966	0	842	1031	0	9	9	0
1188	1188	1188	768	302940	255	0	255	255	255	725.076	1055.604	0	121.336	68.614	118.018	725.077	1055.606	0	558	1046	0	467	15	0
63	63	63	27	16065	255	0	255	255	255	526.016	1054.667	0	4.043	0.827	4.030	526.016	1054.667	0	521	1051	0	11	8	0
415	415	415	300	105825	255	0	255	255	255	403.978	1062.619	0	40.875	26.857	37.515	403.979	1062.617	0	332	1060	0	181	5	0
38	38	38	38	9690	255	0	255	255	255	525.395	1060.605	0	5.025	3.079	4.634	525.395	1060.605	0	514	1060	0	23	2	0
