Volume (pixel^3)	Surface (pixel^2)	Nb of obj. voxels	Nb of surf. voxels	IntDen	Mean	StdDev	Median	Min	Max	X	Y	Z	Mean dist. to surf. (pixel)	SD dist. to surf. (pixel)	Median dist. to surf. (pixel)	XM	YM	ZM	BX	BY	BZ	B-width	B-height	B-depth
3933	3933	3933	2617	1002915	255	0	255	255	255	650.686	1.018	0	327.128	188.893	327.315	650.688	1.018	0	0	0	0	1307	7	0
2962	2962	2962	2103	755310	255	0	255	255	255	1401.000	556.975	0	263.823	153.422	262.977	1400.977	556.975	0	1392	0	0	11	1047	0
11	11	11	9	2805	255	0	255	255	255	1334.818	10.636	0	1.566	0.627	1.590	1334.818	10.636	0	1333	8	0	4	5	0
21	21	21	13	5355	255	0	255	255	255	1331.476	16.714	0	2.205	0.486	2.294	1331.476	16.714	0	1329	14	0	5	6	0
7976	7976	7976	4733	2033880	255	0	255	255	255	383.746	845.647	0	503.944	214.787	438.825	383.747	845.692	0	0	21	0	1351	1026	0
113	113	113	35	28815	255	0	255	255	255	1339.443	30.690	0	5.620	1.659	6.071	1339.443	30.690	0	1334	23	0	12	16	0
394	394	394	81	100470	255	0	255	255	255	1322.683	50.523	0	10.789	3.144	10.609	1322.684	50.523	0	1313	36	0	20	31	0
11	11	11	10	2805	255	0	255	255	255	1342.182	47.182	0	1.693	0.900	1.833	1342.182	47.182	0	1340	45	0	5	5	0
19	19	19	13	4845	255	0	255	255	255	1340.526	52.368	0	2.085	0.543	2.050	1340.526	52.368	0	1339	50	0	4	6	0
21	21	21	13	5355	255	0	255	255	255	1305.333	68.143	0	2.156	0.379	2.169	1305.333	68.143	0	1303	66	0	6	5	0
96	96	96	31	24480	255	0	255	255	255	1312.698	82.938	0	5.261	1.216	5.106	1312.699	82.938	0	1307	78	0	13	12	0
38	38	38	18	9690	255	0	255	255	255	1346.053	88.474	0	3.026	0.316	3.093	1346.053	88.474	0	1343	85	0	7	7	0
119	119	119	41	30345	255	0	255	255	255	1366.756	95.798	0	5.832	2.079	5.930	1366.757	95.798	0	1360	88	0	14	16	0
173	173	173	51	44115	255	0	255	255	255	1294.769	106.809	0	7.406	2.280	7.035	1294.770	106.809	0	1289	97	0	12	23	0
18	18	18	12	4590	255	0	255	255	255	1346.222	109.500	0	2.000	0.494	1.891	1346.222	109.500	0	1345	107	0	4	6	0
16	16	16	11	4080	255	0	255	255	255	1320.875	113.875	0	1.861	0.569	2.069	1320.875	113.875	0	1319	112	0	5	5	0
13	13	13	13	3315	255	0	255	255	255	1310.692	122.308	0	1.888	0.965	1.849	1310.692	122.308	0	1308	120	0	6	5	0
56	56	56	22	14280	255	0	255	255	255	1348.821	124.268	0	3.913	0.998	4.191	1348.822	124.268	0	1345	120	0	9	10	0
311	311	311	74	79305	255	0	255	255	255	1371.286	134.151	0	10.806	4.543	10.969	1371.287	134.151	0	1356	125	0	32	20	0
24	24	24	13	6120	255	0	255	255	255	953.667	131.750	0	2.402	0.581	2.451	953.667	131.750	0	951	129	0	6	7	0
203	203	203	47	51765	255	0	255	255	255	1301.901	140.030	0	7.623	1.533	8.099	1301.903	140.030	0	1292	131	0	19	18	0
108	108	108	36	27540	255	0	255	255	255	1282.037	146.056	0	5.508	1.462	5.657	1282.038	146.056	0	1278	139	0	9	15	0
65	65	65	26	16575	255	0	255	255	255	845.677	150.908	0	4.188	0.800	4.224	845.677	150.908	0	842	146	0	9	10	0
175	175	175	41	44625	255	0	255	255	255	1379.103	153.823	0	7.028	0.706	7.028	1379.104	153.823	0	1371	148	0	17	13	0
133	133	133	50	33915	255	0	255	255	255	955.962	157.519	0	5.887	2.211	6.058	955.963	157.519	0	949	150	0	14	17	0
1001	1001	1001	177	255255	255	0	255	255	255	1277.937	190.312	0	18.447	7.561	18.470	1277.941	190.312	0	1258	157	0	39	59	0
10	10	10	8	2550	255	0	255	255	255	849.500	163.200	0	1.364	0.301	1.407	849.500	163.200	0	848	162	0	4	3	0
61	61	61	25	15555	255	0	255	255	255	969.951	168.541	0	3.985	0.661	4.020	969.951	168.541	0	966	164	0	8	10	0
165	165	165	48	42075	255	0	255	255	255	1352.606	174.703	0	7.029	1.539	6.640	1352.607	174.703	0	1343	168	0	18	13	0
46	46	46	20	11730	255	0	255	255	255	1332.261	172.826	0	3.401	0.419	3.341	1332.261	172.826	0	1329	170	0	8	7	0
93	93	93	30	23715	255	0	255	255	255	1372.570	175.796	0	4.986	0.629	5.081	1372.571	175.796	0	1367	171	0	12	11	0
44	44	44	25	11220	255	0	255	255	255	919.636	175.727	0	3.724	1.323	3.647	919.636	175.727	0	915	172	0	11	8	0
22	22	22	14	5610	255	0	255	255	255	906.727	175.955	0	2.173	0.306	2.128	906.727	175.955	0	905	174	0	5	5	0
38	38	38	22	9690	255	0	255	255	255	952.500	180.474	0	3.454	1.671	3.536	952.500	180.474	0	947	177	0	12	8	0
63	63	63	24	16065	255	0	255	255	255	1297.714	181.524	0	4.006	0.342	4.006	1297.714	181.524	0	1294	178	0	9	8	0
142	142	142	39	36210	255	0	255	255	255	968.697	189.387	0	6.300	1.305	6.427	968.698	189.387	0	963	181	0	12	18	0
91	91	91	38	23205	255	0	255	255	255	867.385	192.549	0	5.115	1.937	5.475	867.385	192.549	0	863	184	0	10	15	0
53	53	53	21	13515	255	0	255	255	255	1322.811	189.302	0	3.691	0.557	3.786	1322.811	189.302	0	1319	186	0	9	8	0
27	27	27	14	6885	255	0	255	255	255	1337.741	190.407	0	2.516	0.238	2.562	1337.741	190.407	0	1335	188	0	6	6	0
18	18	18	12	4590	255	0	255	255	255	1377.222	194.500	0	1.932	0.306	1.891	1377.222	194.500	0	1375	193	0	5	4	0
80	80	80	29	20400	255	0	255	255	255	859.050	203.887	0	4.849	1.232	4.951	859.050	203.887	0	854	198	0	11	12	0
397	397	397	102	101235	255	0	255	255	255	886.960	214.625	0	10.116	3.455	10.576	886.961	214.625	0	874	201	0	26	26	0
793	793	793	139	202215	255	0	255	255	255	1363.305	221.057	0	14.729	5.105	16.117	1363.307	221.057	0	1343	202	0	38	40	0
43	43	43	19	10965	255	0	255	255	255	979.488	211.349	0	3.256	0.439	3.388	979.488	211.349	0	977	208	0	7	8	0
99	99	99	33	25245	255	0	255	255	255	925.263	217.283	0	5.437	1.238	5.055	925.263	217.283	0	921	209	0	10	16	0
273	273	273	60	69615	255	0	255	255	255	1267.220	221.839	0	9.672	2.952	9.680	1267.221	221.839	0	1257	209	0	21	25	0
23	23	23	14	5865	255	0	255	255	255	940.043	212.913	0	2.342	0.512	2.199	940.043	212.913	0	938	210	0	5	7	0
628	628	628	138	160140	255	0	255	255	255	969.454	235.038	0	13.821	4.503	14.506	969.456	235.038	0	955	215	0	29	42	0
114	114	114	32	29070	255	0	255	255	255	865.518	223.298	0	5.597	0.452	5.617	865.518	223.298	0	860	217	0	12	13	0
19	19	19	12	4845	255	0	255	255	255	937.684	220.947	0	2.052	0.313	2.025	937.684	220.947	0	936	219	0	5	5	0
27	27	27	15	6885	255	0	255	255	255	945.333	225.815	0	2.483	0.456	2.464	945.333	225.815	0	942	224	0	7	5	0
237	237	237	62	60435	255	0	255	255	255	1294.532	241.409	0	8.432	3.026	8.746	1294.532	241.409	0	1286	230	0	19	24	0
146	146	146	45	37230	255	0	255	255	255	876.500	244.055	0	6.512	2.192	6.963	876.501	244.055	0	869	236	0	15	17	0
143	143	143	40	36465	255	0	255	255	255	913.315	242.916	0	6.346	0.874	6.437	913.315	242.916	0	906	237	0	16	15	0
129	129	129	35	32895	255	0	255	255	255	1274.318	244.721	0	6.052	1.120	6.316	1274.319	244.721	0	1267	239	0	15	13	0
98	98	98	33	24990	255	0	255	255	255	995.980	248.255	0	5.296	1.348	5.835	995.980	248.255	0	990	242	0	13	13	0
32	32	32	16	8160	255	0	255	255	255	1343.406	252.562	0	2.791	0.575	2.836	1343.406	252.562	0	1340	250	0	8	6	0
109	109	109	34	27795	255	0	255	255	255	1279.615	259.193	0	5.434	0.704	5.470	1279.615	259.193	0	1275	253	0	11	13	0
15	15	15	11	3825	255	0	255	255	255	1372.133	254.400	0	1.723	0.395	1.801	1372.133	254.400	0	1370	253	0	5	4	0
156	156	156	49	39780	255	0	255	255	255	898.115	266.147	0	6.830	2.902	7.392	898.116	266.147	0	893	255	0	12	22	0
75	75	75	32	19125	255	0	255	255	255	1248.880	260.760	0	4.684	1.557	4.361	1248.880	260.760	0	1245	255	0	9	14	0
61	61	61	22	15555	255	0	255	255	255	878.574	260.000	0	3.978	0.245	3.995	878.574	260.000	0	875	256	0	9	9	0
47	47	47	19	11985	255	0	255	255	255	1338.596	259.766	0	3.492	0.574	3.621	1338.596	259.766	0	1335	256	0	8	9	0
185	185	185	65	47175	255	0	255	255	255	944.778	268.411	0	7.763	3.295	8.462	944.779	268.411	0	934	258	0	24	17	0
121	121	121	44	30855	255	0	255	255	255	1308.107	273.306	0	6.168	2.355	6.184	1308.109	273.306	0	1304	263	0	10	19	0
100	100	100	49	25500	255	0	255	255	255	1256.650	272.850	0	5.539	2.104	5.527	1256.651	272.850	0	1251	264	0	14	17	0
18	18	18	12	4590	255	0	255	255	255	1368.500	266.500	0	1.923	0.387	1.851	1368.500	266.500	0	1367	264	0	4	6	0
44	44	44	21	11220	255	0	255	255	255	1005.477	270.636	0	3.395	0.850	3.535	1005.477	270.636	0	1001	268	0	9	7	0
78	78	78	29	19890	255	0	255	255	255	970.538	276.397	0	4.746	1.244	4.675	970.539	276.397	0	966	271	0	10	12	0
164	164	164	54	41820	255	0	255	255	255	1274.469	288.506	0	7.146	2.597	7.498	1274.470	288.506	0	1267	280	0	19	17	0
87	87	87	29	22185	255	0	255	255	255	1337.126	286.195	0	4.814	0.449	4.883	1337.127	286.195	0	1332	282	0	11	10	0
54	54	54	22	13770	255	0	255	255	255	1240.278	287.093	0	3.723	0.392	3.758	1240.278	287.093	0	1237	283	0	8	9	0
182	182	182	46	46410	255	0	255	255	255	901.319	296.604	0	7.219	1.931	7.769	901.320	296.604	0	894	287	0	15	19	0
73	73	73	26	18615	255	0	255	255	255	943.027	293.205	0	4.366	0.441	4.344	943.027	293.205	0	938	289	0	11	10	0
202	202	202	45	51510	255	0	255	255	255	1355.787	296.995	0	7.604	0.934	7.530	1355.788	296.995	0	1349	289	0	15	17	0
204	204	204	53	52020	255	0	255	255	255	1019.887	301.980	0	7.909	2.705	8.392	1019.889	301.980	0	1014	291	0	13	23	0
68	68	68	25	17340	255	0	255	255	255	989.132	297.147	0	4.195	0.253	4.237	989.132	297.147	0	985	293	0	9	9	0
88	88	88	28	22440	255	0	255	255	255	883.205	298.545	0	4.877	0.435	4.791	883.205	298.545	0	878	294	0	12	10	0
34	34	34	16	8670	255	0	255	255	255	1258.559	297.735	0	2.887	0.457	2.781	1258.559	297.735	0	1255	295	0	8	6	0
435	435	435	96	110925	255	0	255	255	255	1240.970	319.195	0	11.168	3.752	11.917	1240.971	319.196	0	1227	302	0	30	30	0
294	294	294	74	74970	255	0	255	255	255	1319.367	319.803	0	9.996	4.057	10.308	1319.368	319.803	0	1308	304	0	22	29	0
205	205	205	45	52275	255	0	255	255	255	1004.956	313.790	0	7.674	0.868	7.792	1004.957	313.790	0	997	306	0	18	17	0
126	126	126	35	32130	255	0	255	255	255	912.802	312.746	0	5.893	0.398	5.870	912.802	312.746	0	907	307	0	13	12	0
32	32	32	21	8160	255	0	255	255	255	963.750	309.312	0	2.906	1.477	2.835	963.750	309.312	0	959	307	0	10	6	0
324	324	324	74	82620	255	0	255	255	255	890.716	323.056	0	10.639	3.820	10.620	890.717	323.056	0	883	308	0	16	32	0
53	53	53	25	13515	255	0	255	255	255	1339.359	314.057	0	3.894	1.489	3.995	1339.359	314.057	0	1336	308	0	8	13	0
226	226	226	53	57630	255	0	255	255	255	956.469	324.934	0	8.222	1.917	7.750	956.470	324.933	0	946	317	0	22	16	0
20	20	20	12	5100	255	0	255	255	255	936.500	325.500	0	2.084	0.414	2.121	936.500	325.500	0	935	323	0	4	6	0
13	13	13	10	3315	255	0	255	255	255	1277.154	326.462	0	1.567	0.316	1.617	1277.154	326.462	0	1276	325	0	4	4	0
57	57	57	23	14535	255	0	255	255	255	1275.105	335.579	0	3.830	0.475	3.911	1275.105	335.579	0	1271	331	0	9	9	0
678	678	678	144	172890	255	0	255	255	255	1344.959	361.208	0	17.976	9.376	17.675	1344.956	361.208	0	1336	332	0	20	64	0
127	127	127	35	32385	255	0	255	255	255	1224.850	343.150	0	5.897	0.468	5.912	1224.852	343.150	0	1219	337	0	12	13	0
43	43	43	19	10965	255	0	255	255	255	966.116	342.326	0	3.259	0.307	3.271	966.116	342.326	0	963	339	0	7	8	0
19	19	19	13	4845	255	0	255	255	255	993.316	340.684	0	2.013	0.457	1.861	993.316	340.684	0	991	339	0	6	4	0
39	39	39	23	9945	255	0	255	255	255	1252.974	350.615	0	3.309	1.478	3.537	1252.974	350.615	0	1248	347	0	10	8	0
16	16	16	11	4080	255	0	255	255	255	1300.688	350.188	0	1.827	0.332	1.839	1300.688	350.188	0	1299	348	0	4	5	0
60	60	60	23	15300	255	0	255	255	255	1025.850	356.217	0	3.932	0.534	3.878	1025.850	356.217	0	1022	352	0	8	10	0
56	56	56	21	14280	255	0	255	255	255	907.304	360.821	0	3.799	0.350	3.833	907.304	360.821	0	904	357	0	8	9	0
20	20	20	14	5100	255	0	255	255	255	977.100	359.100	0	2.111	0.819	2.240	977.100	359.100	0	974	358	0	7	4	0
41	41	41	20	10455	255	0	255	255	255	898.415	365.512	0	3.195	0.571	3.222	898.415	365.512	0	895	362	0	7	8	0
117	117	117	36	29835	255	0	255	255	255	1295.368	374.632	0	5.830	1.625	6.244	1295.369	374.632	0	1290	367	0	12	16	0
227	227	227	79	57885	255	0	255	255	255	797.115	382.044	0	8.995	3.981	9.104	797.115	382.044	0	789	368	0	23	26	0
425	425	425	119	108375	255	0	255	255	255	862.588	388.732	0	13.307	5.660	13.804	862.589	388.732	0	852	369	0	30	39	0
769	769	769	113	196095	255	0	255	255	255	1221.676	383.230	0	13.868	4.421	14.979	1221.677	383.230	0	1204	369	0	37	31	0
176	176	176	49	44880	255	0	255	255	255	820.239	378.023	0	7.173	1.354	7.257	820.239	378.023	0	812	370	0	16	18	0
54	54	54	22	13770	255	0	255	255	255	1044.537	374.315	0	3.731	0.490	3.709	1044.537	374.315	0	1041	371	0	9	8	0
328	328	328	85	83640	255	0	255	255	255	757.909	383.835	0	10.291	4.054	11.075	757.909	383.836	0	745	372	0	29	26	0
50	50	50	21	12750	255	0	255	255	255	779.880	375.560	0	3.541	0.335	3.551	779.880	375.560	0	776	372	0	8	8	0
330	330	330	69	84150	255	0	255	255	255	1319.076	385.755	0	10.103	3.107	9.673	1319.077	385.754	0	1311	372	0	16	30	0
33	33	33	16	8415	255	0	255	255	255	932.455	378.212	0	2.812	0.277	2.778	932.455	378.212	0	930	375	0	6	7	0
24	24	24	14	6120	255	0	255	255	255	941.167	377.500	0	2.328	0.326	2.369	941.167	377.500	0	939	375	0	5	6	0
222	222	222	48	56610	255	0	255	255	255	974.171	384.063	0	8.042	1.275	7.836	974.172	384.063	0	965	378	0	20	14	0
235	235	235	66	59925	255	0	255	255	255	710.115	394.834	0	9.058	3.674	9.392	710.116	394.834	0	698	385	0	25	22	0
124	124	124	34	31620	255	0	255	255	255	994.290	391.194	0	5.931	0.709	5.891	994.291	391.194	0	989	385	0	12	14	0
51	51	51	22	13005	255	0	255	255	255	953.137	389.569	0	3.593	0.413	3.555	953.137	389.569	0	950	386	0	8	8	0
69	69	69	25	17595	255	0	255	255	255	1276.290	390.087	0	4.233	0.472	4.270	1276.290	390.087	0	1272	386	0	9	10	0
23	23	23	13	5865	255	0	255	255	255	1043.304	390.174	0	2.332	0.483	2.244	1043.304	390.174	0	1041	387	0	5	7	0
71	71	71	25	18105	255	0	255	255	255	899.197	392.648	0	4.333	0.408	4.258	899.197	392.648	0	895	388	0	9	10	0
29	29	29	15	7395	255	0	255	255	255	779.897	392.172	0	2.602	0.433	2.634	779.897	392.172	0	778	389	0	5	7	0
50	50	50	20	12750	255	0	255	255	255	669.940	395.100	0	3.565	0.394	3.607	669.940	395.100	0	666	392	0	9	8	0
162	162	162	45	41310	255	0	255	255	255	814.136	399.000	0	7.080	2.164	6.864	814.137	399.000	0	805	393	0	21	13	0
48	48	48	21	12240	255	0	255	255	255	1051.188	397.958	0	3.459	0.556	3.469	1051.188	397.958	0	1048	394	0	7	9	0
221	221	221	52	56355	255	0	255	255	255	1253.326	403.824	0	8.194	2.294	7.870	1253.327	403.824	0	1242	395	0	22	18	0
121	121	121	40	30855	255	0	255	255	255	755.818	406.587	0	5.889	1.358	5.713	755.819	406.587	0	749	399	0	14	14	0
23	23	23	15	5865	255	0	255	255	255	779.609	400.435	0	2.244	0.499	2.245	779.609	400.435	0	777	399	0	6	4	0
223	223	223	52	56865	255	0	255	255	255	1011.641	408.009	0	7.996	1.140	8.073	1011.642	408.009	0	1002	399	0	19	19	0
597	597	597	135	152235	255	0	255	255	255	915.935	417.491	0	13.809	4.961	14.647	915.935	417.491	0	898	400	0	35	38	0
22	22	22	14	5610	255	0	255	255	255	1040.318	403.545	0	2.270	0.694	2.158	1040.318	403.545	0	1039	400	0	4	8	0
44	44	44	19	11220	255	0	255	255	255	847.932	404.614	0	3.321	0.484	3.333	847.932	404.614	0	845	401	0	7	9	0
50	50	50	26	12750	255	0	255	255	255	1300.340	407.060	0	3.721	1.503	4.019	1300.340	407.060	0	1297	402	0	7	11	0
413	413	413	85	105315	255	0	255	255	255	686.528	422.223	0	11.864	4.922	12.112	686.529	422.223	0	679	404	0	16	38	0
173	173	173	50	44115	255	0	255	255	255	1227.277	410.676	0	7.168	2.413	6.912	1227.278	410.676	0	1217	404	0	21	13	0
79	79	79	32	20145	255	0	255	255	255	945.684	408.671	0	4.670	1.177	4.670	945.684	408.671	0	941	405	0	12	10	0
235	235	235	72	59925	255	0	255	255	255	968.030	417.536	0	8.759	3.828	8.578	968.031	417.536	0	956	406	0	24	22	0
171	171	171	45	43605	255	0	255	255	255	839.111	416.415	0	6.965	1.627	7.498	839.112	416.415	0	833	408	0	13	18	0
122	122	122	36	31110	255	0	255	255	255	856.762	416.238	0	5.883	1.450	6.301	856.763	416.238	0	850	410	0	15	13	0
49	49	49	20	12495	255	0	255	255	255	790.571	418.531	0	3.511	0.275	3.561	790.571	418.531	0	787	415	0	8	8	0
896	896	896	170	228480	255	0	255	255	255	749.743	430.205	0	19.132	9.682	17.467	749.744	430.206	0	715	418	0	71	25	0
138	138	138	38	35190	255	0	255	255	255	669.203	425.043	0	6.216	0.787	6.190	669.203	425.043	0	663	419	0	13	14	0
262	262	262	52	66810	255	0	255	255	255	645.626	430.382	0	8.898	1.656	9.432	645.627	430.382	0	637	421	0	20	20	0
12	12	12	9	3060	255	0	255	255	255	777.000	423.417	0	1.607	0.476	1.583	777.000	423.417	0	775	422	0	5	4	0
331	331	331	62	84405	255	0	255	255	255	1334.405	435.211	0	9.931	1.900	9.619	1334.406	435.211	0	1324	422	0	19	28	0
223	223	223	49	56865	255	0	255	255	255	1204.722	431.960	0	8.001	1.234	8.410	1204.723	431.960	0	1196	424	0	19	16	0
175	175	175	54	44625	255	0	255	255	255	1022.634	436.097	0	7.229	2.787	6.998	1022.635	436.097	0	1014	426	0	16	20	0
194	194	194	51	49470	255	0	255	255	255	1071.552	436.851	0	7.781	2.633	7.716	1071.553	436.851	0	1061	429	0	22	17	0
53	53	53	23	13515	255	0	255	255	255	1052.717	435.264	0	3.834	1.077	3.747	1052.717	435.264	0	1049	431	0	9	10	0
72	72	72	27	18360	255	0	255	255	255	1306.431	436.153	0	4.380	0.759	4.433	1306.431	436.153	0	1302	431	0	10	11	0
77	77	77	25	19635	255	0	255	255	255	841.623	437.364	0	4.532	0.244	4.576	841.623	437.364	0	837	433	0	10	10	0
369	369	369	94	94095	255	0	255	255	255	894.821	450.973	0	10.851	4.283	10.949	894.823	450.973	0	881	433	0	28	32	0
22	22	22	13	5610	255	0	255	255	255	991.091	436.091	0	2.201	0.208	2.199	991.091	436.091	0	989	434	0	5	5	0
15	15	15	11	3825	255	0	255	255	255	1273.600	435.600	0	1.719	0.250	1.649	1273.600	435.600	0	1272	434	0	4	4	0
10	10	10	8	2550	255	0	255	255	255	610.500	436.200	0	1.364	0.301	1.407	610.500	436.200	0	609	435	0	4	3	0
19	19	19	12	4845	255	0	255	255	255	939.789	438.947	0	2.009	0.341	2.070	939.789	438.947	0	938	437	0	5	5	0
54	54	54	21	13770	255	0	255	255	255	1037.574	441.593	0	3.723	0.414	3.653	1037.574	441.593	0	1034	438	0	8	9	0
50	50	50	20	12750	255	0	255	255	255	871.840	443.500	0	3.572	0.303	3.552	871.840	443.500	0	868	440	0	8	8	0
320	320	320	71	81600	255	0	255	255	255	1230.244	455.075	0	10.321	4.031	10.737	1230.244	455.075	0	1222	440	0	17	31	0
88	88	88	36	22440	255	0	255	255	255	981.466	447.545	0	5.119	1.914	5.489	981.466	447.545	0	975	443	0	15	11	0
116	116	116	33	29580	255	0	255	255	255	849.440	450.138	0	5.624	0.387	5.562	849.440	450.138	0	844	444	0	12	13	0
71	71	71	25	18105	255	0	255	255	255	968.239	448.648	0	4.309	0.400	4.343	968.239	448.648	0	964	444	0	9	10	0
49	49	49	21	12495	255	0	255	255	255	1001.918	454.449	0	3.572	0.735	3.405	1001.918	454.449	0	999	450	0	7	10	0
46	46	46	22	11730	255	0	255	255	255	1065.826	459.826	0	3.383	0.538	3.280	1065.826	459.826	0	1063	456	0	8	8	0
141	141	141	46	35955	255	0	255	255	255	926.426	464.035	0	6.466	2.406	6.762	926.426	464.035	0	917	457	0	18	15	0
12	12	12	10	3060	255	0	255	255	255	1190.500	460.000	0	1.468	0.323	1.500	1190.500	460.000	0	1189	459	0	4	3	0
465	465	465	125	118575	255	0	255	255	255	1321.445	468.488	0	11.517	5.281	11.769	1321.446	468.488	0	1299	459	0	39	24	0
39	39	39	18	9945	255	0	255	255	255	998.205	463.821	0	3.180	0.646	3.259	998.205	463.821	0	995	461	0	8	7	0
172	172	172	45	43860	255	0	255	255	255	1111.773	470.517	0	7.017	1.741	7.384	1111.774	470.517	0	1104	463	0	18	16	0
48	48	48	34	12240	255	0	255	255	255	1264.771	474.292	0	4.206	1.967	4.214	1264.771	474.292	0	1257	470	0	14	8	0
106	106	106	32	27030	255	0	255	255	255	1030.009	476.755	0	5.397	0.719	5.299	1030.010	476.755	0	1024	471	0	13	12	0
62	62	62	23	15810	255	0	255	255	255	942.339	475.984	0	4.037	0.493	4.022	942.339	475.984	0	938	472	0	10	9	0
117	117	117	34	29835	255	0	255	255	255	1205.615	480.692	0	5.738	1.382	5.969	1205.616	480.692	0	1200	474	0	12	15	0
17	17	17	12	4335	255	0	255	255	255	951.059	476.529	0	1.886	0.434	1.836	951.059	476.529	0	949	475	0	5	5	0
16	16	16	11	4080	255	0	255	255	255	972.500	477.812	0	1.840	0.340	1.880	972.500	477.812	0	971	476	0	4	5	0
25	25	25	14	6375	255	0	255	255	255	1081.360	478.600	0	2.398	0.409	2.431	1081.360	478.600	0	1079	476	0	6	6	0
670	670	670	164	170850	255	0	255	255	255	1074.533	498.416	0	18.735	8.771	16.694	1074.535	498.416	0	1048	478	0	51	52	0
134	134	134	35	34170	255	0	255	255	255	1295.067	484.149	0	6.083	0.362	6.150	1295.068	484.149	0	1289	478	0	13	13	0
80	80	80	30	20400	255	0	255	255	255	1111.600	483.112	0	4.641	1.274	4.746	1111.600	483.112	0	1106	480	0	13	8	0
171	171	171	49	43605	255	0	255	255	255	1137.216	493.696	0	7.156	2.834	7.428	1137.217	493.696	0	1128	486	0	20	17	0
86	86	86	28	21930	255	0	255	255	255	989.337	491.035	0	4.803	0.481	4.759	989.337	491.035	0	984	487	0	12	10	0
232	232	232	60	59160	255	0	255	255	255	706.569	501.237	0	8.630	3.321	8.993	706.570	501.237	0	699	489	0	16	26	0
125	125	125	41	31875	255	0	255	255	255	747.264	496.992	0	5.977	1.348	6.053	747.264	496.992	0	741	490	0	15	14	0
46	46	46	21	11730	255	0	255	255	255	1314.913	494.370	0	3.434	0.575	3.371	1314.913	494.370	0	1312	491	0	7	9	0
19	19	19	12	4845	255	0	255	255	255	679.053	495.316	0	2.052	0.313	2.025	679.053	495.316	0	677	493	0	5	5	0
147	147	147	57	37485	255	0	255	255	255	662.041	501.327	0	7.078	2.847	6.967	662.041	501.327	0	651	495	0	23	14	0
25	25	25	13	6375	255	0	255	255	255	716.760	497.360	0	2.419	0.293	2.406	716.760	497.360	0	714	495	0	6	6	0
96	96	96	33	24480	255	0	255	255	255	928.354	502.573	0	5.174	1.327	5.105	928.354	502.573	0	924	496	0	10	15	0
47	47	47	30	11985	255	0	255	255	255	940.638	505.638	0	4.097	1.946	4.049	940.638	505.638	0	938	499	0	6	14	0
501	501	501	106	127755	255	0	255	255	255	685.417	517.661	0	12.486	4.075	12.532	685.418	517.661	0	675	501	0	24	37	0
152	152	152	50	38760	255	0	255	255	255	625.934	510.612	0	6.994	2.130	7.016	625.935	510.612	0	620	502	0	18	18	0
176	176	176	64	44880	255	0	255	255	255	762.540	508.739	0	7.821	2.993	7.984	762.540	508.739	0	755	502	0	22	15	0
11	11	11	8	2805	255	0	255	255	255	638.182	506.455	0	1.508	0.323	1.511	638.182	506.455	0	637	505	0	4	4	0
46	46	46	22	11730	255	0	255	255	255	647.043	509.522	0	3.383	0.556	3.364	647.043	509.522	0	644	506	0	7	9	0
156	156	156	48	39780	255	0	255	255	255	840.372	511.801	0	6.917	2.582	7.200	840.373	511.801	0	830	506	0	20	14	0
119	119	119	54	30345	255	0	255	255	255	1112.387	511.471	0	6.170	2.712	5.589	1112.387	511.471	0	1102	506	0	20	13	0
14	14	14	12	3570	255	0	255	255	255	822.071	509.286	0	1.705	0.595	1.768	822.071	509.286	0	820	508	0	5	4	0
433	433	433	77	110415	255	0	255	255	255	1267.693	521.534	0	11.676	2.970	12.203	1267.694	521.533	0	1254	513	0	32	22	0
105	105	105	30	26775	255	0	255	255	255	596.600	520.286	0	5.360	0.314	5.396	596.600	520.286	0	591	515	0	12	12	0
51	51	51	22	13005	255	0	255	255	255	747.000	521.000	0	3.594	0.480	3.606	747.000	521.000	0	743	517	0	8	9	0
236	236	236	49	60180	255	0	255	255	255	1033.242	525.699	0	8.230	0.924	8.422	1033.243	525.699	0	1024	518	0	19	17	0
91	91	91	32	23205	255	0	255	255	255	735.011	525.626	0	4.985	1.552	5.316	735.011	525.626	0	731	519	0	9	15	0
745	745	745	132	189975	255	0	255	255	255	650.342	550.689	0	16.235	7.494	16.867	650.344	550.689	0	633	523	0	37	51	0
51	51	51	21	13005	255	0	255	255	255	782.471	526.255	0	3.613	0.583	3.596	782.471	526.255	0	779	523	0	9	8	0
28	28	28	16	7140	255	0	255	255	255	1123.071	528.071	0	2.530	0.419	2.332	1123.071	528.071	0	1121	525	0	5	7	0
779	779	779	136	198645	255	0	255	255	255	1305.367	549.890	0	16.213	7.334	17.588	1305.368	549.889	0	1294	525	0	28	52	0
24	24	24	15	6120	255	0	255	255	255	963.542	528.750	0	2.308	0.580	2.296	963.542	528.750	0	962	526	0	4	7	0
439	439	439	86	111945	255	0	255	255	255	532.952	535.198	0	12.200	3.348	11.704	532.953	535.199	0	516	527	0	36	21	0
10	10	10	8	2550	255	0	255	255	255	559.000	528.500	0	1.385	0.307	1.309	559.000	528.500	0	558	527	0	3	4	0
40	40	40	18	10200	255	0	255	255	255	844.675	533.850	0	3.158	0.534	3.155	844.675	533.850	0	842	530	0	6	9	0
129	129	129	39	32895	255	0	255	255	255	579.713	535.721	0	6.010	1.971	6.465	579.713	535.721	0	571	531	0	18	11	0
117	117	117	41	29835	255	0	255	255	255	554.863	539.752	0	6.111	2.158	5.848	554.863	539.752	0	550	532	0	12	18	0
80	80	80	27	20400	255	0	255	255	255	822.862	537.375	0	4.637	0.723	4.755	822.863	537.375	0	818	532	0	10	12	0
19	19	19	12	4845	255	0	255	255	255	1289.579	533.684	0	2.059	0.479	1.996	1289.579	533.684	0	1287	532	0	6	4	0
66	66	66	23	16830	255	0	255	255	255	618.212	538.470	0	4.176	0.460	4.089	618.212	538.470	0	614	533	0	9	11	0
46	46	46	21	11730	255	0	255	255	255	914.022	537.152	0	3.390	0.598	3.193	914.022	537.152	0	910	533	0	8	9	0
133	133	133	63	33915	255	0	255	255	255	1225.977	541.699	0	7.559	3.001	6.777	1225.978	541.699	0	1219	535	0	20	18	0
20	20	20	14	5100	255	0	255	255	255	1279.400	536.350	0	2.104	0.613	2.129	1279.400	536.350	0	1277	535	0	6	4	0
299	299	299	60	76245	255	0	255	255	255	776.017	546.880	0	9.351	1.529	9.914	776.018	546.880	0	768	536	0	17	23	0
28	28	28	15	7140	255	0	255	255	255	481.786	539.179	0	2.547	0.500	2.551	481.786	539.179	0	479	537	0	7	5	0
200	200	200	55	51000	255	0	255	255	255	504.900	543.455	0	7.765	2.404	7.354	504.901	543.455	0	495	537	0	23	14	0
24	24	24	14	6120	255	0	255	255	255	1039.708	541.000	0	2.305	0.263	2.336	1039.708	541.000	0	1037	539	0	6	5	0
69	69	69	26	17595	255	0	255	255	255	753.536	547.246	0	4.208	0.504	4.307	753.536	547.246	0	749	543	0	10	9	0
87	87	87	29	22185	255	0	255	255	255	945.828	547.080	0	4.800	0.518	4.913	945.828	547.080	0	941	543	0	11	9	0
1363	1363	1363	193	347565	255	0	255	255	255	438.190	567.122	0	19.023	5.885	19.535	438.192	567.125	0	411	544	0	55	46	0
130	130	130	40	33150	255	0	255	255	255	1095.438	550.292	0	6.235	2.165	6.486	1095.439	550.292	0	1087	544	0	18	13	0
326	326	326	68	83130	255	0	255	255	255	394.555	553.960	0	9.876	2.170	9.642	394.556	553.960	0	381	545	0	25	22	0
60	60	60	24	15300	255	0	255	255	255	791.233	550.350	0	3.978	0.681	3.910	791.233	550.350	0	786	547	0	10	9	0
24	24	24	14	6120	255	0	255	255	255	1262.667	548.792	0	2.336	0.403	2.325	1262.667	548.792	0	1260	547	0	6	5	0
279	279	279	71	71145	255	0	255	255	255	814.824	557.885	0	8.494	2.799	8.160	814.826	557.885	0	804	548	0	21	22	0
45	45	45	19	11475	255	0	255	255	255	892.467	551.356	0	3.384	0.320	3.485	892.467	551.356	0	889	548	0	8	8	0
162	162	162	46	41310	255	0	255	255	255	576.049	558.179	0	6.792	2.214	7.396	576.050	558.179	0	570	549	0	14	19	0
1167	1167	1167	194	297585	255	0	255	255	255	1333.454	572.943	0	20.027	6.133	20.550	1333.459	572.943	0	1311	549	0	48	53	0
35	35	35	17	8925	255	0	255	255	255	674.057	553.371	0	2.913	0.460	3.009	674.057	553.371	0	671	550	0	7	7	0
227	227	227	63	57885	255	0	255	255	255	716.207	557.084	0	7.985	2.646	8.401	716.208	557.084	0	705	550	0	22	16	0
48	48	48	20	12240	255	0	255	255	255	493.500	554.875	0	3.478	0.310	3.484	493.500	554.875	0	490	551	0	8	9	0
261	261	261	66	66555	255	0	255	255	255	345.379	559.498	0	9.610	3.288	9.435	345.380	559.498	0	330	552	0	28	16	0
964	964	964	151	245820	255	0	255	255	255	526.775	570.604	0	17.269	4.459	17.391	526.776	570.602	0	501	552	0	47	36	0
98	98	98	31	24990	255	0	255	255	255	367.745	559.500	0	5.163	0.511	5.033	367.745	559.500	0	363	554	0	12	12	0
25	25	25	15	6375	255	0	255	255	255	595.200	555.920	0	2.350	0.306	2.264	595.200	555.920	0	593	554	0	6	5	0
72	72	72	24	18360	255	0	255	255	255	697.125	558.639	0	4.385	0.411	4.401	697.125	558.639	0	693	554	0	10	10	0
55	55	55	22	14025	255	0	255	255	255	636.473	559.218	0	3.720	0.289	3.727	636.473	559.218	0	633	556	0	8	8	0
38	38	38	20	9690	255	0	255	255	255	939.605	559.921	0	3.052	0.680	3.155	939.605	559.921	0	936	556	0	8	8	0
197	197	197	63	50235	255	0	255	255	255	982.650	565.066	0	6.953	2.620	7.447	982.651	565.066	0	974	556	0	20	17	0
93	93	93	28	23715	255	0	255	255	255	795.065	562.398	0	5.016	0.356	5.018	795.065	562.398	0	790	557	0	11	11	0
25	25	25	17	6375	255	0	255	255	255	841.800	562.600	0	2.544	1.096	2.828	841.800	562.600	0	839	560	0	7	7	0
283	283	283	66	72165	255	0	255	255	255	1279.844	569.693	0	8.995	2.725	9.595	1279.846	569.692	0	1265	561	0	26	18	0
52	52	52	28	13260	255	0	255	255	255	597.788	564.019	0	3.894	1.668	4.178	597.788	564.019	0	592	562	0	13	6	0
26	26	26	16	6630	255	0	255	255	255	856.192	564.923	0	2.443	0.609	2.387	856.192	564.923	0	854	562	0	5	7	0
201	201	201	47	51255	255	0	255	255	255	748.353	569.542	0	7.595	1.429	7.705	748.354	569.542	0	739	563	0	20	14	0
136	136	136	40	34680	255	0	255	255	255	1066.625	571.397	0	6.202	1.562	6.521	1066.626	571.397	0	1061	564	0	12	16	0
58	58	58	23	14790	255	0	255	255	255	1102.552	568.483	0	3.839	0.327	3.772	1102.552	568.483	0	1099	564	0	8	9	0
210	210	210	46	53550	255	0	255	255	255	561.267	575.300	0	7.764	0.879	7.663	561.267	575.300	0	553	568	0	17	16	0
128	128	128	40	32640	255	0	255	255	255	367.406	574.352	0	6.092	1.498	6.484	367.406	574.351	0	360	569	0	16	12	0
30	30	30	15	7650	255	0	255	255	255	403.367	571.633	0	2.659	0.215	2.708	403.367	571.633	0	401	569	0	6	6	0
53	53	53	21	13515	255	0	255	255	255	766.924	573.849	0	3.689	0.380	3.692	766.924	573.849	0	763	570	0	9	8	0
97	97	97	37	24735	255	0	255	255	255	1133.464	575.588	0	5.460	1.964	5.479	1133.464	575.588	0	1127	570	0	16	13	0
32	32	32	16	8160	255	0	255	255	255	630.344	573.656	0	2.745	0.442	2.736	630.344	573.656	0	628	571	0	6	7	0
149	149	149	38	37995	255	0	255	255	255	829.638	578.671	0	6.611	1.215	6.725	829.638	578.671	0	823	571	0	14	16	0
134	134	134	38	34170	255	0	255	255	255	996.836	577.127	0	6.157	1.579	6.563	996.837	577.127	0	989	572	0	17	12	0
142	142	142	51	36210	255	0	255	255	255	389.324	581.014	0	6.973	2.907	7.390	389.324	581.014	0	380	574	0	22	15	0
94	94	94	39	23970	255	0	255	255	255	909.723	582.340	0	5.397	2.186	5.802	909.724	582.340	0	904	575	0	13	15	0
10	10	10	8	2550	255	0	255	255	255	605.000	577.500	0	1.385	0.307	1.309	605.000	577.500	0	604	576	0	3	4	0
96	96	96	29	24480	255	0	255	255	255	959.146	582.240	0	5.081	0.410	5.151	959.146	582.240	0	954	577	0	11	12	0
112	112	112	39	28560	255	0	255	255	255	926.321	584.330	0	5.535	2.092	6.281	926.322	584.330	0	919	578	0	15	15	0
318	318	318	74	81090	255	0	255	255	255	980.189	591.720	0	9.692	4.006	10.160	980.190	591.720	0	972	578	0	18	29	0
16	16	16	11	4080	255	0	255	255	255	551.000	580.375	0	1.817	0.350	1.908	551.000	580.375	0	549	579	0	5	4	0
82	82	82	27	20910	255	0	255	255	255	467.329	584.646	0	4.654	0.332	4.663	467.329	584.646	0	463	580	0	10	10	0
237	237	237	64	60435	255	0	255	255	255	947.304	592.979	0	8.398	3.380	8.714	947.305	592.979	0	939	581	0	17	26	0
44	44	44	20	11220	255	0	255	255	255	346.818	585.182	0	3.280	0.308	3.285	346.818	585.182	0	344	582	0	7	7	0
135	135	135	39	34425	255	0	255	255	255	1298.148	593.193	0	6.143	1.354	6.490	1298.149	593.192	0	1291	586	0	14	15	0
92	92	92	34	23460	255	0	255	255	255	1281.554	602.228	0	5.157	1.415	5.211	1281.555	602.228	0	1278	594	0	9	15	0
131	131	131	39	33405	255	0	255	255	255	1019.763	603.794	0	6.066	1.473	6.398	1019.764	603.794	0	1012	599	0	16	11	0
73	73	73	25	18615	255	0	255	255	255	1079.452	604.877	0	4.394	0.497	4.454	1079.452	604.877	0	1075	600	0	9	11	0
145	145	145	39	36975	255	0	255	255	255	1370.124	612.455	0	6.364	0.709	6.364	1370.125	612.455	0	1364	605	0	13	15	0
26	26	26	14	6630	255	0	255	255	255	1345.077	609.577	0	2.482	0.390	2.502	1345.077	609.577	0	1342	607	0	6	6	0
260	260	260	62	66300	255	0	255	255	255	1290.773	617.377	0	9.033	3.174	9.153	1290.774	617.377	0	1279	609	0	26	18	0
125	125	125	36	31875	255	0	255	255	255	1053.800	630.512	0	5.866	1.066	5.908	1053.801	630.512	0	1047	624	0	14	13	0
98	98	98	34	24990	255	0	255	255	255	1377.969	630.765	0	5.199	1.192	5.194	1377.970	630.765	0	1373	624	0	10	14	0
154	154	154	48	39270	255	0	255	255	255	1388.935	639.896	0	6.654	2.582	7.143	1388.936	639.896	0	1381	630	0	16	19	0
131	131	131	38	33405	255	0	255	255	255	1298.122	638.466	0	6.210	1.463	6.084	1298.123	638.466	0	1289	634	0	18	11	0
24	24	24	13	6120	255	0	255	255	255	964.125	642.667	0	2.346	0.280	2.337	964.125	642.667	0	962	640	0	5	6	0
135	135	135	37	34425	255	0	255	255	255	929.948	648.711	0	6.312	1.164	6.189	929.949	648.711	0	924	642	0	12	15	0
149	149	149	41	37995	255	0	255	255	255	1272.047	656.356	0	6.506	1.369	6.657	1272.048	656.356	0	1267	648	0	11	17	0
30	30	30	19	7650	255	0	255	255	255	1308.600	668.700	0	2.713	0.842	2.766	1308.600	668.700	0	1307	665	0	4	8	0
49	49	49	25	12495	255	0	255	255	255	1116.959	671.041	0	3.466	0.857	3.595	1116.959	671.041	0	1112	668	0	10	8	0
24	24	24	14	6120	255	0	255	255	255	1379.000	671.125	0	2.326	0.303	2.239	1379.000	671.125	0	1377	669	0	5	6	0
211	211	211	48	53805	255	0	255	255	255	1336.384	683.370	0	7.777	1.115	7.758	1336.385	683.370	0	1328	676	0	17	17	0
85	85	85	27	21675	255	0	255	255	255	1306.753	683.812	0	4.789	0.535	4.818	1306.754	683.812	0	1302	679	0	11	11	0
49	49	49	22	12495	255	0	255	255	255	982.673	688.347	0	3.482	0.840	3.715	982.673	688.347	0	980	684	0	7	9	0
93	93	93	30	23715	255	0	255	255	255	963.355	691.903	0	5.009	0.767	4.830	963.355	691.903	0	959	686	0	10	13	0
46	46	46	23	11730	255	0	255	255	255	1394.043	697.565	0	3.390	0.902	3.435	1394.043	697.565	0	1390	693	0	8	9	0
27	27	27	17	6885	255	0	255	255	255	1203.519	711.704	0	2.605	0.754	2.536	1203.519	711.704	0	1201	709	0	7	6	0
121	121	121	34	30855	255	0	255	255	255	1381.769	715.471	0	5.940	1.407	6.335	1381.769	715.471	0	1375	709	0	14	14	0
21	21	21	14	5355	255	0	255	255	255	1113.190	713.762	0	2.112	0.410	2.159	1113.190	713.762	0	1111	712	0	5	5	0
57	57	57	21	14535	255	0	255	255	255	1291.632	721.158	0	3.844	0.281	3.860	1291.631	721.158	0	1288	717	0	8	9	0
17	17	17	12	4335	255	0	255	255	255	1253.235	723.059	0	1.875	0.378	1.978	1253.235	723.059	0	1252	721	0	4	5	0
54	54	54	26	13770	255	0	255	255	255	963.204	725.815	0	3.863	1.324	3.923	963.204	725.815	0	958	722	0	11	8	0
105	105	105	31	26775	255	0	255	255	255	989.257	737.667	0	5.319	0.451	5.413	989.257	737.667	0	984	732	0	11	12	0
70	70	70	27	17850	255	0	255	255	255	1333.771	749.714	0	4.292	0.773	4.298	1333.772	749.714	0	1330	745	0	9	11	0
67	67	67	23	17085	255	0	255	255	255	1082.164	751.433	0	4.207	0.320	4.172	1082.164	751.433	0	1078	747	0	9	10	0
93	93	93	33	23715	255	0	255	255	255	1351.323	752.032	0	5.075	1.418	5.175	1351.323	752.032	0	1344	748	0	15	9	0
73	73	73	26	18615	255	0	255	255	255	1316.630	757.164	0	4.369	0.467	4.389	1316.631	757.164	0	1312	752	0	10	11	0
83	83	83	30	21165	255	0	255	255	255	1367.735	758.602	0	4.768	0.858	4.540	1367.736	758.602	0	1364	753	0	9	13	0
29	29	29	15	7395	255	0	255	255	255	1152.414	760.862	0	2.615	0.281	2.590	1152.414	760.862	0	1150	758	0	6	6	0
33	33	33	18	8415	255	0	255	255	255	1147.788	768.303	0	2.786	0.436	2.796	1147.788	768.303	0	1145	765	0	6	7	0
90	90	90	29	22950	255	0	255	255	255	1341.400	770.867	0	4.907	0.496	4.883	1341.401	770.867	0	1336	766	0	11	12	0
94	94	94	32	23970	255	0	255	255	255	1163.277	774.415	0	5.053	1.269	5.120	1163.277	774.415	0	1160	768	0	8	14	0
84	84	84	34	21420	255	0	255	255	255	946.619	776.238	0	4.650	1.232	4.780	946.619	776.238	0	942	772	0	12	10	0
26	26	26	15	6630	255	0	255	255	255	1293.615	781.731	0	2.442	0.489	2.400	1293.615	781.731	0	1292	779	0	5	7	0
64	64	64	23	16320	255	0	255	255	255	1310.266	788.875	0	4.077	0.263	4.134	1310.266	788.875	0	1306	785	0	9	9	0
106	106	106	33	27030	255	0	255	255	255	942.226	795.538	0	5.488	1.039	5.464	942.227	795.538	0	938	789	0	10	14	0
34	34	34	17	8670	255	0	255	255	255	1015.265	792.529	0	2.853	0.434	2.775	1015.265	792.529	0	1013	789	0	6	8	0
23	23	23	15	5865	255	0	255	255	255	1379.739	792.043	0	2.353	0.806	2.328	1379.739	792.043	0	1378	789	0	4	8	0
20	20	20	13	5100	255	0	255	255	255	1323.150	799.300	0	2.085	0.573	1.978	1323.150	799.300	0	1320	798	0	7	4	0
108	108	108	35	27540	255	0	255	255	255	954.352	808.926	0	5.476	1.207	5.724	954.352	808.926	0	949	802	0	13	14	0
49	49	49	20	12495	255	0	255	255	255	980.816	810.531	0	3.522	0.389	3.534	980.816	810.531	0	977	807	0	8	8	0
151	151	151	44	38505	255	0	255	255	255	925.232	824.378	0	6.765	1.914	7.277	925.232	824.378	0	918	817	0	15	16	0
138	138	138	39	35190	255	0	255	255	255	945.384	828.616	0	6.240	1.289	6.396	945.385	828.616	0	939	821	0	13	16	0
17	17	17	12	4335	255	0	255	255	255	1387.000	836.118	0	2.028	0.645	2.067	1387.000	836.118	0	1385	834	0	6	5	0
43	43	43	19	10965	255	0	255	255	255	1047.395	838.721	0	3.263	0.367	3.306	1047.395	838.721	0	1044	835	0	7	8	0
29	29	29	15	7395	255	0	255	255	255	938.586	839.414	0	2.649	0.339	2.619	938.586	839.414	0	936	837	0	6	6	0
62	62	62	28	15810	255	0	255	255	255	984.387	845.000	0	4.158	1.403	4.273	984.387	845.000	0	980	840	0	10	11	0
49	49	49	21	12495	255	0	255	255	255	1345.122	848.245	0	3.525	0.608	3.434	1345.122	848.245	0	1342	844	0	7	9	0
75	75	75	26	19125	255	0	255	255	255	886.053	894.347	0	4.427	0.280	4.454	886.053	894.347	0	882	890	0	9	10	0
38	38	38	18	9690	255	0	255	255	255	963.816	908.053	0	3.033	0.366	3.058	963.816	908.053	0	961	905	0	7	7	0
29	29	29	16	7395	255	0	255	255	255	1160.517	908.759	0	2.574	0.316	2.613	1160.517	908.759	0	1158	906	0	6	6	0
65	65	65	23	16575	255	0	255	255	255	867.831	915.831	0	4.134	0.399	4.173	867.831	915.831	0	864	911	0	9	10	0
18	18	18	11	4590	255	0	255	255	255	1230.167	928.278	0	1.972	0.321	1.971	1230.167	928.278	0	1228	926	0	5	5	0
30	30	30	16	7650	255	0	255	255	255	1241.067	967.067	0	2.645	0.451	2.782	1241.067	967.067	0	1239	964	0	5	7	0
48	48	48	22	12240	255	0	255	255	255	1354.854	1000.521	0	3.461	0.640	3.509	1354.854	1000.521	0	1352	997	0	7	9	0
22	22	22	13	5610	255	0	255	255	255	1207.091	1001.273	0	2.253	0.418	2.214	1207.091	1001.273	0	1205	999	0	5	6	0
45	45	45	21	11475	255	0	255	255	255	966.978	1002.222	0	3.384	0.752	3.260	966.978	1002.222	0	962	1000	0	10	6	0
71	71	71	27	18105	255	0	255	255	255	825.028	1016.789	0	4.339	0.954	4.407	825.028	1016.789	0	819	1013	0	12	9	0
11	11	11	8	2805	255	0	255	255	255	1056.818	1025.545	0	1.508	0.323	1.511	1056.818	1025.545	0	1055	1024	0	4	4	0
43	43	43	22	10965	255	0	255	255	255	814.000	1037.116	0	3.393	1.072	3.164	814.000	1037.116	0	809	1035	0	11	5	0
