Volume (pixel^3)	Surface (pixel^2)	Nb of obj. voxels	Nb of surf. voxels	IntDen	Mean	StdDev	Median	Min	Max	X	Y	Z	Mean dist. to surf. (pixel)	SD dist. to surf. (pixel)	Median dist. to surf. (pixel)	XM	YM	ZM	BX	BY	BZ	B-width	B-height	B-depth
20638	20638	20638	10203	5262690	255	0	255	255	255	726.677	558.237	0	725.024	106.675	734.354	726.687	558.252	0	0	0	0	1470	1122	0
277	277	277	51	70635	255	0	255	255	255	110.202	44.491	0	8.994	1.076	9.473	110.202	44.491	0	101	35	0	20	20	0
78	78	78	27	19890	255	0	255	255	255	160.397	40.000	0	4.520	0.413	4.603	160.397	40.000	0	156	36	0	10	10	0
245	245	245	53	62475	255	0	255	255	255	100.727	72.829	0	8.595	2.291	9.310	100.727	72.829	0	90	63	0	21	20	0
305	305	305	54	77775	255	0	255	255	255	160.502	71.052	0	9.473	0.982	9.576	160.502	71.052	0	150	63	0	23	19	0
811	811	811	128	206805	255	0	255	255	255	169.928	116.577	0	17.774	7.519	18.520	169.929	116.577	0	150	95	0	35	50	0
100	100	100	31	25500	255	0	255	255	255	114.520	108.100	0	5.173	0.389	5.130	114.520	108.100	0	109	103	0	11	11	0
362	362	362	62	92310	255	0	255	255	255	83.094	121.809	0	10.328	1.057	10.273	83.094	121.809	0	73	111	0	22	23	0
564	564	564	79	143820	255	0	255	255	255	114.851	149.872	0	13.090	2.282	12.844	114.851	149.872	0	104	134	0	23	33	0
184	184	184	45	46920	255	0	255	255	255	74.913	162.250	0	7.202	1.147	7.468	74.913	162.250	0	69	154	0	13	17	0
218	218	218	47	55590	255	0	255	255	255	144.537	167.225	0	7.919	1.052	7.950	144.537	167.225	0	136	159	0	19	16	0
1615	1615	1615	262	411825	255	0	255	255	255	1084.545	215.436	0	28.502	13.263	26.110	1084.552	215.436	0	1047	196	0	91	50	0
153	153	153	43	39015	255	0	255	255	255	117.634	209.176	0	6.582	1.557	7.166	117.634	209.176	0	112	201	0	12	17	0
386	386	386	68	98430	255	0	255	255	255	132.547	223.552	0	10.673	1.534	10.455	132.547	223.552	0	123	210	0	21	26	0
292	292	292	61	74460	255	0	255	255	255	173.267	233.452	0	9.368	2.608	9.517	173.267	233.452	0	161	226	0	26	15	0
612	612	612	118	156060	255	0	255	255	255	1003.083	258.757	0	14.060	6.732	14.523	1003.084	258.756	0	993	236	0	22	46	0
200	200	200	54	51000	255	0	255	255	255	1036.545	252.660	0	8.222	2.798	8.400	1036.546	252.660	0	1027	243	0	20	21	0
191	191	191	44	48705	255	0	255	255	255	1027.105	275.613	0	7.372	0.805	7.415	1027.106	275.613	0	1019	267	0	17	17	0
374	374	374	60	95370	255	0	255	255	255	949.227	282.797	0	10.507	1.036	10.591	949.228	282.797	0	940	271	0	21	25	0
254	254	254	56	64770	255	0	255	255	255	167.248	303.398	0	8.586	2.514	9.417	167.248	303.398	0	159	293	0	18	23	0
148	148	148	37	37740	255	0	255	255	255	882.622	300.642	0	6.406	0.470	6.521	882.622	300.642	0	876	295	0	14	13	0
242	242	242	49	61710	255	0	255	255	255	941.752	311.017	0	8.460	1.508	8.483	941.753	311.016	0	934	301	0	17	21	0
601	601	601	79	153255	255	0	255	255	255	858.497	318.448	0	13.500	2.070	13.544	858.499	318.447	0	845	303	0	26	33	0
170	170	170	42	43350	255	0	255	255	255	117.429	314.271	0	7.006	1.230	7.434	117.429	314.271	0	110	307	0	16	16	0
245	245	245	54	62475	255	0	255	255	255	141.608	320.278	0	8.426	1.923	8.850	141.608	320.278	0	131	314	0	22	14	0
145	145	145	39	36975	255	0	255	255	255	129.034	348.448	0	6.338	0.667	6.512	129.034	348.448	0	123	342	0	12	14	0
299	299	299	61	76245	255	0	255	255	255	843.826	356.348	0	9.362	2.675	9.377	843.827	356.348	0	836	343	0	16	27	0
217	217	217	57	55335	255	0	255	255	255	812.018	353.636	0	8.455	2.803	8.771	812.019	353.636	0	806	344	0	15	24	0
95	95	95	29	24225	255	0	255	255	255	181.389	350.611	0	5.058	0.339	4.998	181.389	350.611	0	176	345	0	11	12	0
76	76	76	26	19380	255	0	255	255	255	784.829	360.605	0	4.477	0.325	4.494	784.829	360.605	0	780	356	0	10	10	0
105	105	105	33	26775	255	0	255	255	255	876.886	372.048	0	5.434	1.013	5.169	876.886	372.048	0	872	365	0	11	14	0
57	57	57	22	14535	255	0	255	255	255	751.105	380.123	0	3.828	0.421	3.929	751.105	380.123	0	747	376	0	9	9	0
186	186	186	47	47430	255	0	255	255	255	117.833	387.511	0	7.281	1.791	7.555	117.833	387.511	0	112	378	0	12	19	0
461	461	461	80	117555	255	0	255	255	255	185.584	411.759	0	11.876	2.936	11.889	185.584	411.759	0	171	401	0	33	22	0
115	115	115	37	29325	255	0	255	255	255	81.826	408.217	0	5.546	1.039	5.901	81.826	408.217	0	76	402	0	11	13	0
318	318	318	56	81090	255	0	255	255	255	765.588	430.956	0	9.687	1.229	9.646	765.589	430.956	0	756	420	0	20	22	0
97	97	97	29	24735	255	0	255	255	255	169.093	432.021	0	5.122	0.214	5.087	169.093	432.021	0	164	427	0	11	11	0
149	149	149	35	37995	255	0	255	255	255	104.859	441.302	0	6.542	0.702	6.707	104.859	441.302	0	98	435	0	15	14	0
88	88	88	30	22440	255	0	255	255	255	141.170	453.159	0	4.833	0.533	4.898	141.170	453.159	0	136	449	0	12	9	0
444	444	444	71	113220	255	0	255	255	255	645.257	466.306	0	11.854	2.907	11.823	645.258	466.306	0	636	452	0	21	31	0
326	326	326	60	83130	255	0	255	255	255	105.117	476.847	0	9.774	1.049	9.317	105.117	476.846	0	96	466	0	19	23	0
180	180	180	45	45900	255	0	255	255	255	138.422	490.600	0	7.168	1.433	7.498	138.422	490.600	0	132	482	0	14	18	0
134	134	134	37	34170	255	0	255	255	255	83.776	503.425	0	6.059	0.565	6.094	83.776	503.425	0	78	497	0	12	14	0
125	125	125	34	31875	255	0	255	255	255	109.680	508.064	0	5.855	0.333	5.938	109.680	508.064	0	104	502	0	13	13	0
199	199	199	45	50745	255	0	255	255	255	193.010	540.719	0	7.555	1.187	7.782	193.010	540.719	0	186	532	0	16	18	0
216	216	216	48	55080	255	0	255	255	255	88.343	547.977	0	7.853	1.293	8.105	88.343	547.977	0	82	539	0	15	19	0
136	136	136	35	34680	255	0	255	255	255	100.176	573.507	0	6.156	0.490	6.196	100.176	573.507	0	94	567	0	13	14	0
120	120	120	36	30600	255	0	255	255	255	572.075	585.275	0	5.823	1.394	5.977	572.075	585.275	0	567	578	0	11	15	0
96	96	96	30	24480	255	0	255	255	255	543.365	593.531	0	5.081	0.415	5.051	543.365	593.531	0	539	588	0	10	12	0
169	169	169	42	43095	255	0	255	255	255	45.041	599.391	0	6.928	1.467	6.848	45.041	599.390	0	40	590	0	11	19	0
112	112	112	33	28560	255	0	255	255	255	526.312	605.750	0	5.510	0.466	5.458	526.312	605.750	0	520	601	0	13	11	0
83	83	83	28	21165	255	0	255	255	255	456.253	610.831	0	4.690	0.485	4.726	456.253	610.831	0	451	607	0	11	10	0
115	115	115	32	29325	255	0	255	255	255	461.226	627.591	0	5.617	0.277	5.604	461.226	627.591	0	456	622	0	12	12	0
128	128	128	34	32640	255	0	255	255	255	484.633	651.438	0	5.942	0.367	5.845	484.633	651.437	0	479	645	0	13	14	0
34	34	34	18	8670	255	0	255	255	255	78.941	650.029	0	2.925	0.799	3.001	78.941	650.029	0	77	646	0	6	8	0
136	136	136	36	34680	255	0	255	255	255	214.993	661.978	0	6.151	0.469	6.076	214.993	661.978	0	209	656	0	14	13	0
121	121	121	33	30855	255	0	255	255	255	555.380	662.223	0	5.754	0.361	5.784	555.380	662.223	0	550	656	0	13	13	0
276	276	276	53	70380	255	0	255	255	255	381.996	671.514	0	9.198	1.840	9.348	381.997	671.514	0	373	661	0	19	22	0
140	140	140	35	35700	255	0	255	255	255	78.900	686.257	0	6.303	0.810	6.353	78.900	686.257	0	72	679	0	14	15	0
255	255	255	49	65025	255	0	255	255	255	416.478	687.898	0	8.656	1.230	8.777	416.479	687.898	0	406	680	0	21	18	0
524	524	524	80	133620	255	0	255	255	255	91.981	704.635	0	12.379	1.856	12.769	91.981	704.635	0	78	691	0	28	27	0
125	125	125	34	31875	255	0	255	255	255	347.064	698.952	0	5.858	0.464	5.923	347.064	698.952	0	342	693	0	12	13	0
130	130	130	35	33150	255	0	255	255	255	406.546	721.162	0	5.977	0.434	5.999	406.546	721.162	0	401	715	0	12	13	0
308	308	308	61	78540	255	0	255	255	255	327.903	738.354	0	9.491	1.885	9.397	327.903	738.354	0	320	726	0	19	25	0
207	207	207	47	52785	255	0	255	255	255	436.734	739.357	0	7.698	1.598	8.045	436.735	739.358	0	430	730	0	14	20	0
67	67	67	25	17085	255	0	255	255	255	300.164	741.403	0	4.162	0.342	4.155	300.164	741.403	0	296	737	0	9	9	0
136	136	136	36	34680	255	0	255	255	255	59.838	746.199	0	6.123	0.482	6.128	59.838	746.199	0	53	741	0	15	12	0
210	210	210	46	53550	255	0	255	255	255	470.367	749.295	0	7.901	1.248	8.346	470.367	749.296	0	462	741	0	18	17	0
54	54	54	22	13770	255	0	255	255	255	23.630	762.130	0	3.699	0.449	3.767	23.630	762.130	0	20	759	0	9	8	0
23	23	23	14	5865	255	0	255	255	255	740.652	766.826	0	2.291	0.460	2.312	740.652	766.826	0	738	764	0	6	6	0
787	787	787	121	200685	255	0	255	255	255	204.280	793.419	0	16.572	7.285	17.124	204.281	793.418	0	189	768	0	29	52	0
21	21	21	14	5355	255	0	255	255	255	745.286	774.000	0	2.127	0.344	2.072	745.286	774.000	0	743	772	0	5	5	0
108	108	108	31	27540	255	0	255	255	255	47.083	780.324	0	5.414	0.274	5.402	47.083	780.324	0	42	775	0	11	12	0
372	372	372	82	94860	255	0	255	255	255	676.815	785.976	0	10.437	1.907	10.616	676.816	785.976	0	662	776	0	27	22	0
173	173	173	40	44115	255	0	255	255	255	354.058	784.896	0	7.079	1.083	7.281	354.058	784.896	0	346	777	0	16	17	0
400	400	400	65	102000	255	0	255	255	255	624.955	799.990	0	10.819	0.756	11.010	624.956	799.991	0	613	789	0	24	23	0
11	11	11	9	2805	255	0	255	255	255	812.273	798.273	0	1.404	0.420	1.466	812.273	798.273	0	811	797	0	4	4	0
249	249	249	53	63495	255	0	255	255	255	580.104	821.209	0	8.599	1.952	8.717	580.105	821.209	0	569	814	0	23	15	0
507	507	507	74	129285	255	0	255	255	255	545.639	833.260	0	12.227	0.810	12.100	545.640	833.260	0	532	821	0	28	25	0
198	198	198	48	50490	255	0	255	255	255	614.323	830.035	0	7.538	1.819	7.814	614.324	830.036	0	604	825	0	21	11	0
69	69	69	24	17595	255	0	255	255	255	18.739	837.536	0	4.304	0.551	4.379	18.739	837.536	0	14	832	0	10	11	0
89	89	89	29	22695	255	0	255	255	255	708.079	840.697	0	4.887	0.565	4.890	708.079	840.697	0	703	835	0	11	12	0
135	135	135	37	34425	255	0	255	255	255	34.681	848.667	0	6.132	0.617	5.946	34.681	848.667	0	29	842	0	12	14	0
627	627	627	95	159885	255	0	255	255	255	484.643	857.182	0	13.879	4.267	14.358	484.644	857.182	0	468	843	0	36	30	0
438	438	438	83	111690	255	0	255	255	255	760.669	859.637	0	11.653	2.423	11.485	760.670	859.638	0	746	847	0	28	25	0
79	79	79	27	20145	255	0	255	255	255	107.797	859.937	0	4.575	0.382	4.511	107.797	859.937	0	103	855	0	10	10	0
1141	1141	1141	188	290955	255	0	255	255	255	430.106	878.564	0	22.539	10.439	21.613	430.107	878.564	0	390	860	0	77	36	0
226	226	226	48	57630	255	0	255	255	255	712.066	869.602	0	8.063	0.580	8.072	712.068	869.602	0	703	861	0	19	17	0
82	82	82	27	20910	255	0	255	255	255	111.354	874.427	0	4.659	0.302	4.629	111.354	874.427	0	107	870	0	10	10	0
155	155	155	38	39525	255	0	255	255	255	190.768	884.426	0	6.668	0.726	6.561	190.768	884.426	0	184	877	0	14	15	0
202	202	202	45	51510	255	0	255	255	255	388.446	900.342	0	7.609	1.158	7.771	388.446	900.342	0	382	892	0	14	18	0
468	468	468	76	119340	255	0	255	255	255	173.118	916.897	0	11.933	3.300	12.052	173.118	916.898	0	164	901	0	18	34	0
573	573	573	104	146115	255	0	255	255	255	313.686	915.436	0	14.395	5.500	14.250	313.687	915.436	0	297	902	0	39	31	0
626	626	626	81	159630	255	0	255	255	255	667.083	913.955	0	13.683	1.059	13.614	667.084	913.955	0	652	902	0	30	28	0
303	303	303	54	77265	255	0	255	255	255	508.832	917.518	0	9.408	1.195	9.365	508.833	917.518	0	501	906	0	18	24	0
132	132	132	35	33660	255	0	255	255	255	226.182	914.811	0	6.064	0.617	6.085	226.182	914.811	0	221	908	0	12	14	0
147	147	147	37	37485	255	0	255	255	255	534.238	915.395	0	6.391	0.336	6.399	534.238	915.395	0	528	909	0	13	14	0
120	120	120	32	30600	255	0	255	255	255	643.767	918.492	0	5.761	0.356	5.786	643.767	918.492	0	638	913	0	13	12	0
39	39	39	17	9945	255	0	255	255	255	274.128	920.872	0	3.110	0.199	3.085	274.128	920.872	0	271	918	0	7	7	0
50	50	50	22	12750	255	0	255	255	255	104.820	923.460	0	3.525	0.698	3.638	104.820	923.460	0	100	921	0	10	6	0
79	79	79	26	20145	255	0	255	255	255	366.646	931.468	0	4.582	0.226	4.586	366.646	931.468	0	362	927	0	10	10	0
730	730	730	131	186150	255	0	255	255	255	593.649	951.938	0	15.573	5.065	16.351	593.650	951.940	0	572	930	0	40	40	0
163	163	163	39	41565	255	0	255	255	255	447.663	938.785	0	6.762	0.367	6.783	447.663	938.785	0	441	932	0	14	15	0
116	116	116	32	29580	255	0	255	255	255	414.112	948.716	0	5.634	0.314	5.631	414.112	948.716	0	409	943	0	12	12	0
244	244	244	55	62220	255	0	255	255	255	527.623	954.742	0	8.355	0.992	8.290	527.624	954.742	0	519	947	0	19	16	0
258	258	258	61	65790	255	0	255	255	255	182.314	954.930	0	9.036	3.011	9.030	182.314	954.930	0	170	948	0	27	14	0
54	54	54	22	13770	255	0	255	255	255	74.574	953.648	0	3.703	0.378	3.678	74.574	953.648	0	71	950	0	9	8	0
75	75	75	26	19125	255	0	255	255	255	346.067	956.107	0	4.442	0.348	4.365	346.067	956.107	0	342	951	0	9	11	0
370	370	370	65	94350	255	0	255	255	255	284.651	969.532	0	10.536	2.289	10.477	284.652	969.533	0	276	955	0	17	29	0
13	13	13	9	3315	255	0	255	255	255	72.769	968.154	0	1.639	0.348	1.687	72.769	968.154	0	71	966	0	4	5	0
76	76	76	25	19380	255	0	255	255	255	253.434	981.487	0	4.503	0.239	4.522	253.434	981.487	0	249	977	0	10	10	0
235	235	235	47	59925	255	0	255	255	255	429.630	997.008	0	8.211	0.577	8.299	429.630	997.009	0	421	989	0	18	17	0
93	93	93	30	23715	255	0	255	255	255	35.624	1018.946	0	4.972	0.305	5.001	35.624	1018.946	0	31	1014	0	10	11	0
59	59	59	23	15045	255	0	255	255	255	439.932	1029.169	0	3.898	0.393	3.942	439.932	1029.169	0	436	1026	0	9	8	0
158	158	158	39	40290	255	0	255	255	255	376.766	1040.348	0	6.697	0.916	6.797	376.766	1040.348	0	370	1033	0	14	16	0
