Volume (pixel^3)	Surface (pixel^2)	Nb of obj. voxels	Nb of surf. voxels	IntDen	Mean	StdDev	Median	Min	Max	X	Y	Z	Mean dist. to surf. (pixel)	SD dist. to surf. (pixel)	Median dist. to surf. (pixel)	XM	YM	ZM	BX	BY	BZ	B-width	B-height	B-depth
27737	27737	27737	9895	7072935	255	0	255	255	255	720.358	546.514	0	707.075	100.629	718.654	720.478	546.579	0	0	0	0	1413	1089	0
39	39	39	18	9945	255	0	255	255	255	957.974	66.154	0	3.082	0.407	3.061	957.974	66.154	0	955	63	0	7	7	0
22	22	22	13	5610	255	0	255	255	255	934.682	73.045	0	2.243	0.340	2.156	934.682	73.045	0	932	71	0	6	5	0
13	13	13	10	3315	255	0	255	255	255	985.000	92.538	0	1.650	0.599	1.803	985.000	92.538	0	983	91	0	5	4	0
42	42	42	27	10710	255	0	255	255	255	850.643	107.643	0	2.973	0.983	3.376	850.643	107.643	0	847	104	0	8	8	0
41	41	41	19	10455	255	0	255	255	255	799.390	132.268	0	3.149	0.455	3.171	799.390	132.268	0	797	129	0	6	8	0
206	206	206	71	52530	255	0	255	255	255	834.335	141.539	0	7.666	2.570	7.645	834.336	141.539	0	825	131	0	19	22	0
293	293	293	85	74715	255	0	255	255	255	830.850	169.601	0	10.317	5.239	10.435	830.851	169.601	0	818	158	0	31	25	0
189	189	189	56	48195	255	0	255	255	255	775.683	173.519	0	7.400	1.544	7.095	775.683	173.519	0	769	162	0	14	22	0
99	99	99	30	25245	255	0	255	255	255	803.768	177.192	0	5.172	0.416	5.216	803.768	177.192	0	799	172	0	11	11	0
132	132	132	38	33660	255	0	255	255	255	690.932	186.871	0	6.029	0.688	6.054	690.932	186.871	0	684	181	0	14	13	0
82	82	82	26	20910	255	0	255	255	255	771.963	204.537	0	4.684	0.341	4.657	771.963	204.537	0	767	200	0	11	10	0
62	62	62	25	15810	255	0	255	255	255	750.177	221.371	0	4.006	0.652	4.013	750.177	221.371	0	746	218	0	9	9	0
387	387	387	70	98685	255	0	255	255	255	706.380	237.310	0	10.661	1.945	10.705	706.381	237.310	0	693	226	0	25	23	0
171	171	171	45	43605	255	0	255	255	255	609.953	239.041	0	7.019	1.856	7.307	609.954	239.041	0	602	231	0	17	17	0
46	46	46	19	11730	255	0	255	255	255	686.478	238.413	0	3.414	0.319	3.503	686.478	238.413	0	683	235	0	8	8	0
146	146	146	37	37230	255	0	255	255	255	588.610	244.110	0	6.356	0.395	6.357	588.610	244.110	0	582	238	0	14	13	0
258	258	258	57	65790	255	0	255	255	255	561.798	261.601	0	8.751	1.696	9.054	561.799	261.601	0	551	253	0	21	18	0
98	98	98	30	24990	255	0	255	255	255	685.041	263.122	0	5.140	0.276	5.112	685.041	263.122	0	680	258	0	11	11	0
79	79	79	31	20145	255	0	255	255	255	656.582	265.848	0	4.777	1.303	4.660	656.582	265.848	0	651	260	0	11	13	0
44	44	44	21	11220	255	0	255	255	255	672.409	270.636	0	3.306	0.519	3.428	672.409	270.636	0	669	267	0	8	8	0
95	95	95	31	24225	255	0	255	255	255	574.168	291.916	0	5.037	0.537	5.152	574.168	291.916	0	569	287	0	11	11	0
45	45	45	23	11475	255	0	255	255	255	588.800	299.600	0	3.470	1.210	3.606	588.800	299.600	0	585	295	0	8	10	0
71	71	71	25	18105	255	0	255	255	255	506.197	312.493	0	4.319	0.407	4.455	506.197	312.493	0	501	308	0	11	10	0
140	140	140	42	35700	255	0	255	255	255	562.507	323.186	0	6.290	2.003	6.670	562.507	323.186	0	554	317	0	18	13	0
34	34	34	18	8670	255	0	255	255	255	543.382	344.147	0	2.822	0.502	2.773	543.382	344.147	0	540	342	0	8	6	0
83	83	83	28	21165	255	0	255	255	255	434.012	369.699	0	4.726	0.706	4.804	434.012	369.699	0	429	365	0	11	11	0
136	136	136	36	34680	255	0	255	255	255	401.581	388.801	0	6.138	0.527	6.098	401.581	388.801	0	395	383	0	14	12	0
30	30	30	15	7650	255	0	255	255	255	437.433	394.900	0	2.671	0.412	2.620	437.433	394.900	0	435	392	0	6	7	0
24	24	24	17	6120	255	0	255	255	255	487.958	418.667	0	2.353	0.782	2.069	487.958	418.667	0	485	416	0	7	6	0
102	102	102	30	26010	255	0	255	255	255	425.353	424.078	0	5.270	0.480	5.309	425.353	424.078	0	420	419	0	12	11	0
232	232	232	66	59160	255	0	255	255	255	427.276	452.453	0	7.789	3.208	8.258	427.276	452.452	0	415	444	0	24	18	0
60	60	60	24	15300	255	0	255	255	255	367.433	450.450	0	3.936	0.777	4.247	367.433	450.450	0	363	447	0	10	8	0
190	190	190	45	48450	255	0	255	255	255	452.853	454.968	0	7.343	0.754	7.292	452.853	454.968	0	446	447	0	15	17	0
61	61	61	24	15555	255	0	255	255	255	346.639	453.164	0	3.997	0.866	4.095	346.639	453.164	0	341	450	0	11	8	0
217	217	217	61	55335	255	0	255	255	255	380.396	481.516	0	7.915	3.008	8.525	380.397	481.516	0	370	473	0	18	22	0
92	92	92	28	23460	255	0	255	255	255	423.174	487.598	0	5.037	0.525	5.137	423.174	487.598	0	418	482	0	11	12	0
144	144	144	38	36720	255	0	255	255	255	340.250	513.854	0	6.350	0.844	6.405	340.250	513.854	0	333	508	0	15	13	0
24	24	24	14	6120	255	0	255	255	255	356.292	526.208	0	2.312	0.411	2.310	356.292	526.208	0	354	524	0	5	6	0
145	145	145	42	36975	255	0	255	255	255	88.014	554.959	0	6.331	1.522	6.993	88.014	554.959	0	83	548	0	12	16	0
166	166	166	43	42330	255	0	255	255	255	156.139	596.042	0	6.799	0.529	6.814	156.139	596.042	0	150	589	0	14	14	0
77	77	77	26	19635	255	0	255	255	255	222.026	646.662	0	4.528	0.370	4.488	222.026	646.662	0	218	642	0	10	10	0
168	168	168	55	42840	255	0	255	255	255	182.190	688.458	0	6.731	2.366	6.948	182.190	688.458	0	175	677	0	14	22	0
260	260	260	64	66300	255	0	255	255	255	643.212	695.096	0	9.262	3.197	9.090	643.212	695.096	0	637	680	0	12	30	0
110	110	110	35	28050	255	0	255	255	255	227.891	702.318	0	5.452	0.432	5.392	227.891	702.318	0	223	697	0	11	12	0
164	164	164	44	41820	255	0	255	255	255	171.866	714.726	0	6.845	1.559	6.722	171.866	714.726	0	165	706	0	13	19	0
90	90	90	40	22950	255	0	255	255	255	425.811	734.311	0	5.089	1.911	5.274	425.811	734.311	0	419	729	0	14	13	0
13	13	13	9	3315	255	0	255	255	255	638.615	732.615	0	1.627	0.169	1.661	638.615	732.615	0	637	731	0	4	4	0
91	91	91	29	23205	255	0	255	255	255	192.681	738.956	0	4.928	0.497	5.054	192.681	738.956	0	188	734	0	11	11	0
21	21	21	17	5355	255	0	255	255	255	238.571	736.714	0	2.326	1.004	2.326	238.571	736.714	0	237	734	0	5	8	0
89	89	89	27	22695	255	0	255	255	255	208.775	739.876	0	4.927	0.456	4.938	208.775	739.876	0	204	735	0	11	11	0
20	20	20	12	5100	255	0	255	255	255	636.500	738.800	0	2.099	0.300	2.089	636.500	738.800	0	634	737	0	6	5	0
10	10	10	8	2550	255	0	255	255	255	628.200	739.000	0	1.341	0.278	1.281	628.200	739.000	0	627	738	0	4	3	0
188	188	188	48	47940	255	0	255	255	255	1056.894	750.755	0	7.312	1.833	8.025	1056.894	750.755	0	1049	741	0	16	19	0
75	75	75	26	19125	255	0	255	255	255	445.027	760.213	0	4.477	0.636	4.254	445.027	760.213	0	441	755	0	9	11	0
149	149	149	40	37995	255	0	255	255	255	263.678	766.792	0	6.504	1.134	6.401	263.678	766.792	0	257	760	0	16	14	0
31	31	31	16	7905	255	0	255	255	255	219.710	765.548	0	2.708	0.294	2.729	219.710	765.548	0	217	763	0	6	6	0
186	186	186	49	47430	255	0	255	255	255	360.075	774.849	0	7.328	2.001	7.488	360.075	774.849	0	352	766	0	17	18	0
11	11	11	9	2805	255	0	255	255	255	318.364	779.909	0	1.418	0.316	1.367	318.364	779.909	0	317	779	0	4	3	0
63	63	63	25	16065	255	0	255	255	255	224.667	795.206	0	4.045	0.776	4.082	224.667	795.206	0	221	790	0	8	11	0
46	46	46	20	11730	255	0	255	255	255	331.065	809.761	0	3.370	0.295	3.371	331.065	809.761	0	328	806	0	7	8	0
125	125	125	37	31875	255	0	255	255	255	719.680	813.400	0	5.978	1.029	5.877	719.680	813.400	0	713	808	0	14	14	0
45	45	45	19	11475	255	0	255	255	255	406.133	815.067	0	3.353	0.341	3.269	406.133	815.067	0	403	812	0	7	8	0
125	125	125	39	31875	255	0	255	255	255	381.136	821.456	0	6.016	1.949	5.941	381.136	821.456	0	376	813	0	12	18	0
10	10	10	8	2550	255	0	255	255	255	720.500	825.700	0	1.413	0.469	1.530	720.500	825.700	0	719	824	0	4	4	0
92	92	92	29	23460	255	0	255	255	255	252.815	830.272	0	4.964	0.465	4.996	252.815	830.271	0	248	825	0	10	12	0
48	48	48	22	12240	255	0	255	255	255	723.625	832.000	0	3.460	0.562	3.393	723.625	832.000	0	720	828	0	9	8	0
51	51	51	20	13005	255	0	255	255	255	59.353	833.941	0	3.623	0.412	3.582	59.353	833.941	0	56	830	0	8	9	0
22	22	22	13	5610	255	0	255	255	255	66.727	883.318	0	2.258	0.378	2.295	66.727	883.318	0	65	881	0	5	6	0
25	25	25	14	6375	255	0	255	255	255	97.560	941.320	0	2.399	0.336	2.424	97.560	941.320	0	95	939	0	6	6	0
35	35	35	19	8925	255	0	255	255	255	235.857	954.257	0	2.959	0.570	2.952	235.857	954.257	0	233	951	0	7	8	0
14	14	14	10	3570	255	0	255	255	255	414.500	982.714	0	1.666	0.217	1.661	414.500	982.714	0	413	981	0	4	4	0
16	16	16	10	4080	255	0	255	255	255	408.500	989.000	0	1.846	0.219	1.803	408.500	989.000	0	407	987	0	4	5	0
17	17	17	11	4335	255	0	255	255	255	413.882	994.588	0	1.895	0.277	1.927	413.882	994.588	0	412	993	0	5	4	0
17	17	17	11	4335	255	0	255	255	255	422.882	1016.588	0	1.895	0.277	1.927	422.882	1016.588	0	421	1015	0	5	4	0
13	13	13	9	3315	255	0	255	255	255	253.692	1030.077	0	1.634	0.330	1.694	253.692	1030.077	0	252	1028	0	4	5	0
