Volume (pixel^3)	Surface (pixel^2)	Nb of obj. voxels	Nb of surf. voxels	IntDen	Mean	StdDev	Median	Min	Max	X	Y	Z	Mean dist. to surf. (pixel)	SD dist. to surf. (pixel)	Median dist. to surf. (pixel)	XM	YM	ZM	BX	BY	BZ	B-width	B-height	B-depth
3637	3637	3637	2734	927435	255	0	255	255	255	647.032	33.204	0	417.723	216.305	455.781	647.019	33.204	0	43	0	0	1379	284	0
12	12	12	9	3060	255	0	255	255	255	1443.250	13.417	0	1.521	0.319	1.603	1443.250	13.417	0	1442	12	0	4	4	0
23	23	23	18	5865	255	0	255	255	255	1453.391	17.609	0	2.513	1.161	2.468	1453.391	17.609	0	1450	15	0	7	7	0
228	228	228	53	58140	255	0	255	255	255	1097.557	30.390	0	8.405	2.290	8.028	1097.558	30.390	0	1091	19	0	14	23	0
81	81	81	32	20655	255	0	255	255	255	1027.790	28.580	0	4.781	1.763	4.927	1027.790	28.580	0	1024	22	0	8	15	0
89	89	89	30	22695	255	0	255	255	255	1082.517	27.472	0	4.906	0.995	5.125	1082.517	27.472	0	1077	23	0	13	10	0
11	11	11	9	2805	255	0	255	255	255	1457.273	25.182	0	1.466	0.451	1.388	1457.273	25.182	0	1456	23	0	4	5	0
106	106	106	39	27030	255	0	255	255	255	1063.104	33.896	0	5.330	1.306	5.659	1063.104	33.896	0	1058	28	0	13	13	0
179	179	179	53	45645	255	0	255	255	255	1024.726	53.458	0	7.666	2.749	7.315	1024.727	53.458	0	1021	41	0	10	25	0
97	97	97	32	24735	255	0	255	255	255	1086.773	52.619	0	5.141	1.228	5.429	1086.774	52.619	0	1080	48	0	14	9	0
174	174	174	58	44370	255	0	255	255	255	1095.471	70.534	0	7.459	2.839	7.413	1095.472	70.534	0	1088	58	0	14	24	0
1036	1036	1036	805	264180	255	0	255	255	255	1454.919	322.958	0	126.299	75.700	127.137	1454.926	322.959	0	1450	62	0	11	486	0
263	263	263	58	67065	255	0	255	255	255	1059.741	74.897	0	8.718	1.478	8.742	1059.743	74.897	0	1049	66	0	22	19	0
898	898	898	141	228990	255	0	255	255	255	1035.863	96.906	0	16.965	7.687	16.346	1035.864	96.906	0	1022	69	0	31	56	0
69	69	69	26	17595	255	0	255	255	255	1394.797	78.159	0	4.340	1.049	4.227	1394.797	78.159	0	1390	73	0	10	11	0
71	71	71	25	18105	255	0	255	255	255	1107.155	84.000	0	4.302	0.319	4.274	1107.155	84.000	0	1103	79	0	9	10	0
147	147	147	51	37485	255	0	255	255	255	1067.701	101.136	0	7.236	2.991	6.986	1067.701	101.136	0	1060	91	0	18	19	0
31	31	31	16	7905	255	0	255	255	255	1103.935	94.548	0	2.726	0.634	2.574	1103.935	94.548	0	1102	91	0	5	8	0
399	399	399	77	101745	255	0	255	255	255	1086.772	119.393	0	10.984	2.496	11.087	1086.773	119.393	0	1074	110	0	28	24	0
182	182	182	62	46410	255	0	255	255	255	1379.918	124.720	0	8.368	3.804	8.570	1379.918	124.720	0	1374	114	0	16	27	0
85	85	85	35	21675	255	0	255	255	255	1108.035	122.259	0	5.042	1.632	4.690	1108.036	122.259	0	1105	115	0	7	16	0
10	10	10	10	2550	255	0	255	255	255	1103.700	131.000	0	1.888	0.969	2.022	1103.700	131.000	0	1103	128	0	2	7	0
59	59	59	28	15045	255	0	255	255	255	1052.508	132.203	0	3.956	1.398	4.301	1052.508	132.203	0	1047	129	0	12	7	0
181	181	181	74	46155	255	0	255	255	255	1398.773	138.331	0	7.298	2.757	7.727	1398.775	138.331	0	1390	129	0	17	21	0
145	145	145	49	36975	255	0	255	255	255	1040.338	140.607	0	6.464	2.346	6.807	1040.339	140.607	0	1034	132	0	13	19	0
494	494	494	78	125970	255	0	255	255	255	1104.310	163.128	0	12.309	2.278	11.879	1104.310	163.128	0	1093	150	0	24	28	0
319	319	319	109	81345	255	0	255	255	255	1377.141	161.561	0	8.833	3.271	9.222	1377.142	161.561	0	1367	150	0	22	27	0
498	498	498	93	126990	255	0	255	255	255	1044.753	169.215	0	12.929	5.009	13.100	1044.754	169.215	0	1032	151	0	25	37	0
73	73	73	30	18615	255	0	255	255	255	1079.027	154.082	0	4.474	1.574	4.702	1079.028	154.082	0	1072	151	0	14	8	0
75	75	75	25	19125	255	0	255	255	255	1025.707	174.560	0	4.492	0.547	4.496	1025.707	174.560	0	1021	169	0	10	11	0
563	563	563	133	143565	255	0	255	255	255	1388.034	196.396	0	14.693	5.129	13.735	1388.035	196.396	0	1367	181	0	35	40	0
109	109	109	35	27795	255	0	255	255	255	1112.248	191.156	0	5.473	1.416	5.705	1112.249	191.156	0	1108	184	0	10	15	0
302	302	302	73	77010	255	0	255	255	255	1069.729	200.003	0	9.176	2.673	9.229	1069.730	200.003	0	1060	187	0	23	25	0
167	167	167	61	42585	255	0	255	255	255	1358.677	198.880	0	8.328	4.182	8.800	1358.677	198.880	0	1350	187	0	17	27	0
261	261	261	77	66555	255	0	255	255	255	383.349	206.295	0	9.625	3.966	9.228	383.349	206.295	0	373	197	0	26	24	0
18	18	18	12	4590	255	0	255	255	255	1102.778	201.500	0	1.932	0.306	1.891	1102.778	201.500	0	1101	200	0	5	4	0
10	10	10	8	2550	255	0	255	255	255	1406.800	202.000	0	1.341	0.278	1.281	1406.800	202.000	0	1405	201	0	4	3	0
170	170	170	42	43350	255	0	255	255	255	1044.694	212.782	0	6.914	0.821	6.959	1044.695	212.782	0	1038	206	0	16	14	0
178	178	178	54	45390	255	0	255	255	255	1111.618	225.612	0	7.804	2.965	7.742	1111.619	225.612	0	1107	212	0	11	25	0
76	76	76	26	19380	255	0	255	255	255	400.724	218.947	0	4.467	0.327	4.405	400.724	218.947	0	396	215	0	11	9	0
104	104	104	32	26520	255	0	255	255	255	1352.298	222.135	0	5.470	1.210	5.838	1352.299	222.135	0	1346	216	0	13	13	0
77	77	77	30	19635	255	0	255	255	255	1046.455	226.623	0	4.704	1.464	4.853	1046.455	226.623	0	1040	222	0	13	9	0
471	471	471	85	120105	255	0	255	255	255	383.106	238.229	0	12.034	3.110	11.958	383.107	238.229	0	371	224	0	29	27	0
69	69	69	27	17595	255	0	255	255	255	1091.261	229.319	0	4.493	1.430	4.656	1091.261	229.319	0	1086	224	0	11	11	0
111	111	111	35	28305	255	0	255	255	255	1400.072	230.631	0	5.535	1.286	5.705	1400.073	230.631	0	1396	224	0	10	15	0
47	47	47	20	11985	255	0	255	255	255	404.979	229.213	0	3.459	0.462	3.395	404.979	229.213	0	401	226	0	9	7	0
649	649	649	141	165495	255	0	255	255	255	1032.529	257.639	0	17.276	7.833	17.367	1032.529	257.640	0	1020	226	0	33	57	0
88	88	88	33	22440	255	0	255	255	255	1385.636	233.136	0	4.962	1.027	4.877	1385.637	233.136	0	1381	228	0	10	12	0
124	124	124	38	31620	255	0	255	255	255	1351.226	241.806	0	6.004	1.565	6.260	1351.227	241.806	0	1344	235	0	16	14	0
242	242	242	54	61710	255	0	255	255	255	1103.781	246.963	0	8.634	1.827	8.397	1103.782	246.963	0	1094	238	0	24	17	0
110	110	110	34	28050	255	0	255	255	255	1072.327	248.727	0	5.501	0.926	5.457	1072.328	248.727	0	1066	242	0	14	13	0
42	42	42	19	10710	255	0	255	255	255	400.405	247.643	0	3.202	0.462	3.367	400.405	247.643	0	398	244	0	6	8	0
134	134	134	38	34170	255	0	255	255	255	1388.858	249.955	0	6.198	1.021	6.184	1388.859	249.955	0	1383	244	0	13	16	0
5689	5689	5689	864	1450695	255	0	255	255	255	1344.466	338.535	0	48.130	23.357	45.983	1344.486	338.536	0	1293	251	0	94	178	0
105	105	105	34	26775	255	0	255	255	255	384.000	262.371	0	5.411	1.216	5.559	384.000	262.371	0	379	256	0	10	14	0
131	131	131	40	33405	255	0	255	255	255	1083.817	262.908	0	6.015	1.216	6.285	1083.818	262.908	0	1079	256	0	12	15	0
183	183	183	51	46665	255	0	255	255	255	1110.361	266.508	0	6.904	1.738	6.994	1110.362	266.508	0	1104	257	0	13	19	0
46	46	46	22	11730	255	0	255	255	255	419.283	268.065	0	3.352	0.559	3.368	419.283	268.065	0	416	265	0	7	8	0
36	36	36	17	9180	255	0	255	255	255	1071.139	268.611	0	2.940	0.301	2.926	1071.139	268.611	0	1068	266	0	7	6	0
153	153	153	44	39015	255	0	255	255	255	1025.601	279.392	0	6.675	1.848	6.611	1025.602	279.392	0	1021	270	0	10	20	0
24	24	24	15	6120	255	0	255	255	255	429.833	276.000	0	2.377	0.510	2.315	429.833	276.000	0	427	273	0	6	6	0
462	462	462	86	117810	255	0	255	255	255	401.210	292.383	0	12.326	3.850	12.040	401.211	292.383	0	388	276	0	27	35	0
35	35	35	24	8925	255	0	255	255	255	1092.743	280.229	0	3.294	1.468	3.406	1092.743	280.229	0	1088	277	0	10	8	0
225	225	225	57	57375	255	0	255	255	255	1117.756	292.831	0	8.315	3.074	8.437	1117.757	292.831	0	1112	280	0	12	26	0
56	56	56	55	14280	255	0	255	255	255	42.161	309.679	0	11.240	6.217	11.323	42.161	309.679	0	41	285	0	3	43	0
179	179	179	43	45645	255	0	255	255	255	1040.486	296.089	0	7.127	1.122	7.135	1040.487	296.089	0	1035	288	0	13	18	0
82	82	82	32	20910	255	0	255	255	255	1097.927	299.768	0	4.780	1.631	4.974	1097.927	299.768	0	1091	296	0	14	8	0
13464	13464	13464	1567	3433320	255	0	255	255	255	562.018	455.285	0	97.822	54.892	93.138	562.023	455.298	0	410	298	0	281	305	0
64	64	64	39	16320	255	0	255	255	255	1049.703	309.219	0	5.176	2.600	5.354	1049.703	309.219	0	1042	304	0	15	13	0
64	64	64	24	16320	255	0	255	255	255	425.844	309.609	0	4.058	0.308	4.070	425.844	309.609	0	422	306	0	9	9	0
15	15	15	10	3825	255	0	255	255	255	1066.733	307.933	0	1.802	0.366	1.843	1066.733	307.933	0	1065	306	0	4	5	0
581	581	581	92	148155	255	0	255	255	255	1114.670	325.050	0	13.809	3.245	14.256	1114.671	325.050	0	1099	309	0	29	37	0
14	14	14	10	3570	255	0	255	255	255	1327.357	317.643	0	1.698	0.473	1.723	1327.357	317.643	0	1326	316	0	4	5	0
2933	2933	2933	451	747915	255	0	255	255	255	148.798	379.333	0	57.545	31.613	55.995	148.799	379.332	0	51	317	0	183	127	0
136	136	136	37	34680	255	0	255	255	255	1027.390	324.787	0	6.127	1.086	6.246	1027.390	324.787	0	1023	317	0	10	16	0
177	177	177	61	45135	255	0	255	255	255	1060.616	336.757	0	8.063	3.561	8.285	1060.617	336.757	0	1048	327	0	25	19	0
56	56	56	22	14280	255	0	255	255	255	1035.286	342.500	0	3.763	0.259	3.729	1035.286	342.500	0	1032	339	0	8	8	0
300	300	300	62	76500	255	0	255	255	255	1084.853	357.440	0	9.396	1.786	9.929	1084.854	357.440	0	1078	347	0	16	23	0
37	37	37	35	9435	255	0	255	255	255	40.135	363.162	0	6.558	3.905	6.164	40.135	363.162	0	39	348	0	3	26	0
1458	1458	1458	196	371790	255	0	255	255	255	80.984	376.997	0	22.805	9.008	23.633	80.984	376.997	0	53	349	0	65	57	0
120	120	120	36	30600	255	0	255	255	255	1109.858	362.458	0	5.773	1.260	5.488	1109.859	362.458	0	1106	355	0	9	16	0
14	14	14	11	3570	255	0	255	255	255	1043.929	357.714	0	1.695	0.593	1.674	1043.929	357.714	0	1042	356	0	5	4	0
90	90	90	36	22950	255	0	255	255	255	1055.900	371.911	0	5.072	1.734	5.737	1055.900	371.911	0	1051	366	0	10	14	0
303	303	303	60	77265	255	0	255	255	255	1038.162	387.601	0	9.558	2.372	9.043	1038.163	387.601	0	1031	374	0	16	27	0
796	796	796	157	202980	255	0	255	255	255	1125.131	409.784	0	20.178	10.402	20.328	1125.133	409.784	0	1114	375	0	20	74	0
1347	1347	1347	999	343485	255	0	255	255	255	23.457	673.706	0	140.684	81.880	140.032	23.457	673.707	0	7	380	0	33	572	0
201	201	201	48	51255	255	0	255	255	255	1102.119	396.662	0	7.705	1.555	7.327	1102.120	396.662	0	1095	387	0	15	21	0
372	372	372	69	94860	255	0	255	255	255	477.995	402.927	0	11.184	3.443	11.635	477.996	402.927	0	465	391	0	26	26	0
376	376	376	71	95880	255	0	255	255	255	1059.386	403.388	0	10.666	2.297	10.461	1059.387	403.389	0	1043	393	0	30	22	0
77	77	77	30	19635	255	0	255	255	255	111.571	403.909	0	4.885	1.858	4.948	111.571	403.909	0	106	398	0	12	13	0
74	74	74	25	18870	255	0	255	255	255	1088.730	404.297	0	4.417	0.273	4.380	1088.730	404.297	0	1084	400	0	10	10	0
1244	1244	1244	180	317220	255	0	255	255	255	179.485	437.324	0	21.077	9.379	19.515	179.486	437.324	0	162	401	0	39	71	0
74	74	74	28	18870	255	0	255	255	255	1336.027	407.743	0	4.439	1.179	4.753	1336.028	407.743	0	1330	404	0	13	9	0
565	565	565	96	144075	255	0	255	255	255	145.204	421.775	0	13.303	4.129	13.889	145.204	421.775	0	130	406	0	28	35	0
1470	1470	1470	269	374850	255	0	255	255	255	1040.826	451.341	0	24.922	10.654	25.172	1040.832	451.341	0	1025	412	0	43	85	0
265	265	265	99	67575	255	0	255	255	255	1353.042	434.619	0	10.173	4.323	9.943	1353.044	434.619	0	1337	418	0	24	35	0
21	21	21	14	5355	255	0	255	255	255	1110.524	426.333	0	2.246	0.668	2.126	1110.524	426.333	0	1107	425	0	7	4	0
59	59	59	24	15045	255	0	255	255	255	1299.203	433.237	0	3.890	0.528	3.919	1299.203	433.237	0	1295	429	0	9	9	0
1262	1262	1262	180	321810	255	0	255	255	255	248.594	459.887	0	19.920	5.514	20.626	248.595	459.886	0	219	436	0	55	47	0
58	58	58	32	14790	255	0	255	255	255	1302.914	442.483	0	4.042	1.330	3.738	1302.914	442.483	0	1298	439	0	12	9	0
38	38	38	23	9690	255	0	255	255	255	1372.789	444.711	0	3.359	1.461	3.296	1372.789	444.711	0	1370	439	0	6	12	0
359	359	359	81	91545	255	0	255	255	255	1096.343	454.638	0	10.652	3.287	10.704	1096.344	454.638	0	1083	441	0	25	28	0
72	72	72	28	18360	255	0	255	255	255	1028.875	447.708	0	4.331	1.189	4.741	1028.875	447.708	0	1025	442	0	8	12	0
640	640	640	140	163200	255	0	255	255	255	1333.628	462.456	0	14.750	5.639	15.604	1333.630	462.456	0	1315	447	0	47	36	0
31	31	31	16	7905	255	0	255	255	255	282.613	461.065	0	2.724	0.402	2.695	282.613	461.065	0	280	458	0	6	7	0
34	34	34	18	8670	255	0	255	255	255	1370.177	462.176	0	2.932	0.872	3.120	1370.177	462.176	0	1367	459	0	8	7	0
71	71	71	40	18105	255	0	255	255	255	1062.916	463.535	0	4.394	1.605	4.633	1062.916	463.535	0	1057	460	0	14	8	0
163	163	163	43	41565	255	0	255	255	255	1294.178	469.761	0	6.824	1.408	6.776	1294.179	469.761	0	1289	461	0	12	18	0
16	16	16	11	4080	255	0	255	255	255	1280.562	464.750	0	1.805	0.311	1.804	1280.562	464.750	0	1279	463	0	4	5	0
320	320	320	69	81600	255	0	255	255	255	215.703	479.987	0	10.097	2.576	10.246	215.703	479.988	0	206	464	0	21	28	0
430	430	430	93	109650	255	0	255	255	255	1120.581	487.030	0	12.707	4.776	12.671	1120.582	487.030	0	1109	466	0	22	40	0
22	22	22	15	5610	255	0	255	255	255	1135.864	467.727	0	2.161	0.433	2.154	1135.864	467.727	0	1134	466	0	5	5	0
2506	2506	2506	399	639030	255	0	255	255	255	293.498	503.047	0	30.735	15.167	30.477	293.499	503.049	0	225	473	0	113	63	0
370	370	370	96	94350	255	0	255	255	255	1342.092	493.111	0	10.890	4.510	10.644	1342.093	493.111	0	1331	475	0	22	36	0
87	87	87	30	22185	255	0	255	255	255	1365.966	484.529	0	4.895	1.295	4.925	1365.966	484.529	0	1362	477	0	9	15	0
302	302	302	62	77010	255	0	255	255	255	1297.103	500.258	0	9.590	1.693	9.475	1297.104	500.259	0	1287	488	0	24	22	0
99	99	99	36	25245	255	0	255	255	255	246.010	494.929	0	5.257	1.906	5.759	246.010	494.929	0	239	491	0	15	9	0
290	290	290	56	73950	255	0	255	255	255	1359.383	505.286	0	9.329	1.714	9.024	1359.384	505.286	0	1351	494	0	18	25	0
122	122	122	35	31110	255	0	255	255	255	1046.533	504.926	0	5.800	0.979	5.997	1046.534	504.926	0	1040	498	0	14	13	0
1063	1063	1063	205	271065	255	0	255	255	255	355.410	534.583	0	21.560	10.697	20.398	355.411	534.583	0	337	501	0	43	71	0
287	287	287	70	73185	255	0	255	255	255	1138.620	516.773	0	10.001	3.998	9.649	1138.621	516.774	0	1134	501	0	10	34	0
64	64	64	23	16320	255	0	255	255	255	1064.047	507.234	0	4.084	0.224	4.115	1064.047	507.234	0	1060	503	0	9	9	0
1042	1042	1042	154	265710	255	0	255	255	255	1285.286	540.854	0	18.979	7.639	19.610	1285.284	540.855	0	1264	514	0	42	54	0
1005	1005	1005	185	256275	255	0	255	255	255	403.065	541.164	0	22.311	9.499	23.681	403.066	541.163	0	371	516	0	63	57	0
251	251	251	60	64005	255	0	255	255	255	1116.052	526.817	0	8.815	2.296	8.435	1116.053	526.817	0	1106	517	0	22	20	0
26	26	26	14	6630	255	0	255	255	255	1277.308	526.731	0	2.447	0.320	2.421	1277.308	526.731	0	1275	524	0	6	6	0
85	85	85	31	21675	255	0	255	255	255	1352.471	529.871	0	4.868	1.144	4.900	1352.471	529.871	0	1349	524	0	9	13	0
25	25	25	13	6375	255	0	255	255	255	1024.360	527.760	0	2.419	0.293	2.406	1024.360	527.760	0	1022	525	0	6	6	0
16	16	16	11	4080	255	0	255	255	255	1071.562	529.250	0	1.805	0.311	1.804	1071.562	529.250	0	1070	527	0	4	5	0
227	227	227	50	57885	255	0	255	255	255	1325.004	537.220	0	8.172	1.250	8.210	1325.005	537.220	0	1317	529	0	18	18	0
499	499	499	118	127245	255	0	255	255	255	306.677	541.772	0	13.304	5.752	13.944	306.678	541.771	0	287	531	0	44	24	0
554	554	554	123	141270	255	0	255	255	255	710.300	551.937	0	13.525	6.546	12.735	710.300	551.936	0	696	531	0	28	46	0
40	40	40	19	10200	255	0	255	255	255	1044.700	536.275	0	3.108	0.587	3.235	1044.700	536.275	0	1041	534	0	8	6	0
23	23	23	14	5865	255	0	255	255	255	1083.522	539.043	0	2.268	0.345	2.281	1083.522	539.043	0	1081	537	0	6	5	0
40	40	40	21	10200	255	0	255	255	255	1060.700	547.525	0	3.248	0.823	3.003	1060.700	547.525	0	1058	544	0	7	9	0
532	532	532	80	135660	255	0	255	255	255	1342.536	558.500	0	12.740	2.096	12.773	1342.536	558.500	0	1330	544	0	26	31	0
1767	1767	1767	246	450585	255	0	255	255	255	1050.995	573.461	0	25.190	10.383	28.082	1051.001	573.462	0	1019	545	0	68	56	0
85	85	85	29	21675	255	0	255	255	255	1137.424	550.188	0	4.746	0.538	4.780	1137.424	550.188	0	1133	545	0	10	11	0
215	215	215	50	54825	255	0	255	255	255	682.735	553.553	0	7.854	1.831	8.238	682.736	553.553	0	673	547	0	21	16	0
25	25	25	14	6375	255	0	255	255	255	1103.600	550.040	0	2.367	0.278	2.441	1103.600	550.040	0	1101	548	0	6	5	0
134	134	134	131	34170	255	0	255	255	255	1457.925	595.522	0	18.573	12.087	17.478	1457.924	595.522	0	1456	549	0	4	82	0
618	618	618	126	157590	255	0	255	255	255	337.476	566.672	0	15.521	6.140	14.184	337.477	566.671	0	311	555	0	48	32	0
66	66	66	24	16830	255	0	255	255	255	1133.470	563.379	0	4.135	0.394	4.214	1133.470	563.379	0	1129	559	0	10	9	0
90	90	90	36	22950	255	0	255	255	255	1295.789	565.289	0	4.842	1.294	4.874	1295.790	565.289	0	1290	560	0	11	13	0
10	10	10	8	2550	255	0	255	255	255	1306.500	561.800	0	1.364	0.301	1.407	1306.500	561.800	0	1305	561	0	4	3	0
630	630	630	114	160650	255	0	255	255	255	460.800	578.167	0	16.280	7.414	16.855	460.801	578.166	0	437	562	0	50	33	0
279	279	279	52	71145	255	0	255	255	255	749.262	573.864	0	9.031	0.818	8.915	749.263	573.864	0	741	564	0	20	19	0
49	49	49	23	12495	255	0	255	255	255	697.041	574.429	0	3.665	1.078	3.560	697.041	574.429	0	692	571	0	10	8	0
295	295	295	74	75225	255	0	255	255	255	1258.939	588.773	0	9.505	3.130	9.393	1258.940	588.773	0	1250	573	0	22	29	0
61	61	61	25	15555	255	0	255	255	255	1326.967	581.311	0	3.972	0.760	4.004	1326.968	581.311	0	1323	577	0	10	9	0
1477	1477	1477	259	376635	255	0	255	255	255	481.456	610.905	0	25.720	11.060	25.381	481.457	610.903	0	440	579	0	76	59	0
128	128	128	39	32640	255	0	255	255	255	715.078	588.695	0	6.054	1.211	6.086	715.078	588.695	0	709	581	0	12	16	0
267	267	267	58	68085	255	0	255	255	255	394.528	591.577	0	8.793	1.660	9.050	394.529	591.577	0	386	582	0	18	20	0
261	261	261	84	66555	255	0	255	255	255	1328.563	595.448	0	10.745	5.265	10.682	1328.564	595.449	0	1309	583	0	35	23	0
294	294	294	62	74970	255	0	255	255	255	373.575	595.248	0	9.454	1.811	9.458	373.576	595.249	0	363	585	0	21	21	0
295	295	295	61	75225	255	0	255	255	255	416.390	596.590	0	9.276	1.664	9.443	416.391	596.590	0	405	587	0	21	21	0
177	177	177	44	45135	255	0	255	255	255	755.203	593.090	0	7.093	1.144	6.962	755.204	593.090	0	748	587	0	17	14	0
101	101	101	32	25755	255	0	255	255	255	1107.762	595.307	0	5.332	1.117	5.380	1107.763	595.307	0	1101	589	0	14	12	0
43	43	43	20	10965	255	0	255	255	255	1134.674	594.814	0	3.272	0.661	3.224	1134.674	594.814	0	1132	590	0	6	10	0
69	69	69	28	17595	255	0	255	255	255	1286.899	595.246	0	4.261	0.767	4.261	1286.899	595.246	0	1281	590	0	11	11	0
51	51	51	22	13005	255	0	255	255	255	1341.549	603.333	0	3.640	0.776	3.697	1341.549	603.333	0	1338	599	0	8	9	0
77	77	77	33	19635	255	0	255	255	255	1075.312	606.182	0	4.671	1.920	5.054	1075.312	606.182	0	1072	600	0	8	14	0
1190	1190	1190	150	303450	255	0	255	255	255	804.414	628.914	0	21.123	8.068	21.922	804.416	628.915	0	776	601	0	52	56	0
204	204	204	47	52020	255	0	255	255	255	1036.431	608.157	0	7.743	1.379	7.333	1036.432	608.157	0	1027	601	0	20	14	0
83	83	83	29	21165	255	0	255	255	255	740.723	609.289	0	4.738	0.912	4.766	740.723	609.289	0	736	604	0	11	11	0
22	22	22	13	5610	255	0	255	255	255	1133.182	606.000	0	2.259	0.442	2.161	1133.182	606.000	0	1131	604	0	5	6	0
159	159	159	60	40545	255	0	255	255	255	443.082	613.057	0	7.656	3.041	7.529	443.082	613.057	0	432	606	0	23	16	0
84	84	84	30	21420	255	0	255	255	255	1118.667	612.262	0	4.859	1.515	4.905	1118.667	612.262	0	1115	606	0	9	14	0
222	222	222	54	56610	255	0	255	255	255	1427.640	617.459	0	8.842	3.068	8.651	1427.641	617.459	0	1418	606	0	19	24	0
695	695	695	157	177225	255	0	255	255	255	418.409	627.073	0	18.204	8.792	17.084	418.410	627.073	0	386	609	0	58	37	0
166	166	166	60	42330	255	0	255	255	255	703.928	617.325	0	7.438	3.195	7.899	703.928	617.326	0	695	609	0	22	14	0
684	684	684	118	174420	255	0	255	255	255	1296.409	631.715	0	14.094	5.124	16.885	1296.411	631.716	0	1283	612	0	27	40	0
1229	1229	1229	207	313395	255	0	255	255	255	551.385	641.997	0	21.865	8.931	21.165	551.386	641.996	0	517	614	0	65	57	0
90	90	90	33	22950	255	0	255	255	255	737.167	626.333	0	4.975	1.479	5.210	737.167	626.333	0	731	621	0	13	12	0
251	251	251	52	64005	255	0	255	255	255	1018.960	632.426	0	8.572	1.697	8.372	1018.961	632.426	0	1012	622	0	15	23	0
27	27	27	16	6885	255	0	255	255	255	1265.074	625.296	0	2.546	0.811	2.461	1265.074	625.296	0	1263	622	0	5	8	0
610	610	610	99	155550	255	0	255	255	255	770.857	641.526	0	13.661	5.131	14.015	770.859	641.526	0	756	623	0	30	40	0
657	657	657	102	167535	255	0	255	255	255	1086.734	635.831	0	14.718	4.682	15.676	1086.735	635.832	0	1068	623	0	41	28	0
343	343	343	85	87465	255	0	255	255	255	1124.983	634.735	0	10.379	2.771	10.181	1124.984	634.735	0	1115	623	0	25	23	0
373	373	373	85	95115	255	0	255	255	255	1334.638	642.686	0	12.081	4.969	11.589	1334.639	642.686	0	1324	623	0	21	38	0
37	37	37	24	9435	255	0	255	255	255	470.838	633.811	0	3.241	1.472	3.315	470.838	633.811	0	466	632	0	11	5	0
1566	1566	1566	286	399330	255	0	255	255	255	767.138	676.903	0	31.499	14.394	30.931	767.137	676.901	0	718	632	0	90	75	0
215	215	215	52	54825	255	0	255	255	255	458.447	644.758	0	7.868	2.092	8.187	458.447	644.758	0	453	634	0	12	22	0
102	102	102	34	26010	255	0	255	255	255	1043.088	640.667	0	5.307	1.051	5.366	1043.089	640.667	0	1038	634	0	12	13	0
276	276	276	61	70380	255	0	255	255	255	1238.815	646.786	0	9.040	1.988	9.290	1238.816	646.786	0	1229	636	0	19	21	0
125	125	125	51	31875	255	0	255	255	255	504.904	654.936	0	6.053	2.395	6.131	504.904	654.936	0	498	645	0	14	19	0
374	374	374	63	95370	255	0	255	255	255	838.618	657.444	0	10.498	1.011	10.535	838.619	657.444	0	828	646	0	23	22	0
183	183	183	59	46665	255	0	255	255	255	1264.820	656.590	0	7.226	1.609	7.302	1264.821	656.590	0	1257	648	0	15	19	0
18	18	18	11	4590	255	0	255	255	255	1133.611	651.722	0	1.980	0.399	1.887	1133.611	651.722	0	1132	649	0	4	6	0
19	19	19	14	4845	255	0	255	255	255	1281.737	651.316	0	1.981	0.453	1.853	1281.737	651.316	0	1280	649	0	5	5	0
132	132	132	35	33660	255	0	255	255	255	446.326	657.015	0	6.115	0.931	6.018	446.326	657.015	0	439	652	0	14	13	0
178	178	178	48	45390	255	0	255	255	255	1089.697	663.927	0	7.252	1.540	6.878	1089.698	663.927	0	1083	654	0	14	20	0
71	71	71	65	18105	255	0	255	255	255	1462.451	671.634	0	8.180	4.717	8.378	1462.451	671.634	0	1460	655	0	5	33	0
31	31	31	24	7905	255	0	255	255	255	1057.935	662.032	0	3.177	1.209	3.584	1057.935	662.032	0	1054	657	0	9	10	0
179	179	179	47	45645	255	0	255	255	255	861.972	667.955	0	7.757	2.819	7.331	861.973	667.955	0	853	659	0	19	19	0
375	375	375	76	95625	255	0	255	255	255	479.032	671.912	0	10.144	2.863	11.021	479.033	671.912	0	469	660	0	22	26	0
188	188	188	46	47940	255	0	255	255	255	597.255	666.319	0	7.456	1.897	7.697	597.256	666.319	0	588	660	0	20	14	0
331	331	331	71	84405	255	0	255	255	255	1217.940	674.565	0	10.721	4.366	11.565	1217.940	674.565	0	1206	660	0	25	31	0
34	34	34	16	8670	255	0	255	255	255	1020.500	666.706	0	2.859	0.263	2.783	1020.500	666.706	0	1018	664	0	6	7	0
306	306	306	59	78030	255	0	255	255	255	1114.281	671.637	0	9.510	1.609	9.726	1114.282	671.637	0	1102	664	0	24	18	0
179	179	179	47	45645	255	0	255	255	255	1141.156	676.257	0	7.330	2.091	6.911	1141.157	676.257	0	1136	666	0	11	22	0
22	22	22	13	5610	255	0	255	255	255	459.091	669.091	0	2.201	0.208	2.199	459.091	669.091	0	457	667	0	5	5	0
51	51	51	24	13005	255	0	255	255	255	1402.392	675.314	0	3.718	1.094	3.773	1402.392	675.314	0	1399	671	0	8	10	0
394	394	394	106	100470	255	0	255	255	255	570.675	689.652	0	11.630	4.299	11.723	570.676	689.653	0	558	672	0	31	28	0
15	15	15	10	3825	255	0	255	255	255	1251.933	673.600	0	1.778	0.306	1.806	1251.933	673.600	0	1250	672	0	5	4	0
60	60	60	23	15300	255	0	255	255	255	1315.400	675.900	0	3.926	0.315	3.920	1315.400	675.900	0	1312	672	0	8	9	0
848	848	848	170	216240	255	0	255	255	255	523.627	703.112	0	18.871	7.862	18.285	523.629	703.112	0	500	673	0	48	59	0
201	201	201	56	51255	255	0	255	255	255	622.119	683.776	0	7.654	2.862	8.245	622.120	683.776	0	613	676	0	22	15	0
43	43	43	20	10965	255	0	255	255	255	498.488	681.070	0	3.267	0.490	3.276	498.488	681.070	0	495	678	0	8	7	0
232	232	232	49	59160	255	0	255	255	255	599.780	685.578	0	8.176	1.104	8.196	599.781	685.578	0	591	678	0	20	18	0
280	280	280	53	71400	255	0	255	255	255	883.739	687.954	0	9.461	2.263	9.749	883.740	687.953	0	872	678	0	23	21	0
362	362	362	106	92310	255	0	255	255	255	841.986	701.384	0	13.425	6.367	13.845	841.987	701.384	0	829	680	0	27	43	0
471	471	471	80	120105	255	0	255	255	255	1277.062	695.558	0	11.978	2.609	12.334	1277.062	695.559	0	1264	681	0	26	29	0
26	26	26	15	6630	255	0	255	255	255	552.808	685.423	0	2.455	0.449	2.431	552.808	685.423	0	551	683	0	6	6	0
106	106	106	34	27030	255	0	255	255	255	1390.783	692.557	0	5.530	1.104	5.818	1390.784	692.557	0	1383	687	0	15	12	0
70	70	70	27	17850	255	0	255	255	255	1214.414	697.357	0	4.318	1.155	4.454	1214.415	697.357	0	1211	692	0	8	12	0
59	59	59	27	15045	255	0	255	255	255	863.407	700.576	0	4.190	1.381	4.185	863.407	700.576	0	860	694	0	8	12	0
177	177	177	46	45135	255	0	255	255	255	1134.102	701.582	0	7.071	1.256	7.504	1134.103	701.582	0	1127	694	0	15	16	0
36	36	36	17	9180	255	0	255	255	255	1322.333	697.444	0	2.947	0.349	2.882	1322.333	697.444	0	1319	695	0	8	6	0
112	112	112	36	28560	255	0	255	255	255	1041.179	700.714	0	5.596	1.470	6.123	1041.179	700.714	0	1034	696	0	15	11	0
194	194	194	43	49470	255	0	255	255	255	626.041	706.361	0	7.506	1.199	7.427	626.042	706.361	0	619	697	0	15	20	0
10	10	10	8	2550	255	0	255	255	255	1091.700	699.400	0	1.368	0.342	1.432	1091.700	699.400	0	1090	698	0	4	4	0
63	63	63	59	16065	255	0	255	255	255	1466.079	718.778	0	7.990	4.981	7.281	1466.080	718.778	0	1464	700	0	4	35	0
115	115	115	42	29325	255	0	255	255	255	666.070	711.713	0	5.927	2.300	6.209	666.070	711.713	0	660	704	0	14	16	0
294	294	294	71	74970	255	0	255	255	255	1204.779	721.248	0	9.587	2.894	9.971	1204.780	721.248	0	1198	707	0	20	28	0
154	154	154	44	39270	255	0	255	255	255	649.058	716.487	0	6.651	1.838	6.975	649.059	716.487	0	643	708	0	14	18	0
115	115	115	33	29325	255	0	255	255	255	897.330	714.887	0	5.625	0.806	5.671	897.331	714.887	0	891	710	0	13	12	0
60	60	60	27	15300	255	0	255	255	255	1304.600	714.017	0	3.976	1.269	4.293	1304.600	714.017	0	1300	710	0	11	9	0
24	24	24	13	6120	255	0	255	255	255	1068.875	713.667	0	2.346	0.280	2.337	1068.875	713.667	0	1067	711	0	5	6	0
186	186	186	61	47430	255	0	255	255	255	1144.710	724.360	0	8.361	3.169	7.905	1144.711	724.361	0	1140	711	0	10	29	0
49	49	49	23	12495	255	0	255	255	255	521.878	717.449	0	3.571	0.800	3.486	521.878	717.449	0	518	714	0	9	8	0
1390	1390	1390	192	354450	255	0	255	255	255	838.576	739.973	0	24.753	10.712	22.958	838.578	739.974	0	802	714	0	75	53	0
331	331	331	78	84405	255	0	255	255	255	1029.408	728.465	0	10.391	4.409	10.930	1029.408	728.466	0	1019	714	0	23	31	0
1899	1899	1899	382	484245	255	0	255	255	255	904.780	762.434	0	27.019	12.097	26.263	904.776	762.434	0	874	716	0	69	94	0
151	151	151	43	38505	255	0	255	255	255	1278.384	724.079	0	6.676	1.902	6.405	1278.385	724.080	0	1269	718	0	18	13	0
144	144	144	60	36720	255	0	255	255	255	881.986	729.500	0	7.429	3.466	7.163	881.987	729.500	0	870	720	0	20	19	0
10300	10300	10300	1352	2626500	255	0	255	255	255	689.292	785.177	0	63.563	34.306	57.770	689.295	785.230	0	572	722	0	259	128	0
192	192	192	67	48960	255	0	255	255	255	685.297	730.615	0	8.043	3.143	7.554	685.298	730.615	0	673	724	0	25	15	0
24	24	24	14	6120	255	0	255	255	255	1010.417	726.292	0	2.333	0.452	2.382	1010.417	726.292	0	1008	724	0	6	5	0
80	80	80	28	20400	255	0	255	255	255	1129.850	727.650	0	4.600	0.920	4.722	1129.850	727.650	0	1124	724	0	12	8	0
17	17	17	11	4335	255	0	255	255	255	666.882	731.412	0	1.895	0.277	1.927	666.882	731.412	0	665	730	0	5	4	0
294	294	294	89	74970	255	0	255	255	255	1117.667	745.653	0	10.534	4.816	9.901	1117.667	745.653	0	1108	730	0	24	33	0
317	317	317	77	80835	255	0	255	255	255	1060.625	748.521	0	9.245	2.652	10.478	1060.626	748.521	0	1052	737	0	20	24	0
116	116	116	35	29580	255	0	255	255	255	1019.457	745.293	0	5.655	1.140	5.836	1019.457	745.293	0	1015	738	0	10	15	0
74	74	74	28	18870	255	0	255	255	255	1261.000	742.973	0	4.470	0.936	4.460	1261.000	742.973	0	1255	739	0	12	9	0
87	87	87	33	22185	255	0	255	255	255	1145.632	748.356	0	4.984	1.595	4.962	1145.633	748.356	0	1142	741	0	8	15	0
442	442	442	78	112710	255	0	255	255	255	1199.199	755.000	0	12.049	3.234	11.364	1199.200	755.000	0	1186	742	0	28	28	0
256	256	256	52	65280	255	0	255	255	255	1298.551	752.129	0	8.643	1.164	8.804	1298.552	752.129	0	1290	743	0	19	21	0
123	123	123	39	31365	255	0	255	255	255	1342.504	751.219	0	6.031	1.992	6.240	1342.505	751.219	0	1337	743	0	12	17	0
146	146	146	41	37230	255	0	255	255	255	1379.863	754.534	0	6.434	1.241	6.467	1379.864	754.534	0	1372	745	0	15	17	0
332	332	332	68	84660	255	0	255	255	255	945.452	763.789	0	10.188	2.674	9.985	945.453	763.789	0	938	750	0	17	29	0
2852	2852	2852	491	727260	255	0	255	255	255	943.688	803.021	0	35.146	13.430	36.041	943.688	803.019	0	886	752	0	117	97	0
52	52	52	50	13260	255	0	255	255	255	1470.442	769.327	0	6.388	3.731	6.347	1470.442	769.327	0	1469	756	0	4	26	0
302	302	302	72	77010	255	0	255	255	255	1091.377	765.228	0	9.873	3.128	10.251	1091.379	765.229	0	1079	757	0	28	17	0
52	52	52	22	13260	255	0	255	255	255	1251.981	762.154	0	3.645	0.558	3.514	1251.981	762.154	0	1248	758	0	8	9	0
27	27	27	15	6885	255	0	255	255	255	1422.296	760.000	0	2.523	0.455	2.505	1422.296	760.000	0	1420	758	0	6	6	0
103	103	103	33	26265	255	0	255	255	255	1184.243	765.524	0	5.288	1.049	5.485	1184.244	765.524	0	1180	759	0	9	14	0
27	27	27	18	6885	255	0	255	255	255	1232.000	764.000	0	2.964	1.303	2.914	1232.000	764.000	0	1229	762	0	10	5	0
41	41	41	25	10455	255	0	255	255	255	1275.805	769.390	0	3.685	1.717	4.036	1275.805	769.390	0	1271	766	0	11	8	0
116	116	116	38	29580	255	0	255	255	255	867.112	775.207	0	6.001	2.216	6.150	867.113	775.207	0	860	768	0	16	15	0
304	304	304	73	77520	255	0	255	255	255	1128.539	779.053	0	9.342	2.932	10.063	1128.541	779.053	0	1117	768	0	25	22	0
11	11	11	9	2805	255	0	255	255	255	1341.818	771.091	0	1.469	0.481	1.364	1341.818	771.091	0	1341	769	0	3	5	0
506	506	506	110	129030	255	0	255	255	255	1067.613	785.933	0	12.299	4.793	12.634	1067.614	785.932	0	1048	774	0	36	26	0
15	15	15	11	3825	255	0	255	255	255	1220.800	778.733	0	1.783	0.532	1.820	1220.800	778.733	0	1219	777	0	5	4	0
583	583	583	122	148665	255	0	255	255	255	1292.364	797.211	0	13.897	6.379	14.414	1292.365	797.211	0	1276	777	0	30	45	0
29	29	29	16	7395	255	0	255	255	255	1176.241	782.483	0	2.592	0.406	2.613	1176.241	782.483	0	1174	780	0	6	6	0
180	180	180	43	45900	255	0	255	255	255	1022.633	790.811	0	7.166	1.062	7.020	1022.634	790.811	0	1016	782	0	14	18	0
315	315	315	63	80325	255	0	255	255	255	812.762	793.317	0	9.638	1.696	9.829	812.763	793.318	0	804	783	0	18	24	0
45	45	45	20	11475	255	0	255	255	255	1214.600	790.311	0	3.392	0.540	3.442	1214.600	790.311	0	1212	786	0	7	9	0
83	83	83	32	21165	255	0	255	255	255	835.458	791.735	0	4.844	1.690	5.028	835.458	791.735	0	828	788	0	15	9	0
327	327	327	68	83385	255	0	255	255	255	1186.254	802.523	0	9.886	3.315	10.235	1186.254	802.523	0	1177	788	0	18	30	0
25	25	25	15	6375	255	0	255	255	255	1270.760	789.800	0	2.410	0.603	2.379	1270.760	789.800	0	1268	788	0	7	5	0
400	400	400	87	102000	255	0	255	255	255	1320.000	804.580	0	11.799	4.890	12.251	1320.001	804.581	0	1309	788	0	22	35	0
16	16	16	12	4080	255	0	255	255	255	1383.938	795.000	0	1.933	0.680	2.091	1383.938	795.000	0	1382	792	0	5	6	0
620	620	620	144	158100	255	0	255	255	255	861.890	813.227	0	14.986	6.731	14.411	861.891	813.227	0	848	795	0	34	48	0
72	72	72	59	18360	255	0	255	255	255	1474.417	813.694	0	7.600	4.535	7.475	1474.417	813.694	0	1472	796	0	5	32	0
251	251	251	54	64005	255	0	255	255	255	633.757	805.681	0	8.742	1.599	8.871	633.758	805.682	0	624	798	0	22	17	0
185	185	185	47	47175	255	0	255	255	255	1224.222	807.968	0	7.178	1.017	7.074	1224.223	807.967	0	1215	800	0	18	17	0
109	109	109	32	27795	255	0	255	255	255	1400.514	806.982	0	5.482	0.575	5.458	1400.514	806.981	0	1395	801	0	12	14	0
211	211	211	72	53805	255	0	255	255	255	1363.682	815.412	0	7.231	3.081	7.626	1363.683	815.412	0	1352	805	0	21	20	0
19	19	19	13	4845	255	0	255	255	255	953.053	808.316	0	2.011	0.497	1.986	953.053	808.316	0	951	806	0	5	5	0
34	34	34	18	8670	255	0	255	255	255	1162.235	808.059	0	2.875	0.485	2.936	1162.235	808.059	0	1159	806	0	7	6	0
151	151	151	44	38505	255	0	255	255	255	1120.430	814.232	0	6.610	1.444	6.414	1120.432	814.232	0	1114	807	0	13	17	0
314	314	314	59	80070	255	0	255	255	255	985.019	822.742	0	9.647	1.666	9.726	985.020	822.742	0	974	810	0	21	23	0
75	75	75	36	19125	255	0	255	255	255	1139.587	817.813	0	4.919	2.463	5.318	1139.587	817.813	0	1136	810	0	8	17	0
232	232	232	56	59160	255	0	255	255	255	1036.560	818.409	0	8.444	2.512	9.051	1036.561	818.410	0	1024	812	0	24	16	0
109	109	109	49	27795	255	0	255	255	255	1349.193	826.431	0	5.890	2.545	5.572	1349.194	826.431	0	1344	817	0	14	18	0
87	87	87	33	22185	255	0	255	255	255	660.333	822.575	0	4.981	1.193	4.888	660.333	822.575	0	656	818	0	12	11	0
939	939	939	202	239445	255	0	255	255	255	833.065	845.380	0	17.879	5.307	18.440	833.066	845.379	0	807	819	0	48	47	0
296	296	296	73	75480	255	0	255	255	255	1269.997	829.848	0	9.513	3.646	10.063	1269.998	829.848	0	1258	819	0	27	22	0
123	123	123	39	31365	255	0	255	255	255	1077.829	831.024	0	5.948	2.020	6.358	1077.830	831.024	0	1072	823	0	12	17	0
228	228	228	51	58140	255	0	255	255	255	1104.408	836.974	0	8.267	1.654	8.250	1104.409	836.974	0	1096	826	0	17	23	0
345	345	345	93	87975	255	0	255	255	255	1165.412	847.128	0	11.619	5.393	12.403	1165.413	847.128	0	1158	829	0	20	39	0
84	84	84	74	21420	255	0	255	255	255	1478.083	855.143	0	10.292	6.699	9.175	1478.084	855.143	0	1476	829	0	5	45	0
437	437	437	68	111435	255	0	255	255	255	1053.261	843.279	0	11.456	1.216	11.736	1053.262	843.280	0	1043	831	0	24	26	0
393	393	393	73	100215	255	0	255	255	255	676.522	845.285	0	11.663	3.681	11.361	676.523	845.285	0	662	832	0	31	25	0
207	207	207	51	52785	255	0	255	255	255	1023.792	845.681	0	8.248	2.399	8.853	1023.793	845.681	0	1015	836	0	19	20	0
222	222	222	48	56610	255	0	255	255	255	1258.149	846.563	0	8.081	1.435	8.510	1258.150	846.563	0	1250	837	0	17	21	0
40	40	40	22	10200	255	0	255	255	255	1426.675	841.025	0	3.209	0.795	3.178	1426.675	841.025	0	1423	837	0	8	8	0
26	26	26	18	6630	255	0	255	255	255	1388.500	844.885	0	2.530	0.926	2.548	1388.500	844.885	0	1385	842	0	7	7	0
29	29	29	17	7395	255	0	255	255	255	1283.586	849.724	0	2.744	1.101	2.786	1283.586	849.724	0	1281	846	0	6	9	0
205	205	205	61	52275	255	0	255	255	255	938.898	859.868	0	7.834	2.824	7.053	938.899	859.869	0	931	849	0	18	21	0
160	160	160	48	40800	255	0	255	255	255	745.019	855.963	0	6.863	1.676	6.374	745.020	855.963	0	737	850	0	18	13	0
129	129	129	56	32895	255	0	255	255	255	765.597	861.907	0	7.385	3.475	6.946	765.597	861.907	0	757	852	0	19	21	0
295	295	295	78	75225	255	0	255	255	255	973.149	866.237	0	10.080	3.453	9.601	973.150	866.238	0	963	854	0	21	29	0
650	650	650	115	165750	255	0	255	255	255	1208.100	870.231	0	15.067	5.868	14.951	1208.101	870.231	0	1184	854	0	45	32	0
52	52	52	28	13260	255	0	255	255	255	716.558	860.481	0	3.743	1.758	3.806	716.558	860.481	0	713	855	0	8	12	0
31	31	31	16	7905	255	0	255	255	255	1225.452	857.419	0	2.684	0.225	2.629	1225.452	857.419	0	1223	855	0	6	6	0
25	25	25	15	6375	255	0	255	255	255	1281.480	859.360	0	2.416	0.719	2.236	1281.480	859.360	0	1280	856	0	4	8	0
97	97	97	30	24735	255	0	255	255	255	1389.990	861.990	0	5.178	0.781	5.097	1389.991	861.990	0	1385	857	0	12	12	0
790	790	790	131	201450	255	0	255	255	255	858.435	876.590	0	16.851	5.261	17.744	858.436	876.589	0	843	859	0	33	47	0
593	593	593	90	151215	255	0	255	255	255	1107.551	870.422	0	13.554	3.388	14.279	1107.552	870.421	0	1089	859	0	36	23	0
10	10	10	8	2550	255	0	255	255	255	1411.800	860.500	0	1.364	0.301	1.407	1411.800	860.500	0	1411	859	0	3	4	0
22	22	22	12	5610	255	0	255	255	255	1433.773	862.182	0	2.265	0.327	2.214	1433.773	862.182	0	1431	860	0	6	6	0
609	609	609	117	155295	255	0	255	255	255	713.770	880.629	0	14.427	6.452	13.866	713.772	880.630	0	695	861	0	39	41	0
106	106	106	34	27030	255	0	255	255	255	913.189	868.396	0	5.425	0.998	5.415	913.189	868.396	0	907	862	0	14	12	0
243	243	243	59	61965	255	0	255	255	255	888.099	877.000	0	8.631	2.834	8.579	888.100	877.000	0	881	865	0	15	25	0
335	335	335	71	85425	255	0	255	255	255	801.227	877.391	0	9.901	1.991	10.025	801.228	877.391	0	792	866	0	20	25	0
15	15	15	12	3825	255	0	255	255	255	1405.000	867.000	0	1.717	0.489	1.707	1405.000	867.000	0	1403	866	0	5	3	0
41	41	41	17	10455	255	0	255	255	255	817.683	877.146	0	3.224	0.288	3.220	817.683	877.146	0	814	874	0	8	7	0
74	74	74	29	18870	255	0	255	255	255	991.919	879.730	0	4.623	1.629	5.088	991.919	879.730	0	986	875	0	13	10	0
50	50	50	28	12750	255	0	255	255	255	907.420	881.400	0	3.763	1.843	3.808	907.420	881.400	0	902	877	0	12	10	0
280	280	280	68	71400	255	0	255	255	255	1270.971	891.732	0	9.588	3.010	9.059	1270.973	891.732	0	1263	877	0	17	29	0
183	183	183	66	46665	255	0	255	255	255	775.109	890.191	0	7.974	3.193	8.832	775.110	890.192	0	766	879	0	19	24	0
334	334	334	97	85170	255	0	255	255	255	1177.222	892.850	0	10.084	4.240	10.667	1177.223	892.850	0	1163	879	0	30	27	0
462	462	462	155	117810	255	0	255	255	255	911.017	900.110	0	13.562	5.633	15.044	911.019	900.111	0	894	881	0	42	38	0
67	67	67	25	17085	255	0	255	255	255	875.448	886.701	0	4.191	0.707	4.231	875.448	886.701	0	872	882	0	8	11	0
29	29	29	15	7395	255	0	255	255	255	1034.276	886.034	0	2.609	0.367	2.615	1034.276	886.034	0	1031	884	0	7	6	0
69	69	69	63	17595	255	0	255	255	255	1482.261	903.725	0	8.129	4.880	7.760	1482.261	903.725	0	1480	885	0	5	35	0
77	77	77	31	19635	255	0	255	255	255	1324.052	892.169	0	4.593	1.602	5.062	1324.053	892.169	0	1317	888	0	14	9	0
39	39	39	18	9945	255	0	255	255	255	962.231	892.282	0	3.099	0.321	3.121	962.231	892.282	0	959	889	0	7	7	0
15	15	15	12	3825	255	0	255	255	255	1435.533	892.467	0	1.791	0.563	1.613	1435.533	892.467	0	1433	891	0	6	4	0
23	23	23	13	5865	255	0	255	255	255	1021.174	898.043	0	2.288	0.423	2.204	1021.174	898.043	0	1019	895	0	5	7	0
17	17	17	12	4335	255	0	255	255	255	868.882	897.529	0	1.878	0.383	1.871	868.882	897.529	0	867	896	0	5	4	0
371	371	371	84	94605	255	0	255	255	255	1070.369	909.935	0	11.283	3.979	11.746	1070.370	909.935	0	1056	897	0	28	30	0
70	70	70	31	17850	255	0	255	255	255	1375.500	903.200	0	4.376	1.179	4.482	1375.500	903.200	0	1372	897	0	9	12	0
105	105	105	38	26775	255	0	255	255	255	969.076	907.229	0	5.554	1.981	5.855	969.077	907.229	0	965	899	0	10	17	0
74	74	74	33	18870	255	0	255	255	255	1229.730	904.095	0	4.558	1.921	5.094	1229.730	904.095	0	1223	900	0	14	9	0
19	19	19	14	4845	255	0	255	255	255	843.737	903.842	0	2.014	0.667	2.131	843.737	903.842	0	842	901	0	4	6	0
28	28	28	16	7140	255	0	255	255	255	1087.321	907.964	0	2.574	0.540	2.563	1087.321	907.964	0	1084	906	0	7	6	0
128	128	128	37	32640	255	0	255	255	255	1022.945	916.055	0	6.093	1.316	5.580	1022.946	916.055	0	1018	908	0	11	17	0
10	10	10	9	2550	255	0	255	255	255	1300.300	909.500	0	1.350	0.483	1.393	1300.300	909.500	0	1299	908	0	4	4	0
86	86	86	29	21930	255	0	255	255	255	742.070	915.709	0	4.900	0.780	4.764	742.070	915.709	0	738	909	0	10	13	0
49	49	49	24	12495	255	0	255	255	255	758.918	913.367	0	3.567	1.021	3.817	758.918	913.367	0	756	909	0	6	10	0
636	636	636	178	162180	255	0	255	255	255	800.884	920.231	0	14.603	5.584	14.163	800.884	920.233	0	778	909	0	50	29	0
62	62	62	29	15810	255	0	255	255	255	876.694	914.548	0	4.110	1.318	4.487	876.694	914.548	0	872	909	0	10	11	0
198	198	198	54	50490	255	0	255	255	255	1109.899	919.338	0	7.755	2.448	8.201	1109.900	919.338	0	1102	909	0	15	21	0
20	20	20	13	5100	255	0	255	255	255	1307.250	911.850	0	2.106	0.441	2.094	1307.250	911.850	0	1305	910	0	5	5	0
156	156	156	55	39780	255	0	255	255	255	868.186	921.532	0	8.106	3.654	7.285	868.187	921.532	0	857	912	0	24	18	0
43	43	43	19	10965	255	0	255	255	255	985.884	915.116	0	3.244	0.250	3.239	985.884	915.116	0	983	912	0	7	7	0
122	122	122	36	31110	255	0	255	255	255	920.025	919.738	0	5.911	1.080	5.856	920.025	919.738	0	915	913	0	12	14	0
40	40	40	20	10200	255	0	255	255	255	1324.075	915.600	0	3.245	0.794	3.285	1324.075	915.600	0	1319	913	0	10	7	0
64	64	64	30	16320	255	0	255	255	255	1298.969	917.641	0	4.414	1.825	4.611	1298.969	917.641	0	1293	914	0	13	9	0
63	63	63	23	16065	255	0	255	255	255	1333.905	918.984	0	4.115	0.690	4.117	1333.905	918.984	0	1329	914	0	10	10	0
26	26	26	16	6630	255	0	255	255	255	1314.654	918.077	0	2.409	0.463	2.498	1314.654	918.077	0	1312	916	0	6	5	0
128	128	128	48	32640	255	0	255	255	255	887.430	926.812	0	6.761	2.563	6.448	887.430	926.813	0	882	918	0	11	21	0
217	217	217	50	55335	255	0	255	255	255	966.083	926.332	0	7.898	1.181	8.059	966.084	926.332	0	957	919	0	18	17	0
12	12	12	10	3060	255	0	255	255	255	1152.917	920.250	0	1.547	0.500	1.434	1152.917	920.250	0	1151	919	0	5	3	0
35	35	35	23	8925	255	0	255	255	255	940.086	925.571	0	3.480	1.478	3.687	940.086	925.571	0	938	920	0	5	11	0
55	55	55	24	14025	255	0	255	255	255	845.527	925.673	0	3.910	1.257	4.462	845.527	925.673	0	841	921	0	10	10	0
93	93	93	31	23715	255	0	255	255	255	1160.817	931.140	0	5.089	0.810	5.204	1160.818	931.140	0	1156	926	0	11	12	0
703	703	703	165	179265	255	0	255	255	255	775.397	954.368	0	15.223	5.601	14.327	775.398	954.371	0	759	931	0	38	46	0
56	56	56	31	14280	255	0	255	255	255	1255.911	936.893	0	4.699	2.286	4.864	1255.911	936.893	0	1252	931	0	8	16	0
64	64	64	28	16320	255	0	255	255	255	853.188	937.500	0	4.131	1.404	4.504	853.188	937.500	0	849	932	0	10	12	0
22	22	22	13	5610	255	0	255	255	255	990.455	934.864	0	2.217	0.309	2.205	990.455	934.864	0	988	933	0	6	5	0
51	51	51	25	13005	255	0	255	255	255	1038.235	936.431	0	3.702	1.296	3.774	1038.235	936.431	0	1033	933	0	11	7	0
407	407	407	129	103785	255	0	255	255	255	829.794	944.673	0	10.907	4.405	10.937	829.794	944.673	0	816	934	0	31	28	0
66	66	66	60	16830	255	0	255	255	255	1486.303	950.606	0	7.654	4.497	7.519	1486.303	950.606	0	1484	934	0	5	32	0
46	46	46	26	11730	255	0	255	255	255	1308.087	945.457	0	3.467	1.368	3.735	1308.087	945.457	0	1306	941	0	6	11	0
269	269	269	61	68595	255	0	255	255	255	701.784	947.836	0	9.152	3.227	9.067	701.786	947.836	0	688	942	0	29	13	0
81	81	81	37	20655	255	0	255	255	255	1033.346	949.852	0	4.798	2.420	5.102	1033.346	949.852	0	1030	942	0	8	17	0
89	89	89	33	22695	255	0	255	255	255	1063.281	948.056	0	5.006	1.565	5.107	1063.281	948.056	0	1058	942	0	12	13	0
196	196	196	52	49980	255	0	255	255	255	730.332	949.740	0	7.654	2.708	8.202	730.333	949.740	0	720	945	0	22	12	0
54	54	54	26	13770	255	0	255	255	255	937.222	949.370	0	3.983	1.518	4.354	937.222	949.370	0	932	945	0	11	10	0
159	159	159	45	40545	255	0	255	255	255	898.013	955.365	0	6.988	2.111	6.542	898.013	955.365	0	891	946	0	15	19	0
1143	1143	1143	273	291465	255	0	255	255	255	623.543	964.872	0	24.141	9.636	22.722	623.545	964.875	0	579	950	0	88	41	0
113	113	113	35	28815	255	0	255	255	255	672.832	956.266	0	5.566	0.658	5.517	672.832	956.265	0	668	950	0	11	13	0
46	46	46	28	11730	255	0	255	255	255	798.283	953.609	0	4.168	1.944	4.298	798.283	953.609	0	793	950	0	12	10	0
16	16	16	15	4080	255	0	255	255	255	1111.000	952.000	0	2.300	1.215	2.236	1111.000	952.000	0	1107	951	0	8	3	0
97	97	97	35	24735	255	0	255	255	255	1187.340	955.485	0	5.229	1.161	5.053	1187.341	955.485	0	1180	951	0	13	11	0
899	899	899	232	229245	255	0	255	255	255	858.482	975.344	0	17.474	6.145	17.878	858.482	975.342	0	831	952	0	54	45	0
432	432	432	354	110160	255	0	255	255	255	28.532	1044.644	0	49.203	20.755	42.058	28.532	1044.647	0	0	953	0	125	130	0
129	129	129	42	32895	255	0	255	255	255	1017.829	965.047	0	6.299	2.022	6.014	1017.830	965.047	0	1014	956	0	9	19	0
10	10	10	8	2550	255	0	255	255	255	1339.000	960.500	0	1.385	0.307	1.309	1339.000	960.500	0	1338	959	0	3	4	0
34	34	34	18	8670	255	0	255	255	255	574.794	965.618	0	2.870	0.692	2.932	574.794	965.618	0	573	962	0	5	8	0
76	76	76	30	19380	255	0	255	255	255	920.553	969.250	0	4.695	1.492	4.781	920.553	969.250	0	915	964	0	11	12	0
40	40	40	22	10200	255	0	255	255	255	949.975	967.500	0	3.294	0.980	3.274	949.975	967.500	0	947	964	0	9	8	0
30	30	30	17	7650	255	0	255	255	255	1244.167	965.767	0	2.669	0.782	2.796	1244.167	965.767	0	1241	964	0	8	5	0
70	70	70	29	17850	255	0	255	255	255	736.014	971.329	0	4.361	1.387	4.471	736.014	971.329	0	733	965	0	7	13	0
81	81	81	28	20655	255	0	255	255	255	1056.889	969.000	0	4.639	0.700	4.547	1056.889	969.000	0	1051	965	0	12	9	0
30	30	30	15	7650	255	0	255	255	255	1081.367	970.633	0	2.659	0.215	2.708	1081.367	970.633	0	1079	968	0	6	6	0
27	27	27	15	6885	255	0	255	255	255	1119.926	971.407	0	2.475	0.309	2.507	1119.926	971.407	0	1118	969	0	5	6	0
15	15	15	11	3825	255	0	255	255	255	744.467	972.733	0	1.721	0.484	1.795	744.467	972.733	0	743	971	0	4	5	0
223	223	223	76	56865	255	0	255	255	255	543.592	985.220	0	8.374	2.676	7.759	543.592	985.220	0	537	972	0	14	26	0
52	52	52	25	13260	255	0	255	255	255	978.635	977.135	0	3.933	1.497	4.099	978.635	977.135	0	975	972	0	9	12	0
149	149	149	39	37995	255	0	255	255	255	566.101	981.148	0	6.462	0.826	6.468	566.101	981.148	0	559	974	0	15	14	0
48	48	48	27	12240	255	0	255	255	255	715.917	979.708	0	3.759	1.754	3.820	715.917	979.708	0	713	974	0	7	12	0
139	139	139	42	35445	255	0	255	255	255	758.892	980.777	0	6.331	1.642	5.917	758.893	980.777	0	750	975	0	18	12	0
32	32	32	16	8160	255	0	255	255	255	1040.969	977.406	0	2.773	0.355	2.693	1040.969	977.406	0	1038	975	0	7	6	0
476	476	476	94	121380	255	0	255	255	255	821.248	995.315	0	13.892	5.396	13.795	821.250	995.315	0	804	976	0	33	35	0
95	95	95	35	24225	255	0	255	255	255	913.432	983.347	0	5.253	1.613	5.049	913.432	983.347	0	909	976	0	10	15	0
150	150	150	41	38250	255	0	255	255	255	938.127	984.827	0	6.545	1.424	6.497	938.128	984.827	0	933	976	0	11	18	0
70	70	70	64	17850	255	0	255	255	255	1490.243	995.443	0	8.311	5.037	8.036	1490.243	995.443	0	1488	976	0	5	36	0
35	35	35	27	8925	255	0	255	255	255	959.314	983.829	0	3.791	1.820	4.048	959.314	983.829	0	957	978	0	6	13	0
219	219	219	81	55845	255	0	255	255	255	681.589	989.493	0	9.497	4.466	9.511	681.590	989.493	0	669	980	0	27	25	0
36	36	36	20	9180	255	0	255	255	255	1101.333	984.861	0	3.152	0.877	2.919	1101.333	984.861	0	1098	980	0	7	9	0
108	108	108	38	27540	255	0	255	255	255	1166.917	987.176	0	5.416	1.378	5.820	1166.917	987.176	0	1160	981	0	13	14	0
119	119	119	35	30345	255	0	255	255	255	1034.277	989.168	0	5.770	0.854	5.743	1034.278	989.168	0	1028	984	0	14	13	0
18	18	18	12	4590	255	0	255	255	255	1239.944	985.889	0	1.954	0.325	2.085	1239.944	985.889	0	1238	984	0	5	5	0
16	16	16	13	4080	255	0	255	255	255	1269.688	985.812	0	1.890	0.686	1.839	1269.688	985.812	0	1268	984	0	6	4	0
20	20	20	13	5100	255	0	255	255	255	1108.300	986.600	0	2.126	0.509	2.062	1108.300	986.600	0	1106	985	0	6	4	0
99	99	99	41	25245	255	0	255	255	255	766.394	996.414	0	5.222	2.158	5.600	766.394	996.414	0	761	989	0	12	15	0
59	59	59	31	15045	255	0	255	255	255	587.678	998.153	0	4.322	1.648	4.758	587.678	998.153	0	583	992	0	11	13	0
86	86	86	34	21930	255	0	255	255	255	745.802	999.814	0	4.907	1.736	5.280	745.802	999.814	0	742	993	0	8	15	0
267	267	267	68	68085	255	0	255	255	255	450.075	1005.813	0	9.952	4.067	10.154	450.076	1005.813	0	433	998	0	32	16	0
28	28	28	14	7140	255	0	255	255	255	867.500	1002.786	0	2.574	0.206	2.621	867.500	1002.786	0	865	1000	0	6	6	0
135	135	135	43	34425	255	0	255	255	255	1062.556	1008.689	0	6.248	1.563	5.716	1062.556	1008.689	0	1057	1000	0	13	18	0
772	772	772	189	196860	255	0	255	255	255	611.852	1023.014	0	19.222	9.063	18.928	611.854	1023.022	0	574	1001	0	67	34	0
779	779	779	149	198645	255	0	255	255	255	514.098	1021.044	0	17.116	7.095	16.933	514.099	1021.043	0	496	1003	0	47	41	0
90	90	90	36	22950	255	0	255	255	255	1030.444	1011.311	0	5.175	1.987	5.122	1030.445	1011.311	0	1027	1004	0	9	17	0
828	828	828	153	211140	255	0	255	255	255	396.465	1026.591	0	18.202	7.795	17.160	396.466	1026.591	0	371	1007	0	57	38	0
17	17	17	13	4335	255	0	255	255	255	873.471	1009.765	0	1.935	0.785	1.966	873.471	1009.765	0	872	1007	0	4	6	0
10	10	10	9	2550	255	0	255	255	255	567.700	1011.300	0	1.372	0.579	1.476	567.700	1011.300	0	567	1009	0	3	5	0
13	13	13	10	3315	255	0	255	255	255	611.000	1010.846	0	1.603	0.463	1.527	611.000	1010.846	0	609	1010	0	5	3	0
114	114	114	36	29070	255	0	255	255	255	696.921	1015.789	0	5.598	0.828	5.546	696.921	1015.790	0	690	1010	0	13	12	0
18	18	18	12	4590	255	0	255	255	255	1207.500	1011.778	0	1.932	0.306	1.891	1207.500	1011.778	0	1206	1010	0	4	5	0
24	24	24	15	6120	255	0	255	255	255	577.917	1013.125	0	2.336	0.678	2.314	577.917	1013.125	0	575	1011	0	7	6	0
19	19	19	12	4845	255	0	255	255	255	1361.947	1013.632	0	2.031	0.367	2.015	1361.947	1013.632	0	1360	1012	0	5	5	0
75	75	75	26	19125	255	0	255	255	255	797.867	1019.747	0	4.448	0.457	4.338	797.867	1019.747	0	793	1015	0	11	11	0
177	177	177	54	45135	255	0	255	255	255	989.085	1024.927	0	7.186	1.947	7.155	989.086	1024.926	0	982	1016	0	18	17	0
60	60	60	28	15300	255	0	255	255	255	861.550	1022.417	0	4.170	1.624	4.375	861.550	1022.417	0	858	1017	0	9	12	0
10	10	10	7	2550	255	0	255	255	255	1105.300	1020.300	0	1.438	0.255	1.476	1105.300	1020.300	0	1104	1019	0	4	4	0
62	62	62	29	15810	255	0	255	255	255	960.113	1026.161	0	4.319	1.362	4.049	960.113	1026.161	0	957	1020	0	8	14	0
20	20	20	13	5100	255	0	255	255	255	1161.600	1023.700	0	2.126	0.509	2.062	1161.600	1023.700	0	1160	1021	0	4	6	0
21	21	21	12	5355	255	0	255	255	255	1357.571	1022.810	0	2.202	0.324	2.248	1357.571	1022.810	0	1355	1021	0	6	5	0
158	158	158	51	40290	255	0	255	255	255	902.576	1031.095	0	6.615	2.297	6.708	902.577	1031.095	0	896	1022	0	14	18	0
325	325	325	70	82875	255	0	255	255	255	533.729	1032.668	0	10.241	3.284	10.068	533.730	1032.667	0	518	1024	0	30	17	0
31	31	31	17	7905	255	0	255	255	255	818.419	1026.806	0	2.729	0.779	2.843	818.419	1026.806	0	815	1024	0	8	6	0
55	55	55	27	14025	255	0	255	255	255	673.127	1029.964	0	3.944	1.352	3.991	673.127	1029.964	0	668	1027	0	12	6	0
64	64	64	29	16320	255	0	255	255	255	933.406	1032.844	0	4.304	1.451	4.198	933.406	1032.844	0	930	1027	0	8	13	0
59	59	59	52	15045	255	0	255	255	255	1494.339	1041.847	0	6.612	3.848	6.522	1494.339	1041.847	0	1492	1028	0	5	28	0
51	51	51	21	13005	255	0	255	255	255	786.078	1032.314	0	3.582	0.422	3.510	786.078	1032.314	0	782	1029	0	9	8	0
27	27	27	16	6885	255	0	255	255	255	843.037	1032.593	0	2.588	0.897	2.589	843.037	1032.593	0	841	1029	0	5	8	0
43	43	43	21	10965	255	0	255	255	255	715.023	1034.163	0	3.341	0.980	3.498	715.023	1034.163	0	711	1031	0	10	7	0
73	73	73	32	18615	255	0	255	255	255	298.219	1042.466	0	4.564	1.261	4.478	298.219	1042.466	0	293	1038	0	12	11	0
24	24	24	14	6120	255	0	255	255	255	447.583	1042.292	0	2.333	0.452	2.382	447.583	1042.292	0	445	1040	0	6	5	0
16	16	16	11	4080	255	0	255	255	255	1175.812	1041.312	0	1.827	0.332	1.839	1175.812	1041.312	0	1174	1040	0	5	4	0
515	515	515	505	131325	255	0	255	255	255	1096.930	1078.396	0	63.608	37.283	63.071	1096.932	1078.393	0	956	1076	0	268	5	0
61	61	61	61	15555	255	0	255	255	255	609.000	1077.000	0	15.246	8.880	15.000	609.000	1077.000	0	579	1077	0	61	1	0
11	11	11	11	2805	255	0	255	255	255	292.000	1078.000	0	2.727	1.679	3.000	292.000	1078.000	0	287	1078	0	11	1	0
84	84	84	82	21420	255	0	255	255	255	1473.560	1078.560	0	10.285	5.930	10.453	1473.560	1078.559	0	1454	1078	0	41	3	0
30	30	30	30	7650	255	0	255	255	255	413.500	1079.000	0	7.500	4.394	7.500	413.500	1079.000	0	399	1079	0	30	1	0
