Volume (pixel^3)	Surface (pixel^2)	Nb of obj. voxels	Nb of surf. voxels	IntDen	Mean	StdDev	Median	Min	Max	X	Y	Z	Mean dist. to surf. (pixel)	SD dist. to surf. (pixel)	Median dist. to surf. (pixel)	XM	YM	ZM	BX	BY	BZ	B-width	B-height	B-depth
5958	5958	5958	4512	1519290	255	0	255	255	255	229.155	673.569	0	490.310	170.768	462.538	229.156	673.564	0	0	0	0	992	1091	0
1906	1906	1906	1469	486030	255	0	255	255	255	971.389	15.311	0	231.238	150.421	215.615	971.390	15.311	0	523	11	0	942	18	0
366	366	366	62	93330	255	0	255	255	255	472.730	30.156	0	10.537	1.909	10.433	472.730	30.156	0	462	18	0	21	26	0
56	56	56	24	14280	255	0	255	255	255	453.054	22.732	0	3.880	1.028	3.985	453.054	22.732	0	448	19	0	11	8	0
145	145	145	49	36975	255	0	255	255	255	500.538	24.828	0	7.144	2.712	6.716	500.538	24.828	0	488	20	0	24	11	0
193	193	193	51	49215	255	0	255	255	255	1009.104	32.632	0	7.552	2.515	8.163	1009.105	32.632	0	1004	22	0	13	21	0
4116	4116	4116	473	1049580	255	0	255	255	255	563.993	60.772	0	38.394	17.216	35.051	563.996	60.772	0	488	28	0	134	82	0
87	87	87	30	22185	255	0	255	255	255	1321.713	34.092	0	5.109	1.350	5.197	1321.713	34.092	0	1317	29	0	11	12	0
1323	1323	1323	1186	337365	255	0	255	255	255	1468.048	449.098	0	186.314	105.898	188.928	1468.041	449.098	0	1464	29	0	9	759	0
140	140	140	42	35700	255	0	255	255	255	1271.721	39.150	0	6.355	1.932	6.525	1271.722	39.150	0	1267	31	0	10	18	0
501	501	501	80	127755	255	0	255	255	255	910.014	45.998	0	13.163	4.287	13.018	910.016	45.998	0	895	32	0	31	31	0
14	14	14	10	3570	255	0	255	255	255	1337.500	38.714	0	1.666	0.217	1.661	1337.500	38.714	0	1336	37	0	4	4	0
242	242	242	70	61710	255	0	255	255	255	953.537	50.174	0	7.788	3.208	8.346	953.538	50.174	0	942	41	0	23	20	0
218	218	218	50	55590	255	0	255	255	255	972.018	51.064	0	8.026	1.626	8.565	972.019	51.064	0	964	42	0	17	20	0
86	86	86	37	21930	255	0	255	255	255	1330.512	70.767	0	5.143	2.229	5.378	1330.513	70.767	0	1328	63	0	6	17	0
630	630	630	132	160650	255	0	255	255	255	650.487	83.056	0	15.856	7.159	15.788	650.489	83.056	0	625	65	0	50	36	0
644	644	644	96	164220	255	0	255	255	255	933.565	80.174	0	13.726	2.657	14.401	933.567	80.174	0	918	65	0	31	34	0
158	158	158	42	40290	255	0	255	255	255	1048.981	74.234	0	7.037	2.110	7.422	1048.982	74.234	0	1041	66	0	16	18	0
162	162	162	42	41310	255	0	255	255	255	966.568	78.833	0	6.728	0.858	6.833	966.569	78.833	0	959	72	0	15	14	0
29	29	29	15	7395	255	0	255	255	255	1017.276	79.414	0	2.603	0.226	2.679	1017.276	79.414	0	1015	77	0	6	6	0
148	148	148	38	37740	255	0	255	255	255	1249.284	89.405	0	6.415	0.698	6.507	1249.285	89.405	0	1244	82	0	12	15	0
139	139	139	39	35445	255	0	255	255	255	585.993	91.612	0	6.392	1.795	7.004	585.993	91.612	0	578	85	0	17	14	0
199	199	199	52	50745	255	0	255	255	255	983.573	100.869	0	7.913	2.623	7.650	983.574	100.869	0	973	93	0	20	19	0
1829	1829	1829	305	466395	255	0	255	255	255	731.612	124.033	0	27.107	14.025	25.159	731.617	124.033	0	686	94	0	101	50	0
124	124	124	34	31620	255	0	255	255	255	1273.274	99.742	0	5.875	0.582	5.893	1273.275	99.742	0	1266	94	0	14	13	0
72	72	72	25	18360	255	0	255	255	255	1047.958	100.681	0	4.348	0.332	4.320	1047.959	100.681	0	1043	96	0	10	10	0
145	145	145	45	36975	255	0	255	255	255	628.110	105.069	0	6.563	2.390	6.972	628.111	105.069	0	619	98	0	18	15	0
121	121	121	36	30855	255	0	255	255	255	657.298	108.851	0	5.843	1.374	6.327	657.298	108.851	0	650	103	0	15	13	0
102	102	102	31	26010	255	0	255	255	255	617.078	111.520	0	5.256	0.568	5.269	617.078	111.520	0	611	107	0	13	10	0
227	227	227	47	57885	255	0	255	255	255	1072.255	122.013	0	8.254	1.442	8.317	1072.257	122.013	0	1064	113	0	18	19	0
421	421	421	67	107355	255	0	255	255	255	956.572	127.252	0	11.420	2.522	11.042	956.574	127.252	0	945	114	0	22	29	0
134	134	134	41	34170	255	0	255	255	255	995.090	121.903	0	6.434	2.002	6.904	995.090	121.903	0	989	114	0	14	17	0
506	506	506	84	129030	255	0	255	255	255	651.302	128.998	0	12.620	3.563	14.034	651.303	128.998	0	635	116	0	33	27	0
177	177	177	42	45135	255	0	255	255	255	681.311	126.006	0	7.188	1.306	7.222	681.312	126.006	0	675	117	0	14	18	0
56	56	56	22	14280	255	0	255	255	255	1096.929	126.482	0	3.779	0.454	3.851	1096.929	126.482	0	1093	122	0	9	10	0
51	51	51	21	13005	255	0	255	255	255	1296.765	125.275	0	3.616	0.389	3.580	1296.765	125.275	0	1293	122	0	9	8	0
95	95	95	33	24225	255	0	255	255	255	1073.400	140.221	0	5.106	1.335	5.219	1073.401	140.221	0	1070	133	0	8	15	0
551	551	551	90	140505	255	0	255	255	255	802.668	149.254	0	12.950	2.535	12.655	802.669	149.254	0	788	137	0	33	30	0
282	282	282	55	71910	255	0	255	255	255	1006.160	149.202	0	9.071	1.410	8.619	1006.161	149.202	0	998	138	0	17	23	0
571	571	571	90	145605	255	0	255	255	255	690.599	148.441	0	13.501	3.906	13.872	690.600	148.441	0	672	139	0	37	21	0
108	108	108	31	27540	255	0	255	255	255	1022.000	146.611	0	5.450	0.676	5.611	1022.001	146.611	0	1016	141	0	13	12	0
167	167	167	41	42585	255	0	255	255	255	976.054	152.766	0	7.012	1.377	7.310	976.055	152.766	0	969	144	0	15	18	0
1108	1108	1108	166	282540	255	0	255	255	255	751.449	170.651	0	20.045	7.728	19.995	751.451	170.651	0	722	147	0	57	47	0
264	264	264	53	67320	255	0	255	255	255	778.227	162.667	0	8.805	1.181	8.621	778.228	162.667	0	770	152	0	18	21	0
306	306	306	66	78030	255	0	255	255	255	720.451	166.490	0	10.272	3.794	10.559	720.452	166.490	0	706	156	0	29	21	0
162	162	162	41	41310	255	0	255	255	255	1305.920	162.500	0	6.752	0.937	6.848	1305.921	162.500	0	1298	157	0	16	13	0
2650	2650	2650	327	675750	255	0	255	255	255	849.991	194.718	0	28.153	10.503	29.035	849.995	194.719	0	822	159	0	69	87	0
138	138	138	38	35190	255	0	255	255	255	1025.971	167.739	0	6.253	1.410	6.660	1025.972	167.739	0	1020	160	0	13	16	0
278	278	278	71	70890	255	0	255	255	255	1235.424	178.187	0	10.025	3.980	9.364	1235.425	178.187	0	1229	161	0	14	34	0
17	17	17	11	4335	255	0	255	255	255	1267.882	163.588	0	1.895	0.277	1.927	1267.882	163.588	0	1266	162	0	5	4	0
185	185	185	44	47175	255	0	255	255	255	1092.141	172.281	0	7.259	1.289	7.612	1092.141	172.281	0	1085	164	0	16	17	0
254	254	254	54	64770	255	0	255	255	255	1055.661	175.087	0	8.656	1.690	8.105	1055.663	175.087	0	1047	166	0	18	20	0
523	523	523	107	133365	255	0	255	255	255	809.235	196.279	0	12.569	4.827	13.668	809.237	196.279	0	796	176	0	29	36	0
220	220	220	48	56100	255	0	255	255	255	1124.264	183.427	0	7.958	1.133	8.191	1124.265	183.427	0	1115	176	0	18	18	0
196	196	196	46	49980	255	0	255	255	255	1256.117	186.638	0	7.464	1.264	7.434	1256.119	186.638	0	1250	177	0	14	19	0
245	245	245	53	62475	255	0	255	255	255	786.045	189.200	0	8.462	1.786	8.756	786.046	189.200	0	779	179	0	15	21	0
328	328	328	60	83640	255	0	255	255	255	1155.229	188.177	0	9.777	1.455	10.092	1155.230	188.177	0	1144	180	0	24	17	0
191	191	191	44	48705	255	0	255	255	255	1015.874	192.518	0	7.626	1.955	8.263	1015.875	192.518	0	1008	184	0	17	18	0
350	350	350	63	89250	255	0	255	255	255	903.806	201.343	0	10.385	2.229	9.828	903.807	201.343	0	891	193	0	27	18	0
69	69	69	25	17595	255	0	255	255	255	1188.652	209.275	0	4.262	0.427	4.303	1188.652	209.275	0	1184	205	0	10	10	0
221	221	221	47	56355	255	0	255	255	255	874.864	214.009	0	8.039	1.335	8.117	874.865	214.009	0	865	207	0	21	15	0
183	183	183	43	46665	255	0	255	255	255	1307.240	221.923	0	7.255	1.244	6.887	1307.242	221.923	0	1301	213	0	13	19	0
104	104	104	33	26520	255	0	255	255	255	902.423	223.365	0	5.306	1.141	5.558	902.423	223.365	0	898	217	0	10	14	0
85	85	85	28	21675	255	0	255	255	255	925.988	221.600	0	4.849	0.689	4.921	925.989	221.600	0	921	217	0	11	10	0
303	303	303	60	77265	255	0	255	255	255	1060.957	229.013	0	9.611	2.485	9.198	1060.958	229.013	0	1051	218	0	22	23	0
114	114	114	35	29070	255	0	255	255	255	1190.395	227.430	0	5.729	1.315	5.917	1190.396	227.430	0	1185	221	0	12	14	0
1102	1102	1102	115	281010	255	0	255	255	255	947.912	244.759	0	18.742	3.548	18.532	947.913	244.758	0	931	224	0	41	46	0
761	761	761	110	194055	255	0	255	255	255	894.191	241.560	0	15.100	5.091	16.213	894.191	241.560	0	875	225	0	43	29	0
45	45	45	19	11475	255	0	255	255	255	1216.800	228.200	0	3.348	0.278	3.329	1216.800	228.200	0	1213	225	0	8	8	0
118	118	118	34	30090	255	0	255	255	255	1330.169	232.907	0	5.765	1.016	5.833	1330.170	232.907	0	1325	226	0	11	15	0
660	660	660	120	168300	255	0	255	255	255	870.597	252.189	0	15.901	7.279	15.354	870.599	252.189	0	858	227	0	30	49	0
47	47	47	24	11985	255	0	255	255	255	1086.915	232.702	0	3.524	1.135	3.442	1086.915	232.702	0	1085	228	0	5	11	0
379	379	379	83	96645	255	0	255	255	255	1103.325	250.000	0	11.248	4.840	11.472	1103.325	250.000	0	1093	232	0	23	35	0
202	202	202	43	51510	255	0	255	255	255	1049.094	247.540	0	7.907	1.536	8.280	1049.095	247.540	0	1041	239	0	17	18	0
33	33	33	18	8415	255	0	255	255	255	430.818	246.000	0	2.771	0.499	2.889	430.818	246.000	0	428	244	0	7	5	0
488	488	488	86	124440	255	0	255	255	255	1072.695	264.781	0	12.300	3.414	12.579	1072.695	264.781	0	1059	252	0	27	32	0
191	191	191	43	48705	255	0	255	255	255	968.660	263.005	0	7.503	1.241	8.002	968.661	263.005	0	961	255	0	16	17	0
559	559	559	94	142545	255	0	255	255	255	904.549	274.631	0	12.847	3.528	13.371	904.550	274.631	0	893	261	0	29	31	0
33	33	33	19	8415	255	0	255	255	255	1183.364	263.212	0	2.884	0.904	2.752	1183.364	263.212	0	1179	261	0	9	5	0
48	48	48	23	12240	255	0	255	255	255	1154.229	267.896	0	3.557	1.162	3.574	1154.229	267.896	0	1152	263	0	6	11	0
223	223	223	48	56865	255	0	255	255	255	996.870	274.848	0	7.989	1.267	8.108	996.871	274.848	0	988	268	0	19	15	0
41	41	41	19	10455	255	0	255	255	255	1095.024	273.976	0	3.262	0.779	3.178	1095.024	273.976	0	1092	270	0	8	8	0
75	75	75	33	19125	255	0	255	255	255	978.800	279.280	0	4.671	1.916	4.907	978.800	279.280	0	976	272	0	7	15	0
950	950	950	155	242250	255	0	255	255	255	940.687	304.774	0	17.756	6.314	17.207	940.688	304.773	0	924	278	0	42	57	0
134	134	134	38	34170	255	0	255	255	255	1332.351	286.388	0	6.150	1.384	6.111	1332.352	286.388	0	1328	278	0	10	17	0
53	53	53	22	13515	255	0	255	255	255	1096.528	283.679	0	3.679	0.411	3.670	1096.528	283.679	0	1093	280	0	8	9	0
34	34	34	17	8670	255	0	255	255	255	1164.618	284.029	0	2.845	0.298	2.813	1164.618	284.029	0	1162	281	0	6	7	0
215	215	215	48	54825	255	0	255	255	255	1114.730	290.809	0	7.913	1.104	7.829	1114.731	290.809	0	1107	283	0	16	17	0
7317	7317	7317	726	1865835	255	0	255	255	255	1186.613	337.908	0	53.206	29.357	46.107	1186.633	337.913	0	1081	285	0	195	126	0
440	440	440	75	112200	255	0	255	255	255	1034.218	305.398	0	12.163	3.850	13.280	1034.219	305.398	0	1020	291	0	29	29	0
455	455	455	77	116025	255	0	255	255	255	988.514	305.134	0	11.505	3.314	12.544	988.516	305.134	0	974	292	0	30	27	0
73	73	73	24	18615	255	0	255	255	255	1299.562	310.767	0	4.425	0.392	4.507	1299.562	310.767	0	1295	306	0	10	10	0
49	49	49	20	12495	255	0	255	255	255	1100.388	311.857	0	3.521	0.394	3.513	1100.388	311.857	0	1097	308	0	8	8	0
170	170	170	41	43350	255	0	255	255	255	1015.188	318.235	0	6.984	1.048	6.925	1015.189	318.235	0	1007	311	0	16	14	0
114	114	114	40	29070	255	0	255	255	255	485.263	319.228	0	5.821	2.289	6.253	485.263	319.228	0	479	312	0	13	16	0
117	117	117	34	29835	255	0	255	255	255	1311.154	318.701	0	5.736	1.039	5.952	1311.155	318.701	0	1305	313	0	14	12	0
282	282	282	53	71910	255	0	255	255	255	1042.177	334.014	0	9.102	0.970	9.177	1042.179	334.014	0	1033	325	0	20	19	0
121	121	121	34	30855	255	0	255	255	255	986.678	333.504	0	5.811	0.814	5.875	986.679	333.504	0	980	329	0	14	11	0
404	404	404	72	103020	255	0	255	255	255	1015.032	342.624	0	11.516	3.519	11.975	1015.034	342.624	0	999	332	0	32	23	0
423	423	423	78	107865	255	0	255	255	255	963.501	352.194	0	11.859	4.084	12.001	963.502	352.194	0	950	337	0	27	31	0
161	161	161	41	41055	255	0	255	255	255	1080.540	353.739	0	6.958	1.442	6.768	1080.541	353.739	0	1074	345	0	13	18	0
123	123	123	36	31365	255	0	255	255	255	1299.488	364.976	0	5.903	1.279	6.185	1299.489	364.976	0	1293	359	0	14	13	0
72	72	72	25	18360	255	0	255	255	255	1055.208	365.306	0	4.341	0.331	4.327	1055.208	365.306	0	1051	361	0	9	10	0
98	98	98	31	24990	255	0	255	255	255	1374.439	366.939	0	5.299	1.244	5.439	1374.440	366.939	0	1368	362	0	14	11	0
1338	1338	1338	176	341190	255	0	255	255	255	1013.922	397.475	0	21.625	9.683	20.133	1013.919	397.475	0	994	363	0	39	71	0
33	33	33	16	8415	255	0	255	255	255	1236.303	366.455	0	2.808	0.329	2.763	1236.303	366.455	0	1233	363	0	7	7	0
58	58	58	24	14790	255	0	255	255	255	1262.276	368.293	0	3.973	1.035	4.127	1262.276	368.293	0	1258	364	0	10	9	0
240	240	240	53	61200	255	0	255	255	255	550.479	375.892	0	8.406	1.697	8.551	550.480	375.892	0	541	367	0	22	18	0
93	93	93	29	23715	255	0	255	255	255	1171.871	376.559	0	4.984	0.311	4.928	1171.872	376.559	0	1167	372	0	11	10	0
254	254	254	58	64770	255	0	255	255	255	1217.287	392.449	0	8.885	2.523	9.058	1217.288	392.449	0	1211	380	0	15	24	0
293	293	293	56	74715	255	0	255	255	255	1069.055	395.727	0	9.257	1.353	8.669	1069.056	395.727	0	1060	385	0	19	22	0
186	186	186	41	47430	255	0	255	255	255	548.349	395.833	0	7.384	1.107	7.739	548.350	395.833	0	541	387	0	16	18	0
11	11	11	8	2805	255	0	255	255	255	1151.636	388.545	0	1.474	0.273	1.543	1151.636	388.545	0	1150	387	0	4	4	0
39	39	39	18	9945	255	0	255	255	255	1047.487	393.436	0	3.087	0.567	2.971	1047.487	393.436	0	1044	391	0	8	6	0
71	71	71	25	18105	255	0	255	255	255	992.789	398.225	0	4.302	0.375	4.282	992.789	398.225	0	988	394	0	10	9	0
508	508	508	96	129540	255	0	255	255	255	1165.028	406.049	0	12.115	3.578	12.091	1165.028	406.049	0	1149	395	0	36	25	0
78	78	78	27	19890	255	0	255	255	255	1234.910	407.410	0	4.524	0.340	4.591	1234.911	407.410	0	1231	403	0	9	10	0
50	50	50	20	12750	255	0	255	255	255	623.600	411.460	0	3.556	0.235	3.585	623.600	411.460	0	620	408	0	8	8	0
26	26	26	14	6630	255	0	255	255	255	565.077	411.577	0	2.450	0.423	2.533	565.077	411.577	0	563	409	0	5	7	0
149	149	149	40	37995	255	0	255	255	255	1050.403	418.859	0	6.450	1.466	6.782	1050.404	418.859	0	1045	411	0	11	17	0
1601	1601	1601	265	408255	255	0	255	255	255	1152.997	456.401	0	25.714	10.758	25.575	1152.998	456.401	0	1125	411	0	51	83	0
312	312	312	59	79560	255	0	255	255	255	1082.939	421.494	0	9.633	1.490	9.716	1082.940	421.493	0	1071	413	0	23	19	0
32	32	32	17	8160	255	0	255	255	255	1195.031	417.500	0	2.944	0.869	3.011	1195.031	417.500	0	1193	413	0	6	9	0
82	82	82	26	20910	255	0	255	255	255	1182.878	418.537	0	4.683	0.365	4.648	1182.878	418.537	0	1178	414	0	11	10	0
236	236	236	57	60180	255	0	255	255	255	1356.127	420.551	0	8.288	2.314	8.494	1356.128	420.551	0	1344	414	0	24	16	0
138	138	138	37	35190	255	0	255	255	255	1113.188	424.159	0	6.355	1.484	6.537	1113.189	424.159	0	1106	418	0	15	14	0
42	42	42	19	10710	255	0	255	255	255	643.929	424.810	0	3.202	0.242	3.176	643.929	424.810	0	641	422	0	7	7	0
46	46	46	19	11730	255	0	255	255	255	1205.717	433.783	0	3.399	0.275	3.375	1205.717	433.783	0	1202	430	0	8	8	0
137	137	137	37	34935	255	0	255	255	255	1121.796	439.292	0	6.168	0.624	6.245	1121.797	439.292	0	1115	433	0	14	13	0
258	258	258	58	65790	255	0	255	255	255	1256.384	446.194	0	8.832	2.193	8.445	1256.385	446.194	0	1248	435	0	18	23	0
70	70	70	24	17850	255	0	255	255	255	1238.857	440.671	0	4.309	0.316	4.291	1238.857	440.671	0	1234	436	0	10	10	0
444	444	444	90	113220	255	0	255	255	255	1045.414	456.550	0	11.601	3.764	12.267	1045.415	456.550	0	1033	443	0	28	32	0
12	12	12	8	3060	255	0	255	255	255	1107.500	446.500	0	1.581	1.274E-7	1.581	1107.500	446.500	0	1106	445	0	4	4	0
187	187	187	47	47685	255	0	255	255	255	1082.342	459.150	0	7.430	2.139	7.650	1082.344	459.150	0	1073	453	0	20	14	0
234	234	234	63	59670	255	0	255	255	255	1295.316	469.470	0	8.730	3.269	8.536	1295.317	469.470	0	1288	456	0	15	28	0
65	65	65	23	16575	255	0	255	255	255	620.831	465.446	0	4.133	0.345	4.095	620.831	465.446	0	617	461	0	9	10	0
135	135	135	38	34425	255	0	255	255	255	1223.237	470.830	0	6.125	0.968	6.378	1223.238	470.830	0	1218	464	0	11	15	0
58	58	58	22	14790	255	0	255	255	255	1187.431	468.793	0	3.876	0.314	3.827	1187.431	468.793	0	1184	465	0	8	9	0
249	249	249	52	63495	255	0	255	255	255	737.992	475.072	0	8.465	1.314	8.818	737.993	475.072	0	729	466	0	19	20	0
111	111	111	32	28305	255	0	255	255	255	1110.207	473.081	0	5.595	1.022	5.603	1110.208	473.081	0	1104	468	0	14	11	0
49	49	49	21	12495	255	0	255	255	255	628.510	472.531	0	3.504	0.483	3.564	628.510	472.531	0	625	469	0	8	8	0
64	64	64	24	16320	255	0	255	255	255	1085.312	473.938	0	4.074	0.313	4.075	1085.312	473.938	0	1081	470	0	9	9	0
154	154	154	51	39270	255	0	255	255	255	1206.351	480.182	0	6.677	2.961	7.597	1206.352	480.182	0	1201	470	0	13	21	0
48	48	48	20	12240	255	0	255	255	255	1310.000	474.500	0	3.471	0.329	3.427	1310.000	474.500	0	1307	471	0	7	8	0
61	61	61	23	15555	255	0	255	255	255	1244.049	476.033	0	3.972	0.321	4.067	1244.049	476.033	0	1240	472	0	9	9	0
199	199	199	46	50745	255	0	255	255	255	1066.362	486.497	0	7.759	1.889	7.914	1066.363	486.497	0	1059	477	0	17	19	0
152	152	152	42	38760	255	0	255	255	255	683.079	488.875	0	6.519	1.336	7.084	683.080	488.875	0	678	481	0	11	16	0
153	153	153	40	39015	255	0	255	255	255	1101.464	485.961	0	6.570	1.188	6.735	1101.465	485.961	0	1093	481	0	18	11	0
387	387	387	79	98685	255	0	255	255	255	794.238	493.168	0	11.400	4.595	11.601	794.239	493.168	0	778	483	0	32	23	0
86	86	86	29	21930	255	0	255	255	255	713.267	488.616	0	4.782	0.873	4.874	713.267	488.616	0	707	485	0	13	8	0
406	406	406	69	103530	255	0	255	255	255	1347.382	496.667	0	11.014	1.667	10.871	1347.383	496.667	0	1334	487	0	25	23	0
316	316	316	59	80580	255	0	255	255	255	758.044	502.310	0	9.619	1.371	9.651	758.045	502.310	0	749	491	0	20	23	0
169	169	169	42	43095	255	0	255	255	255	865.823	501.006	0	6.942	1.381	7.026	865.823	501.006	0	857	495	0	18	13	0
218	218	218	49	55590	255	0	255	255	255	1108.780	503.812	0	8.022	1.895	7.521	1108.781	503.812	0	1098	498	0	22	14	0
28	28	28	15	7140	255	0	255	255	255	851.929	501.143	0	2.543	0.422	2.396	851.929	501.143	0	849	499	0	7	5	0
129	129	129	43	32895	255	0	255	255	255	825.992	505.287	0	6.349	2.116	6.234	825.993	505.287	0	816	500	0	19	11	0
110	110	110	32	28050	255	0	255	255	255	1055.455	507.064	0	5.485	0.894	5.370	1055.455	507.064	0	1049	502	0	14	10	0
210	210	210	49	53550	255	0	255	255	255	924.443	511.390	0	8.158	2.491	8.452	924.444	511.390	0	915	503	0	21	18	0
40	40	40	18	10200	255	0	255	255	255	1130.025	510.325	0	3.119	0.268	3.091	1130.025	510.325	0	1127	507	0	7	7	0
67	67	67	24	17085	255	0	255	255	255	703.866	511.910	0	4.173	0.286	4.197	703.866	511.910	0	699	508	0	10	9	0
432	432	432	83	110160	255	0	255	255	255	1003.289	516.009	0	12.163	4.313	11.965	1003.291	516.009	0	984	509	0	38	15	0
53	53	53	22	13515	255	0	255	255	255	1162.434	512.189	0	3.642	0.289	3.646	1162.434	512.189	0	1159	509	0	8	8	0
152	152	152	44	38760	255	0	255	255	255	771.717	520.533	0	6.938	2.178	7.071	771.718	520.533	0	762	514	0	19	14	0
427	427	427	69	108885	255	0	255	255	255	858.878	526.431	0	11.174	1.357	11.232	858.880	526.431	0	848	514	0	23	26	0
154	154	154	42	39270	255	0	255	255	255	884.643	522.526	0	6.812	1.951	7.373	884.644	522.526	0	878	514	0	14	18	0
30	30	30	15	7650	255	0	255	255	255	1078.967	516.633	0	2.667	0.356	2.608	1078.967	516.633	0	1076	514	0	7	6	0
79	79	79	26	20145	255	0	255	255	255	971.468	519.747	0	4.575	0.308	4.535	971.469	519.747	0	967	515	0	10	10	0
194	194	194	50	49470	255	0	255	255	255	717.443	523.160	0	7.718	1.989	7.755	717.444	523.160	0	709	516	0	20	14	0
48	48	48	20	12240	255	0	255	255	255	953.104	525.125	0	3.475	0.424	3.447	953.104	525.125	0	949	522	0	9	7	0
58	58	58	22	14790	255	0	255	255	255	1032.500	526.862	0	3.850	0.247	3.894	1032.500	526.862	0	1029	523	0	8	9	0
53	53	53	21	13515	255	0	255	255	255	1306.792	526.472	0	3.671	0.317	3.676	1306.792	526.472	0	1303	523	0	9	8	0
20	20	20	13	5100	255	0	255	255	255	1206.900	527.550	0	2.071	0.328	1.978	1206.900	527.550	0	1205	526	0	5	5	0
442	442	442	73	112710	255	0	255	255	255	1234.636	537.620	0	11.664	2.681	11.923	1234.637	537.619	0	1220	527	0	32	21	0
252	252	252	56	64260	255	0	255	255	255	784.198	538.357	0	8.565	2.212	9.235	784.200	538.357	0	776	529	0	18	21	0
39	39	39	19	9945	255	0	255	255	255	741.256	536.385	0	3.055	0.392	3.073	741.256	536.385	0	738	534	0	8	6	0
159	159	159	40	40545	255	0	255	255	255	1266.013	540.340	0	6.648	0.945	7.002	1266.014	540.340	0	1258	534	0	16	13	0
709	709	709	95	180795	255	0	255	255	255	838.996	554.403	0	14.842	2.726	14.433	838.996	554.404	0	823	535	0	30	39	0
119	119	119	34	30345	255	0	255	255	255	912.076	548.714	0	5.712	0.463	5.735	912.076	548.714	0	906	543	0	13	12	0
155	155	155	41	39525	255	0	255	255	255	810.613	550.987	0	6.580	0.799	6.661	810.614	550.987	0	803	545	0	16	13	0
74	74	74	25	18870	255	0	255	255	255	1117.649	557.432	0	4.425	0.274	4.446	1117.649	557.432	0	1113	553	0	10	10	0
345	345	345	62	87975	255	0	255	255	255	1254.606	565.270	0	10.093	1.388	10.047	1254.607	565.269	0	1244	554	0	23	23	0
419	419	419	70	106845	255	0	255	255	255	872.184	574.489	0	11.193	2.144	11.449	872.185	574.489	0	860	561	0	23	28	0
32	32	32	16	8160	255	0	255	255	255	930.344	568.281	0	2.760	0.345	2.746	930.344	568.281	0	928	565	0	6	7	0
42	42	42	19	10710	255	0	255	255	255	1146.310	571.738	0	3.201	0.416	3.233	1146.310	571.738	0	1143	568	0	7	8	0
483	483	483	82	123165	255	0	255	255	255	903.679	579.056	0	12.323	2.796	12.351	903.680	579.056	0	886	569	0	32	21	0
17	17	17	12	4335	255	0	255	255	255	966.706	582.706	0	1.897	0.403	1.838	966.706	582.706	0	965	581	0	4	5	0
46	46	46	19	11730	255	0	255	255	255	1038.630	583.891	0	3.398	0.277	3.371	1038.630	583.891	0	1035	581	0	8	7	0
249	249	249	52	63495	255	0	255	255	255	952.779	592.088	0	8.460	1.019	8.457	952.780	592.089	0	946	583	0	15	20	0
52	52	52	21	13260	255	0	255	255	255	1201.288	590.712	0	3.620	0.257	3.707	1201.288	590.712	0	1198	587	0	8	8	0
620	620	620	91	158100	255	0	255	255	255	64.008	600.405	0	13.667	3.057	14.584	64.008	600.404	0	48	588	0	35	26	0
82	82	82	31	20910	255	0	255	255	255	1126.719	595.012	0	4.816	1.537	4.827	1126.720	595.012	0	1120	591	0	14	9	0
1001	1001	1001	173	255255	255	0	255	255	255	1010.349	614.641	0	18.586	6.438	17.663	1010.348	614.641	0	981	596	0	61	41	0
354	354	354	79	90270	255	0	255	255	255	114.703	607.065	0	10.646	3.552	10.468	114.703	607.065	0	100	598	0	32	21	0
154	154	154	41	39270	255	0	255	255	255	1095.403	607.305	0	6.718	1.376	6.805	1095.404	607.305	0	1088	600	0	16	15	0
336	336	336	77	85680	255	0	255	255	255	945.771	608.086	0	10.558	4.426	11.015	945.772	608.086	0	930	601	0	33	15	0
275	275	275	52	70125	255	0	255	255	255	154.233	611.342	0	8.973	1.237	9.031	154.233	611.342	0	144	604	0	22	17	0
1153	1153	1153	183	294015	255	0	255	255	255	204.657	620.670	0	20.598	8.026	19.681	204.659	620.670	0	170	604	0	64	43	0
97	97	97	30	24735	255	0	255	255	255	1051.350	611.052	0	5.141	0.822	5.246	1051.351	611.052	0	1045	606	0	13	10	0
170	170	170	43	43350	255	0	255	255	255	1252.076	616.653	0	6.971	1.667	7.267	1252.078	616.653	0	1246	608	0	14	18	0
1646	1646	1646	298	419730	255	0	255	255	255	267.993	643.208	0	25.584	9.535	26.864	267.994	643.210	0	237	612	0	54	74	0
298	298	298	68	75990	255	0	255	255	255	1071.564	625.913	0	9.414	3.095	10.227	1071.564	625.912	0	1061	615	0	21	25	0
1072	1072	1072	144	273360	255	0	255	255	255	313.690	635.665	0	18.068	5.047	18.925	313.692	635.663	0	295	617	0	43	42	0
162	162	162	42	41310	255	0	255	255	255	60.864	627.741	0	6.789	1.714	7.175	60.864	627.741	0	55	619	0	13	19	0
65	65	65	25	16575	255	0	255	255	255	79.815	625.400	0	4.089	0.343	4.064	79.815	625.400	0	76	621	0	9	9	0
1604	1604	1604	286	409020	255	0	255	255	255	154.193	651.116	0	24.883	9.862	26.985	154.194	651.119	0	118	622	0	64	65	0
886	886	886	155	225930	255	0	255	255	255	344.597	651.080	0	17.776	8.117	17.361	344.598	651.081	0	329	622	0	29	58	0
179	179	179	42	45645	255	0	255	255	255	371.933	630.179	0	7.138	1.023	7.251	371.933	630.179	0	364	624	0	18	14	0
101	101	101	30	25755	255	0	255	255	255	1154.396	628.970	0	5.266	0.516	5.250	1154.397	628.970	0	1149	624	0	12	11	0
488	488	488	85	124440	255	0	255	255	255	393.957	638.133	0	12.245	3.580	11.845	393.958	638.132	0	376	627	0	34	22	0
189	189	189	46	48195	255	0	255	255	255	974.841	633.005	0	7.401	1.717	7.323	974.842	633.005	0	965	627	0	21	12	0
298	298	298	58	75990	255	0	255	255	255	475.178	641.664	0	9.315	1.196	9.157	475.179	641.664	0	465	631	0	20	21	0
258	258	258	69	65790	255	0	255	255	255	942.597	637.244	0	8.687	3.407	8.918	942.598	637.245	0	928	631	0	28	16	0
1040	1040	1040	136	265200	255	0	255	255	255	512.447	646.905	0	18.057	4.772	17.966	512.448	646.905	0	489	633	0	51	36	0
381	381	381	82	97155	255	0	255	255	255	561.772	644.378	0	10.725	4.003	10.967	561.773	644.378	0	548	634	0	31	23	0
131	131	131	35	33405	255	0	255	255	255	426.954	641.809	0	6.014	0.691	5.970	426.954	641.809	0	422	635	0	11	15	0
454	454	454	82	115770	255	0	255	255	255	124.489	648.608	0	12.771	4.736	12.738	124.489	648.609	0	106	636	0	38	26	0
98	98	98	31	24990	255	0	255	255	255	199.929	642.755	0	5.275	1.378	5.546	199.929	642.755	0	195	636	0	11	14	0
90	90	90	29	22950	255	0	255	255	255	586.633	640.756	0	4.903	0.475	4.871	586.633	640.756	0	581	636	0	12	10	0
187	187	187	43	47685	255	0	255	255	255	739.695	644.187	0	7.379	1.016	7.350	739.696	644.187	0	732	636	0	16	17	0
106	106	106	34	27030	255	0	255	255	255	825.594	640.632	0	5.382	1.079	5.542	825.595	640.632	0	819	636	0	14	10	0
224	224	224	62	57120	255	0	255	255	255	882.906	640.790	0	8.729	3.562	8.759	882.907	640.790	0	870	636	0	28	11	0
514	514	514	110	131070	255	0	255	255	255	621.580	643.689	0	14.197	6.604	13.975	621.581	643.689	0	597	637	0	49	15	0
964	964	964	150	245820	255	0	255	255	255	687.095	664.215	0	17.363	6.304	15.928	687.097	664.214	0	672	637	0	30	53	0
60	60	60	23	15300	255	0	255	255	255	713.133	640.733	0	3.922	0.301	3.902	713.133	640.733	0	709	637	0	9	9	0
144	144	144	38	36720	255	0	255	255	255	790.021	641.542	0	6.323	1.262	6.397	790.022	641.542	0	782	637	0	17	10	0
163	163	163	39	41565	255	0	255	255	255	1020.920	643.393	0	6.779	0.700	6.741	1020.921	643.393	0	1013	637	0	16	13	0
75	75	75	26	19125	255	0	255	255	255	442.347	643.053	0	4.427	0.280	4.454	442.347	643.053	0	438	639	0	10	9	0
105	105	105	30	26775	255	0	255	255	255	666.952	645.362	0	5.391	0.568	5.413	666.952	645.362	0	662	639	0	12	13	0
111	111	111	32	28305	255	0	255	255	255	82.000	648.000	0	5.534	0.804	5.608	82.000	648.000	0	77	642	0	11	13	0
111	111	111	32	28305	255	0	255	255	255	865.964	648.667	0	5.583	0.889	5.728	865.964	648.667	0	860	643	0	13	12	0
25	25	25	14	6375	255	0	255	255	255	921.760	648.040	0	2.397	0.335	2.353	921.760	648.040	0	919	646	0	6	5	0
446	446	446	92	113730	255	0	255	255	255	185.874	661.809	0	12.717	4.445	12.749	185.875	661.809	0	177	648	0	22	37	0
1076	1076	1076	173	274380	255	0	255	255	255	819.100	662.690	0	18.922	6.743	19.797	819.101	662.692	0	791	648	0	57	36	0
413	413	413	90	105315	255	0	255	255	255	70.223	658.274	0	12.599	5.566	12.960	70.223	658.274	0	50	649	0	43	19	0
74	74	74	25	18870	255	0	255	255	255	751.081	654.797	0	4.426	0.306	4.333	751.081	654.797	0	747	650	0	10	10	0
218	218	218	47	55590	255	0	255	255	255	245.376	658.372	0	7.924	1.022	7.745	245.376	658.372	0	237	651	0	19	16	0
294	294	294	74	74970	255	0	255	255	255	655.395	667.776	0	9.669	3.914	9.928	655.396	667.776	0	649	652	0	14	30	0
1201	1201	1201	177	306255	255	0	255	255	255	396.281	676.446	0	18.143	7.080	19.402	396.282	676.446	0	368	653	0	51	46	0
42	42	42	18	10710	255	0	255	255	255	1268.381	655.905	0	3.233	0.283	3.227	1268.381	655.905	0	1265	653	0	8	7	0
174	174	174	50	44370	255	0	255	255	255	1292.362	661.879	0	7.078	2.119	7.285	1292.363	661.879	0	1283	654	0	21	14	0
200	200	200	44	51000	255	0	255	255	255	214.325	664.035	0	7.584	1.019	7.417	214.325	664.035	0	208	655	0	14	19	0
731	731	731	146	186405	255	0	255	255	255	765.125	677.011	0	14.871	5.874	15.336	765.126	677.010	0	748	655	0	35	45	0
142	142	142	38	36210	255	0	255	255	255	890.092	663.620	0	6.292	1.001	6.526	890.092	663.620	0	884	656	0	13	16	0
54	54	54	21	13770	255	0	255	255	255	1126.167	659.704	0	3.713	0.317	3.772	1126.167	659.704	0	1122	656	0	9	9	0
65	65	65	24	16575	255	0	255	255	255	540.923	661.323	0	4.120	0.307	4.111	540.923	661.323	0	537	657	0	9	10	0
215	215	215	47	54825	255	0	255	255	255	975.279	664.898	0	7.831	0.760	8.018	975.280	664.898	0	967	657	0	16	17	0
220	220	220	51	56100	255	0	255	255	255	1231.646	665.627	0	7.955	1.291	7.768	1231.647	665.627	0	1224	657	0	17	18	0
75	75	75	26	19125	255	0	255	255	255	111.560	662.133	0	4.429	0.306	4.501	111.560	662.133	0	107	658	0	10	9	0
75	75	75	26	19125	255	0	255	255	255	1035.907	664.653	0	4.425	0.317	4.436	1035.907	664.653	0	1032	660	0	9	10	0
18	18	18	12	4590	255	0	255	255	255	317.000	663.500	0	1.955	0.323	1.932	317.000	663.500	0	315	662	0	5	4	0
773	773	773	126	197115	255	0	255	255	255	467.991	680.992	0	15.138	4.111	14.674	467.992	680.992	0	454	662	0	35	42	0
405	405	405	71	103275	255	0	255	255	255	594.141	673.319	0	10.877	1.565	11.064	594.142	673.319	0	584	662	0	23	23	0
26	26	26	15	6630	255	0	255	255	255	852.538	665.077	0	2.440	0.564	2.463	852.538	665.077	0	849	663	0	7	5	0
443	443	443	71	112965	255	0	255	255	255	432.122	679.242	0	11.512	2.013	11.451	432.123	679.242	0	422	664	0	21	30	0
91	91	91	28	23205	255	0	255	255	255	715.780	669.110	0	4.940	0.280	4.957	715.780	669.110	0	711	664	0	11	11	0
21	21	21	12	5355	255	0	255	255	255	922.000	666.381	0	2.188	0.367	2.094	922.000	666.381	0	920	664	0	5	6	0
60	60	60	27	15300	255	0	255	255	255	490.967	672.750	0	4.069	1.171	4.094	490.967	672.750	0	488	668	0	7	12	0
76	76	76	25	19380	255	0	255	255	255	933.224	674.697	0	4.490	0.258	4.473	933.224	674.697	0	929	670	0	10	10	0
188	188	188	58	47940	255	0	255	255	255	1145.160	674.670	0	8.157	3.260	8.056	1145.161	674.670	0	1133	670	0	26	11	0
272	272	272	53	69360	255	0	255	255	255	631.971	678.890	0	8.960	1.459	8.429	631.972	678.890	0	621	671	0	23	17	0
177	177	177	45	45135	255	0	255	255	255	548.282	677.661	0	7.132	1.841	7.125	548.283	677.661	0	539	672	0	19	12	0
181	181	181	45	46155	255	0	255	255	255	904.414	683.387	0	7.160	1.574	7.638	904.415	683.387	0	898	675	0	13	19	0
508	508	508	107	129540	255	0	255	255	255	239.533	686.921	0	11.245	4.795	11.177	239.534	686.921	0	222	676	0	36	23	0
182	182	182	49	46410	255	0	255	255	255	209.088	685.154	0	7.194	2.478	7.212	209.088	685.154	0	199	677	0	20	16	0
579	579	579	122	147645	255	0	255	255	255	363.902	701.071	0	13.948	6.182	14.100	363.903	701.071	0	348	679	0	36	42	0
59	59	59	23	15045	255	0	255	255	255	1176.339	683.288	0	3.875	0.306	3.799	1176.339	683.288	0	1173	679	0	8	9	0
496	496	496	94	126480	255	0	255	255	255	311.173	694.016	0	12.309	3.964	13.541	311.174	694.017	0	298	680	0	30	30	0
252	252	252	59	64260	255	0	255	255	255	277.905	694.623	0	8.568	2.663	8.448	277.905	694.623	0	266	685	0	23	19	0
302	302	302	61	77010	255	0	255	255	255	878.851	698.437	0	9.547	2.142	9.501	878.852	698.437	0	867	686	0	22	23	0
83	83	83	27	21165	255	0	255	255	255	506.651	691.349	0	4.690	0.240	4.664	506.651	691.349	0	502	687	0	10	10	0
101	101	101	31	25755	255	0	255	255	255	1060.772	692.980	0	5.238	0.625	5.228	1060.773	692.980	0	1055	688	0	13	11	0
313	313	313	60	79815	255	0	255	255	255	535.358	704.192	0	9.754	1.805	9.864	535.359	704.192	0	523	695	0	26	20	0
54	54	54	22	13770	255	0	255	255	255	1340.185	698.407	0	3.681	0.309	3.694	1340.185	698.407	0	1337	695	0	8	8	0
65	65	65	23	16575	255	0	255	255	255	739.077	701.169	0	4.122	0.238	4.161	739.077	701.169	0	735	697	0	9	9	0
202	202	202	46	51510	255	0	255	255	255	628.144	708.163	0	7.639	1.250	7.215	628.144	708.164	0	621	699	0	15	19	0
920	920	920	140	234600	255	0	255	255	255	504.610	717.095	0	15.883	5.212	16.845	504.611	717.095	0	484	701	0	45	33	0
114	114	114	34	29070	255	0	255	255	255	343.079	708.219	0	5.640	1.071	5.652	343.079	708.219	0	337	703	0	15	11	0
238	238	238	53	60690	255	0	255	255	255	570.916	710.794	0	8.254	1.329	8.386	570.917	710.794	0	563	703	0	19	18	0
117	117	117	33	29835	255	0	255	255	255	391.718	710.547	0	5.687	0.962	5.824	391.718	710.547	0	385	705	0	14	12	0
81	81	81	28	20655	255	0	255	255	255	789.296	710.136	0	4.622	0.390	4.694	789.296	710.136	0	785	706	0	10	10	0
184	184	184	45	46920	255	0	255	255	255	411.636	712.674	0	7.245	1.352	7.695	411.636	712.674	0	403	707	0	18	14	0
35	35	35	18	8925	255	0	255	255	255	1139.343	710.400	0	2.868	0.328	2.794	1139.343	710.400	0	1137	707	0	6	7	0
495	495	495	84	126225	255	0	255	255	255	455.537	717.640	0	12.663	3.969	12.177	455.539	717.641	0	436	709	0	39	19	0
170	170	170	45	43350	255	0	255	255	255	700.335	716.300	0	7.121	2.022	7.369	700.336	716.300	0	692	709	0	18	16	0
389	389	389	64	99195	255	0	255	255	255	915.607	718.054	0	10.696	1.304	10.633	915.608	718.054	0	903	709	0	26	19	0
196	196	196	47	49980	255	0	255	255	255	853.781	718.020	0	7.470	1.043	7.686	853.782	718.020	0	846	711	0	17	17	0
47	47	47	19	11985	255	0	255	255	255	599.617	715.979	0	3.452	0.307	3.389	599.617	715.979	0	596	713	0	8	8	0
270	270	270	52	68850	255	0	255	255	255	648.389	722.459	0	8.828	0.569	8.738	648.390	722.459	0	640	714	0	18	19	0
160	160	160	43	40800	255	0	255	255	255	1119.869	721.575	0	6.735	1.432	6.663	1119.870	721.575	0	1113	714	0	17	15	0
86	86	86	29	21930	255	0	255	255	255	820.547	718.837	0	4.800	0.775	4.818	820.547	718.837	0	815	715	0	12	9	0
298	298	298	62	75990	255	0	255	255	255	1013.557	726.768	0	9.485	2.931	10.038	1013.558	726.769	0	1003	716	0	23	23	0
200	200	200	52	51000	255	0	255	255	255	971.375	725.100	0	7.817	2.197	8.236	971.376	725.101	0	960	718	0	22	13	0
27	27	27	14	6885	255	0	255	255	255	804.815	722.593	0	2.507	0.300	2.570	804.815	722.593	0	802	720	0	6	6	0
71	71	71	25	18105	255	0	255	255	255	1083.676	724.972	0	4.306	0.312	4.311	1083.676	724.972	0	1079	721	0	10	9	0
44	44	44	18	11220	255	0	255	255	255	438.500	725.000	0	3.330	0.223	3.354	438.500	725.000	0	435	722	0	8	7	0
74	74	74	25	18870	255	0	255	255	255	610.703	725.865	0	4.409	0.313	4.383	610.703	725.865	0	606	722	0	10	9	0
90	90	90	28	22950	255	0	255	255	255	777.122	727.056	0	4.909	0.289	4.982	777.122	727.056	0	772	722	0	11	11	0
331	331	331	75	84405	255	0	255	255	255	719.870	733.713	0	9.504	3.031	10.403	719.871	733.713	0	710	723	0	23	25	0
174	174	174	54	44370	255	0	255	255	255	559.598	731.356	0	6.952	2.923	7.557	559.598	731.357	0	551	724	0	19	17	0
384	384	384	61	97920	255	0	255	255	255	627.620	735.875	0	10.637	0.951	10.593	627.621	735.875	0	616	726	0	25	21	0
281	281	281	54	71655	255	0	255	255	255	832.431	735.338	0	9.095	1.147	9.267	832.432	735.339	0	823	726	0	20	21	0
241	241	241	52	61455	255	0	255	255	255	754.988	735.299	0	8.437	1.591	8.327	754.989	735.299	0	744	728	0	22	15	0
145	145	145	39	36975	255	0	255	255	255	601.055	735.876	0	6.404	0.936	6.604	601.056	735.876	0	594	730	0	15	13	0
402	402	402	69	102510	255	0	255	255	255	671.025	739.483	0	11.095	2.142	10.762	671.026	739.482	0	658	730	0	27	20	0
324	324	324	62	82620	255	0	255	255	255	1070.478	740.537	0	9.722	1.455	9.657	1070.480	740.537	0	1061	731	0	20	22	0
777	777	777	126	198135	255	0	255	255	255	807.960	748.100	0	15.510	4.771	15.324	807.961	748.098	0	784	733	0	45	32	0
132	132	132	35	33660	255	0	255	255	255	902.992	740.455	0	6.218	1.358	6.530	902.993	740.454	0	896	734	0	15	14	0
66	66	66	25	16830	255	0	255	255	255	1330.894	739.591	0	4.107	0.385	4.126	1330.894	739.591	0	1327	736	0	9	8	0
28	28	28	16	7140	255	0	255	255	255	921.429	745.750	0	2.526	0.473	2.512	921.429	745.750	0	918	744	0	7	5	0
236	236	236	55	60180	255	0	255	255	255	767.686	752.390	0	8.273	2.575	8.748	767.687	752.390	0	756	746	0	23	15	0
235	235	235	56	59925	255	0	255	255	255	1165.579	757.072	0	8.075	1.734	8.352	1165.580	757.073	0	1157	748	0	18	19	0
136	136	136	38	34680	255	0	255	255	255	970.691	756.824	0	6.174	1.145	6.546	970.692	756.823	0	964	751	0	15	13	0
74	74	74	26	18870	255	0	255	255	255	994.230	755.730	0	4.402	0.349	4.373	994.230	755.730	0	990	751	0	9	10	0
223	223	223	49	56865	255	0	255	255	255	896.731	759.422	0	8.032	1.401	8.390	896.732	759.421	0	887	753	0	20	15	0
225	225	225	53	57375	255	0	255	255	255	864.187	762.000	0	8.204	2.159	7.955	864.188	761.999	0	854	756	0	23	12	0
157	157	157	42	40035	255	0	255	255	255	1130.210	766.051	0	6.638	1.510	6.985	1130.211	766.051	0	1122	761	0	18	11	0
135	135	135	41	34425	255	0	255	255	255	1006.748	768.000	0	6.158	1.884	6.563	1006.749	768.000	0	998	764	0	18	10	0
338	338	338	65	86190	255	0	255	255	255	1069.402	773.036	0	10.056	2.106	10.063	1069.404	773.035	0	1058	764	0	26	20	0
72	72	72	25	18360	255	0	255	255	255	1237.806	775.319	0	4.366	0.434	4.324	1237.806	775.319	0	1233	771	0	10	10	0
433	433	433	71	110415	255	0	255	255	255	1046.698	801.270	0	11.780	3.028	11.766	1046.699	801.270	0	1033	787	0	27	28	0
816	816	816	732	208080	255	0	255	255	255	1444.495	1028.271	0	92.802	50.058	83.059	1444.499	1028.277	0	1317	789	0	159	323	0
114	114	114	33	29070	255	0	255	255	255	1135.395	795.482	0	5.722	1.159	6.015	1135.396	795.482	0	1129	790	0	14	12	0
45	45	45	19	11475	255	0	255	255	255	1171.711	794.133	0	3.347	0.281	3.338	1171.711	794.133	0	1168	791	0	8	7	0
150	150	150	39	38250	255	0	255	255	255	1356.927	799.333	0	6.476	1.069	6.786	1356.928	799.333	0	1350	793	0	16	13	0
144	144	144	40	36720	255	0	255	255	255	1089.500	806.090	0	6.446	1.634	7.018	1089.501	806.090	0	1083	798	0	14	17	0
84	84	84	28	21420	255	0	255	255	255	1121.524	802.524	0	4.706	0.267	4.721	1121.524	802.524	0	1117	798	0	10	10	0
271	271	271	55	69105	255	0	255	255	255	1145.889	816.934	0	8.939	1.626	8.816	1145.891	816.933	0	1135	809	0	23	15	0
145	145	145	38	36975	255	0	255	255	255	1200.938	845.441	0	6.322	0.459	6.273	1200.939	845.441	0	1194	839	0	15	13	0
53	53	53	22	13515	255	0	255	255	255	1065.472	846.226	0	3.645	0.305	3.647	1065.472	846.226	0	1062	843	0	8	8	0
41	41	41	19	10455	255	0	255	255	255	1173.683	846.293	0	3.193	0.474	3.188	1173.683	846.293	0	1171	843	0	7	8	0
106	106	106	32	27030	255	0	255	255	255	984.698	872.859	0	5.411	0.819	5.234	984.699	872.859	0	980	866	0	10	14	0
84	84	84	28	21420	255	0	255	255	255	982.738	889.179	0	4.737	0.494	4.764	982.738	889.179	0	978	884	0	10	11	0
250	250	250	51	63750	255	0	255	255	255	1016.308	907.672	0	8.599	1.413	8.334	1016.309	907.672	0	1005	900	0	23	17	0
59	59	59	22	15045	255	0	255	255	255	1066.475	911.932	0	3.891	0.255	3.964	1066.475	911.932	0	1063	908	0	8	9	0
115	115	115	35	29325	255	0	255	255	255	1042.052	917.530	0	5.727	1.214	5.971	1042.053	917.530	0	1036	912	0	14	12	0
60	60	60	26	15300	255	0	255	255	255	1094.250	931.267	0	4.171	1.428	4.357	1094.250	931.267	0	1090	925	0	9	12	0
134	134	134	36	34170	255	0	255	255	255	984.724	933.649	0	6.086	0.642	6.219	984.725	933.649	0	979	927	0	14	14	0
158	158	158	41	40290	255	0	255	255	255	933.437	941.006	0	6.674	0.986	6.863	933.438	941.007	0	927	934	0	14	15	0
43	43	43	19	10965	255	0	255	255	255	973.209	950.558	0	3.262	0.343	3.257	973.209	950.558	0	970	947	0	7	8	0
69	69	69	25	17595	255	0	255	255	255	909.971	976.101	0	4.232	0.257	4.192	909.971	976.101	0	906	972	0	9	9	0
117	117	117	37	29835	255	0	255	255	255	1001.410	1012.496	0	5.812	1.642	5.775	1001.411	1012.496	0	993	1007	0	17	12	0
128	128	128	35	32640	255	0	255	255	255	861.227	1043.266	0	5.944	0.696	6.028	861.227	1043.266	0	855	1037	0	14	13	0
183	183	183	139	46665	255	0	255	255	255	1049.372	1090.290	0	20.944	14.469	18.707	1049.373	1090.289	0	993	1088	0	91	5	0
523	523	523	388	133365	255	0	255	255	255	1207.419	1098.371	0	57.627	33.490	61.519	1207.420	1098.369	0	1085	1092	0	231	13	0
