Volume (pixel^3)	Surface (pixel^2)	Nb of obj. voxels	Nb of surf. voxels	IntDen	Mean	StdDev	Median	Min	Max	X	Y	Z	Mean dist. to surf. (pixel)	SD dist. to surf. (pixel)	Median dist. to surf. (pixel)	XM	YM	ZM	BX	BY	BZ	B-width	B-height	B-depth
11956	11956	11956	8764	3048780	255	0	255	255	255	760.627	484.310	0	690.685	114.035	686.432	760.624	484.342	0	0	0	0	1405	1061	0
36	36	36	20	9180	255	0	255	255	255	931.500	58.083	0	3.083	0.845	3.137	931.500	58.083	0	928	55	0	9	7	0
76	76	76	27	19380	255	0	255	255	255	1338.237	69.237	0	4.484	0.796	4.669	1338.237	69.237	0	1334	64	0	10	11	0
103	103	103	33	26265	255	0	255	255	255	1319.913	73.214	0	5.273	0.889	5.548	1319.913	73.214	0	1314	68	0	13	11	0
16	16	16	11	4080	255	0	255	255	255	1289.188	76.375	0	1.833	0.544	1.817	1289.188	76.375	0	1288	74	0	4	6	0
1542	1542	1542	217	393210	255	0	255	255	255	1260.613	101.478	0	21.951	7.458	22.473	1260.618	101.478	0	1239	77	0	50	59	0
315	315	315	85	80325	255	0	255	255	255	1335.727	90.238	0	10.721	4.539	10.252	1335.728	90.238	0	1319	80	0	36	21	0
1847	1847	1847	322	470985	255	0	255	255	255	1169.239	124.289	0	40.898	22.328	40.729	1169.245	124.289	0	1099	88	0	144	72	0
151	151	151	44	38505	255	0	255	255	255	1299.921	101.119	0	6.568	1.560	6.264	1299.921	101.119	0	1293	94	0	15	15	0
122	122	122	37	31110	255	0	255	255	255	1287.812	112.893	0	5.891	1.450	6.372	1287.812	112.893	0	1281	107	0	15	12	0
169	169	169	41	43095	255	0	255	255	255	1234.189	133.331	0	6.956	1.072	7.315	1234.190	133.331	0	1228	125	0	14	17	0
1522	1522	1522	212	388110	255	0	255	255	255	1185.663	153.714	0	22.386	7.667	23.567	1185.662	153.714	0	1152	131	0	66	48	0
292	292	292	63	74460	255	0	255	255	255	1082.010	162.099	0	9.756	3.214	10.378	1082.011	162.099	0	1068	153	0	29	19	0
6026	6026	6026	625	1536630	255	0	255	255	255	482.912	239.434	0	43.386	19.384	41.105	482.916	239.431	0	449	156	0	67	155	0
76	76	76	30	19380	255	0	255	255	255	1152.342	176.539	0	4.507	1.246	4.850	1152.342	176.539	0	1149	171	0	8	12	0
525	525	525	103	133875	255	0	255	255	255	1128.453	183.956	0	13.367	4.755	13.324	1128.456	183.956	0	1109	172	0	41	27	0
99	99	99	31	25245	255	0	255	255	255	1049.465	178.354	0	5.180	0.529	5.190	1049.465	178.354	0	1044	173	0	11	12	0
112	112	112	36	28560	255	0	255	255	255	1065.384	179.009	0	5.580	1.469	5.725	1065.385	179.009	0	1058	175	0	16	9	0
2341	2341	2341	391	596955	255	0	255	255	255	977.726	222.193	0	38.014	22.106	36.195	977.730	222.193	0	905	184	0	139	83	0
251	251	251	53	64005	255	0	255	255	255	1109.454	200.143	0	8.544	1.027	8.715	1109.456	200.143	0	1100	191	0	19	18	0
1649	1649	1649	289	420495	255	0	255	255	255	1055.486	225.203	0	23.753	12.252	25.526	1055.488	225.202	0	1014	201	0	90	51	0
42	42	42	19	10710	255	0	255	255	255	1004.333	248.714	0	3.228	0.399	3.266	1004.333	248.714	0	1001	245	0	7	8	0
1281	1281	1281	259	326655	255	0	255	255	255	982.724	272.063	0	18.566	7.467	18.233	982.726	272.063	0	958	247	0	61	49	0
93	93	93	30	23715	255	0	255	255	255	1024.280	255.989	0	4.989	0.404	5.030	1024.280	255.989	0	1020	251	0	10	11	0
492	492	492	98	125460	255	0	255	255	255	939.522	280.815	0	13.341	4.860	12.488	939.524	280.815	0	931	259	0	20	42	0
130	130	130	38	33150	255	0	255	255	255	892.285	264.877	0	5.980	0.923	6.022	892.285	264.877	0	885	260	0	15	11	0
152	152	152	44	38760	255	0	255	255	255	869.829	277.421	0	6.809	1.914	6.841	869.830	277.421	0	861	272	0	18	12	0
1090	1090	1090	181	277950	255	0	255	255	255	901.944	300.693	0	16.373	6.556	17.957	901.946	300.692	0	881	275	0	43	46	0
385	385	385	87	98175	255	0	255	255	255	847.719	297.138	0	9.796	3.019	10.448	847.720	297.138	0	838	287	0	23	24	0
160	160	160	40	40800	255	0	255	255	255	501.513	296.763	0	6.741	1.240	6.939	501.513	296.763	0	494	289	0	15	16	0
195	195	195	50	49725	255	0	255	255	255	944.918	308.287	0	8.053	2.590	7.878	944.919	308.287	0	936	299	0	20	19	0
324	324	324	61	82620	255	0	255	255	255	818.932	315.065	0	9.892	1.886	10.108	818.933	315.065	0	809	302	0	19	25	0
1667	1667	1667	281	425085	255	0	255	255	255	495.773	350.038	0	25.950	12.411	26.073	495.773	350.038	0	477	307	0	38	94	0
76	76	76	26	19380	255	0	255	255	255	850.382	317.171	0	4.464	0.301	4.492	850.382	317.171	0	846	313	0	10	10	0
170	170	170	45	43350	255	0	255	255	255	445.806	325.653	0	7.036	1.898	7.039	445.806	325.653	0	441	316	0	10	20	0
307	307	307	54	78285	255	0	255	255	255	788.306	325.121	0	9.544	1.222	9.857	788.307	325.121	0	778	316	0	22	20	0
193	193	193	46	49215	255	0	255	255	255	912.725	333.404	0	7.615	1.812	8.015	912.727	333.404	0	904	325	0	18	17	0
1673	1673	1673	272	426615	255	0	255	255	255	857.170	362.873	0	29.361	13.451	30.439	857.168	362.873	0	814	326	0	83	75	0
340	340	340	66	86700	255	0	255	255	255	770.100	339.597	0	10.024	1.947	10.336	770.101	339.597	0	758	329	0	24	22	0
245	245	245	70	62475	255	0	255	255	255	807.551	341.804	0	8.153	2.945	8.790	807.552	341.804	0	796	334	0	23	16	0
1332	1332	1332	189	339660	255	0	255	255	255	446.773	361.969	0	22.848	8.737	22.522	446.774	361.969	0	419	339	0	61	56	0
146	146	146	38	37230	255	0	255	255	255	738.637	354.699	0	6.434	1.240	6.355	738.638	354.699	0	731	349	0	17	12	0
94	94	94	30	23970	255	0	255	255	255	836.415	360.862	0	5.068	0.820	5.163	836.415	360.862	0	831	356	0	12	11	0
888	888	888	127	226440	255	0	255	255	255	753.005	372.857	0	16.444	4.839	16.873	753.006	372.857	0	731	358	0	43	31	0
971	971	971	204	247605	255	0	255	255	255	678.981	389.774	0	22.201	12.050	20.472	678.982	389.774	0	653	363	0	69	56	0
669	669	669	115	170595	255	0	255	255	255	791.522	390.646	0	14.662	4.204	13.970	791.523	390.646	0	778	369	0	35	38	0
98	98	98	41	24990	255	0	255	255	255	540.673	376.204	0	5.349	1.534	5.330	540.673	376.204	0	533	370	0	14	13	0
24	24	24	13	6120	255	0	255	255	255	454.667	382.125	0	2.346	0.280	2.337	454.667	382.125	0	452	380	0	6	5	0
276	276	276	62	70380	255	0	255	255	255	712.710	391.743	0	9.102	1.917	9.124	712.711	391.743	0	700	381	0	23	22	0
743	743	743	116	189465	255	0	255	255	255	474.232	413.331	0	15.948	5.790	17.411	474.233	413.331	0	460	389	0	29	47	0
1017	1017	1017	159	259335	255	0	255	255	255	754.067	414.922	0	17.617	5.112	17.905	754.069	414.922	0	737	389	0	35	50	0
1236	1236	1236	181	315180	255	0	255	255	255	349.876	419.616	0	23.304	9.694	24.249	349.878	419.616	0	322	395	0	61	59	0
44	44	44	19	11220	255	0	255	255	255	420.591	403.136	0	3.309	0.304	3.276	420.591	403.136	0	417	400	0	8	7	0
168	168	168	46	42840	255	0	255	255	255	439.595	410.583	0	6.877	1.462	6.576	439.595	410.583	0	432	404	0	17	15	0
73	73	73	26	18615	255	0	255	255	255	491.986	411.438	0	4.351	0.305	4.373	491.986	411.438	0	488	407	0	9	10	0
802	802	802	145	204510	255	0	255	255	255	610.107	425.636	0	15.932	6.457	15.508	610.109	425.636	0	583	407	0	49	36	0
32	32	32	17	8160	255	0	255	255	255	719.062	417.094	0	2.731	0.478	2.853	719.062	417.094	0	717	414	0	5	7	0
77	77	77	28	19635	255	0	255	255	255	698.260	421.805	0	4.482	0.722	4.651	698.260	421.805	0	694	417	0	9	11	0
58	58	58	22	14790	255	0	255	255	255	417.690	424.310	0	3.874	0.440	3.754	417.690	424.310	0	414	420	0	9	9	0
141	141	141	39	35955	255	0	255	255	255	649.489	429.532	0	6.244	1.309	6.527	649.490	429.532	0	641	424	0	16	12	0
326	326	326	74	83130	255	0	255	255	255	438.979	438.798	0	9.928	3.512	11.020	438.979	438.798	0	428	426	0	24	27	0
47	47	47	20	11985	255	0	255	255	255	721.638	430.447	0	3.444	0.450	3.538	721.638	430.447	0	718	427	0	8	8	0
182	182	182	43	46410	255	0	255	255	255	575.923	434.852	0	7.312	1.292	7.229	575.924	434.852	0	568	428	0	16	16	0
283	283	283	53	72165	255	0	255	255	255	396.449	441.728	0	9.151	1.183	8.739	396.449	441.728	0	387	432	0	19	19	0
137	137	137	42	34935	255	0	255	255	255	672.599	445.971	0	6.210	1.908	6.934	672.599	445.971	0	666	438	0	14	17	0
603	603	603	117	153765	255	0	255	255	255	723.854	450.264	0	13.049	5.533	13.699	723.855	450.264	0	706	439	0	40	27	0
231	231	231	54	58905	255	0	255	255	255	650.532	449.866	0	8.242	1.563	7.763	650.533	449.866	0	643	440	0	17	19	0
26	26	26	13	6630	255	0	255	255	255	461.346	447.654	0	2.496	0.222	2.436	461.346	447.654	0	459	445	0	6	6	0
257	257	257	62	65535	255	0	255	255	255	691.420	455.082	0	8.934	2.848	9.429	691.421	455.082	0	678	446	0	26	18	0
301	301	301	63	76755	255	0	255	255	255	596.744	456.505	0	9.739	2.125	9.025	596.745	456.505	0	584	448	0	26	18	0
159	159	159	39	40545	255	0	255	255	255	267.434	455.509	0	6.673	0.267	6.586	267.434	455.510	0	261	449	0	14	14	0
25	25	25	15	6375	255	0	255	255	255	454.160	454.840	0	2.423	0.624	2.318	454.160	454.840	0	452	452	0	6	6	0
475	475	475	103	121125	255	0	255	255	255	363.025	467.499	0	14.413	7.005	14.196	363.026	467.499	0	341	453	0	43	34	0
247	247	247	65	62985	255	0	255	255	255	632.162	460.571	0	8.344	2.544	8.516	632.163	460.571	0	622	453	0	22	20	0
31	31	31	16	7905	255	0	255	255	255	341.742	456.871	0	2.717	0.434	2.748	341.742	456.871	0	339	454	0	7	6	0
37	37	37	20	9435	255	0	255	255	255	201.162	457.892	0	3.017	0.594	3.015	201.162	457.892	0	197	455	0	9	6	0
71	71	71	25	18105	255	0	255	255	255	545.634	462.352	0	4.299	0.455	4.380	545.634	462.352	0	541	458	0	10	9	0
82	82	82	31	20910	255	0	255	255	255	289.024	462.744	0	4.759	1.241	4.871	289.024	462.744	0	283	459	0	13	9	0
59	59	59	29	15045	255	0	255	255	255	412.356	468.627	0	4.190	1.499	3.872	412.356	468.627	0	409	463	0	8	13	0
60	60	60	24	15300	255	0	255	255	255	126.633	467.850	0	3.909	0.552	4.009	126.633	467.850	0	123	464	0	9	9	0
132	132	132	36	33660	255	0	255	255	255	675.121	469.348	0	6.062	0.679	5.974	675.122	469.348	0	669	464	0	13	13	0
591	591	591	81	150705	255	0	255	255	255	253.555	478.956	0	13.307	1.725	13.766	253.556	478.956	0	239	465	0	32	27	0
54	54	54	22	13770	255	0	255	255	255	511.889	469.556	0	3.684	0.298	3.695	511.889	469.556	0	508	466	0	9	8	0
62	62	62	27	15810	255	0	255	255	255	153.113	471.919	0	4.115	1.244	4.453	153.113	471.919	0	148	468	0	11	9	0
201	201	201	45	51255	255	0	255	255	255	453.970	477.035	0	7.678	1.503	8.101	453.971	477.035	0	446	468	0	16	19	0
46	46	46	26	11730	255	0	255	255	255	564.522	470.413	0	3.464	1.476	3.843	564.522	470.413	0	560	468	0	11	7	0
107	107	107	32	27285	255	0	255	255	255	604.365	475.327	0	5.580	1.379	5.755	604.365	475.327	0	598	469	0	14	13	0
196	196	196	70	49980	255	0	255	255	255	216.480	484.066	0	7.429	3.657	8.019	216.480	484.066	0	210	470	0	14	25	0
51	51	51	22	13005	255	0	255	255	255	433.196	472.667	0	3.639	0.819	3.712	433.196	472.667	0	429	470	0	10	7	0
107	107	107	32	27285	255	0	255	255	255	696.355	475.523	0	5.434	0.940	5.416	696.355	475.523	0	690	471	0	14	10	0
225	225	225	50	57375	255	0	255	255	255	418.707	482.449	0	8.090	1.308	7.734	418.707	482.449	0	410	475	0	19	16	0
103	103	103	31	26265	255	0	255	255	255	287.301	482.068	0	5.502	1.257	5.442	287.301	482.068	0	281	477	0	14	11	0
703	703	703	114	179265	255	0	255	255	255	491.434	498.636	0	15.197	4.357	14.812	491.435	498.635	0	478	478	0	30	43	0
62	62	62	25	15810	255	0	255	255	255	125.081	483.484	0	4.003	0.654	3.978	125.081	483.484	0	122	479	0	7	10	0
227	227	227	47	57885	255	0	255	255	255	38.119	488.775	0	8.091	0.772	8.211	38.119	488.775	0	30	480	0	18	18	0
49	49	49	21	12495	255	0	255	255	255	88.306	487.061	0	3.485	0.313	3.437	88.306	487.061	0	85	484	0	8	7	0
128	128	128	35	32640	255	0	255	255	255	470.445	490.367	0	6.046	0.982	6.456	470.445	490.367	0	464	484	0	14	13	0
166	166	166	43	42330	255	0	255	255	255	538.078	492.319	0	6.808	0.831	6.955	538.079	492.319	0	531	486	0	15	15	0
1110	1110	1110	205	283050	255	0	255	255	255	624.540	512.251	0	23.541	10.762	23.034	624.541	512.251	0	587	487	0	75	46	0
164	164	164	56	41820	255	0	255	255	255	166.970	496.604	0	7.447	3.327	7.228	166.970	496.604	0	156	488	0	23	16	0
295	295	295	60	75225	255	0	255	255	255	435.519	497.729	0	9.241	2.271	9.885	435.520	497.729	0	424	488	0	24	21	0
21	21	21	13	5355	255	0	255	255	255	367.190	490.952	0	2.134	0.285	2.114	367.190	490.952	0	365	489	0	5	5	0
79	79	79	26	20145	255	0	255	255	255	620.570	493.734	0	4.576	0.257	4.561	620.570	493.734	0	616	489	0	10	10	0
157	157	157	41	40035	255	0	255	255	255	337.854	498.185	0	6.649	0.994	6.902	337.854	498.185	0	331	491	0	15	15	0
56	56	56	22	14280	255	0	255	255	255	54.321	496.375	0	3.791	0.359	3.714	54.321	496.375	0	50	493	0	9	8	0
124	124	124	38	31620	255	0	255	255	255	358.000	502.347	0	5.834	1.038	6.013	358.000	502.347	0	351	496	0	14	14	0
35	35	35	17	8925	255	0	255	255	255	85.429	501.057	0	2.892	0.315	2.974	85.429	501.057	0	83	498	0	6	7	0
117	117	117	35	29835	255	0	255	255	255	132.786	504.547	0	5.677	1.024	5.568	132.786	504.547	0	128	498	0	10	15	0
144	144	144	40	36720	255	0	255	255	255	24.132	508.500	0	6.412	1.289	6.680	24.132	508.500	0	19	500	0	12	17	0
167	167	167	42	42585	255	0	255	255	255	405.509	508.587	0	6.931	1.373	7.443	405.509	508.587	0	398	501	0	17	16	0
60	60	60	25	15300	255	0	255	255	255	614.617	506.117	0	3.924	0.496	3.924	614.617	506.117	0	611	503	0	9	8	0
94	94	94	30	23970	255	0	255	255	255	470.287	509.926	0	5.156	1.228	5.627	470.287	509.926	0	465	504	0	12	13	0
59	59	59	25	15045	255	0	255	255	255	294.966	508.525	0	4.038	1.089	4.062	294.966	508.525	0	290	505	0	11	8	0
309	309	309	63	78795	255	0	255	255	255	318.010	514.236	0	9.567	1.704	9.160	318.010	514.236	0	306	505	0	24	18	0
192	192	192	46	48960	255	0	255	255	255	383.448	511.323	0	7.548	1.640	7.418	383.448	511.323	0	374	505	0	20	14	0
61	61	61	23	15555	255	0	255	255	255	452.869	511.115	0	4.004	0.482	4.047	452.869	511.115	0	449	507	0	9	9	0
530	530	530	75	135150	255	0	255	255	255	561.511	519.885	0	12.707	1.916	12.543	561.513	519.885	0	547	508	0	29	24	0
35	35	35	16	8925	255	0	255	255	255	123.943	511.657	0	2.946	0.348	2.989	123.943	511.657	0	121	509	0	7	7	0
305	305	305	57	77775	255	0	255	255	255	253.718	524.610	0	9.427	1.496	9.626	253.718	524.610	0	243	516	0	24	18	0
288	288	288	77	73440	255	0	255	255	255	373.958	531.340	0	8.834	3.459	9.823	373.959	531.340	0	364	520	0	21	26	0
183	183	183	45	46665	255	0	255	255	255	441.689	526.738	0	7.161	1.044	7.442	441.689	526.738	0	434	520	0	16	16	0
61	61	61	22	15555	255	0	255	255	255	512.000	525.000	0	3.994	0.386	4.123	512.000	525.000	0	508	521	0	9	9	0
45	45	45	26	11475	255	0	255	255	255	467.378	524.178	0	3.583	1.797	3.702	467.378	524.178	0	462	522	0	13	6	0
82	82	82	27	20910	255	0	255	255	255	165.890	527.976	0	4.658	0.421	4.581	165.890	527.976	0	162	523	0	9	11	0
88	88	88	36	22440	255	0	255	255	255	190.920	530.148	0	5.111	2.136	5.143	190.920	530.148	0	183	527	0	17	8	0
111	111	111	37	28305	255	0	255	255	255	497.477	533.919	0	5.668	1.611	5.508	497.477	533.919	0	494	527	0	9	16	0
62	62	62	23	15810	255	0	255	255	255	137.306	533.661	0	4.011	0.506	4.050	137.306	533.661	0	134	529	0	8	10	0
883	883	883	168	225165	255	0	255	255	255	408.796	548.783	0	17.486	7.484	16.484	408.798	548.782	0	385	532	0	52	40	0
121	121	121	37	30855	255	0	255	255	255	332.802	538.562	0	5.817	1.697	5.938	332.802	538.562	0	325	534	0	17	10	0
161	161	161	50	41055	255	0	255	255	255	96.174	544.205	0	7.216	2.762	7.224	96.174	544.205	0	86	537	0	21	14	0
652	652	652	101	166260	255	0	255	255	255	294.758	553.061	0	14.418	3.833	15.227	294.759	553.062	0	281	537	0	30	39	0
43	43	43	19	10965	255	0	255	255	255	536.442	541.116	0	3.257	0.295	3.231	536.442	541.116	0	533	538	0	8	7	0
189	189	189	45	48195	255	0	255	255	255	519.090	547.656	0	7.395	1.140	7.400	519.091	547.656	0	510	540	0	19	16	0
149	149	149	42	37995	255	0	255	255	255	578.698	546.107	0	6.449	1.458	6.688	578.698	546.107	0	572	541	0	16	13	0
309	309	309	61	78795	255	0	255	255	255	261.252	551.676	0	9.637	2.107	9.034	261.253	551.676	0	249	543	0	25	18	0
61	61	61	23	15555	255	0	255	255	255	352.066	549.541	0	3.964	0.286	3.971	352.066	549.541	0	348	546	0	9	8	0
426	426	426	74	108630	255	0	255	255	255	468.418	555.185	0	11.521	2.825	11.660	468.419	555.185	0	455	546	0	32	21	0
47	47	47	22	11985	255	0	255	255	255	330.723	560.830	0	3.398	0.386	3.347	330.723	560.830	0	328	557	0	7	8	0
96	96	96	31	24480	255	0	255	255	255	122.333	565.896	0	5.121	0.993	5.369	122.333	565.896	0	116	562	0	13	10	0
287	287	287	57	73185	255	0	255	255	255	231.101	570.683	0	9.120	1.094	8.938	231.101	570.683	0	222	562	0	20	17	0
955	955	955	160	243525	255	0	255	255	255	501.666	577.579	0	18.076	7.593	16.973	501.667	577.579	0	468	562	0	58	31	0
129	129	129	37	32895	255	0	255	255	255	138.992	571.543	0	5.987	1.298	6.224	138.992	571.543	0	134	564	0	11	16	0
218	218	218	59	55590	255	0	255	255	255	76.532	575.817	0	8.053	1.831	8.116	76.532	575.817	0	68	567	0	19	20	0
46	46	46	20	11730	255	0	255	255	255	346.609	569.696	0	3.370	0.365	3.433	346.609	569.696	0	343	567	0	8	7	0
59	59	59	23	15045	255	0	255	255	255	99.356	576.763	0	3.904	0.438	3.817	99.356	576.763	0	96	573	0	8	9	0
188	188	188	46	47940	255	0	255	255	255	190.527	581.638	0	7.291	1.200	7.364	190.527	581.638	0	182	573	0	17	17	0
52	52	52	21	13260	255	0	255	255	255	305.346	577.250	0	3.616	0.312	3.647	305.346	577.250	0	302	574	0	8	8	0
60	60	60	23	15300	255	0	255	255	255	60.533	579.117	0	3.918	0.285	3.945	60.533	579.117	0	57	575	0	8	9	0
312	312	312	63	79560	255	0	255	255	255	429.167	585.311	0	9.765	2.616	9.803	429.168	585.310	0	416	577	0	27	17	0
42	42	42	18	10710	255	0	255	255	255	458.500	582.143	0	3.236	0.330	3.227	458.500	582.143	0	455	579	0	8	7	0
167	167	167	50	42585	255	0	255	255	255	113.269	591.437	0	7.425	2.728	7.520	113.269	591.437	0	106	581	0	15	21	0
223	223	223	53	56865	255	0	255	255	255	402.126	590.327	0	8.014	1.761	8.233	402.126	590.327	0	394	582	0	18	20	0
64	64	64	23	16320	255	0	255	255	255	160.625	586.969	0	4.092	0.356	4.049	160.625	586.969	0	156	583	0	10	9	0
322	322	322	71	82110	255	0	255	255	255	365.161	598.317	0	9.819	3.014	10.350	365.162	598.317	0	353	589	0	29	18	0
10	10	10	10	2550	255	0	255	255	255	91.700	591.800	0	1.541	0.663	1.607	91.700	591.800	0	91	590	0	3	5	0
38	38	38	17	9690	255	0	255	255	255	36.711	595.289	0	3.083	0.520	3.205	36.711	595.289	0	33	592	0	8	7	0
122	122	122	39	31110	255	0	255	255	255	73.648	599.295	0	5.923	1.930	6.305	73.648	599.295	0	68	592	0	13	16	0
60	60	60	23	15300	255	0	255	255	255	564.617	596.283	0	4.017	0.616	3.966	564.617	596.283	0	560	592	0	10	9	0
776	776	776	102	197880	255	0	255	255	255	480.566	611.821	0	15.457	4.307	15.576	480.567	611.820	0	461	595	0	37	36	0
295	295	295	61	75225	255	0	255	255	255	624.054	605.905	0	9.537	2.756	9.761	624.055	605.905	0	611	597	0	26	18	0
224	224	224	50	57120	255	0	255	255	255	326.455	608.549	0	8.022	1.317	7.732	326.456	608.549	0	319	600	0	16	19	0
159	159	159	44	40545	255	0	255	255	255	531.547	608.981	0	6.725	1.525	6.894	531.548	608.981	0	526	600	0	14	17	0
150	150	150	43	38250	255	0	255	255	255	555.827	609.553	0	6.554	2.012	7.070	555.827	609.554	0	547	604	0	18	12	0
72	72	72	25	18360	255	0	255	255	255	604.569	610.389	0	4.350	0.315	4.423	604.569	610.389	0	600	606	0	10	10	0
119	119	119	35	30345	255	0	255	255	255	660.966	611.647	0	5.872	1.301	6.002	660.967	611.647	0	655	606	0	14	13	0
124	124	124	37	31620	255	0	255	255	255	250.226	620.468	0	5.968	1.646	6.131	250.226	620.468	0	243	615	0	16	12	0
192	192	192	52	48960	255	0	255	255	255	290.432	626.042	0	7.714	2.419	6.967	290.432	626.042	0	283	615	0	15	22	0
21	21	21	13	5355	255	0	255	255	255	692.619	617.571	0	2.140	0.450	2.159	692.619	617.571	0	690	616	0	6	4	0
191	191	191	50	48705	255	0	255	255	255	153.969	625.225	0	7.435	2.000	7.952	153.969	625.225	0	145	618	0	19	17	0
258	258	258	72	65790	255	0	255	255	255	760.841	628.081	0	9.905	4.516	10.246	760.842	628.082	0	747	618	0	31	20	0
93	93	93	28	23715	255	0	255	255	255	786.215	623.011	0	5.022	0.378	5.061	786.215	623.011	0	781	618	0	12	11	0
53	53	53	22	13515	255	0	255	255	255	799.472	621.226	0	3.645	0.305	3.647	799.472	621.226	0	796	618	0	8	8	0
138	138	138	40	35190	255	0	255	255	255	419.203	627.196	0	6.195	1.697	6.691	419.203	627.196	0	414	619	0	11	17	0
75	75	75	31	19125	255	0	255	255	255	445.453	624.880	0	4.527	1.482	4.795	445.453	624.880	0	442	619	0	8	13	0
130	130	130	47	33150	255	0	255	255	255	56.846	631.708	0	6.577	2.641	6.906	56.846	631.708	0	52	621	0	12	20	0
1116	1116	1116	195	284580	255	0	255	255	255	645.937	644.362	0	20.170	9.612	20.798	645.938	644.363	0	613	621	0	63	46	0
182	182	182	47	46410	255	0	255	255	255	874.324	628.027	0	7.183	1.132	7.396	874.325	628.027	0	866	621	0	16	16	0
398	398	398	93	101490	255	0	255	255	255	906.231	637.538	0	11.951	4.900	11.751	906.232	637.538	0	897	621	0	22	39	0
37	37	37	17	9435	255	0	255	255	255	128.405	625.541	0	3.023	0.402	2.931	128.405	625.541	0	125	623	0	8	6	0
36	36	36	17	9180	255	0	255	255	255	737.861	626.389	0	2.940	0.301	2.926	737.861	626.389	0	735	624	0	7	6	0
39	39	39	18	9945	255	0	255	255	255	675.487	627.923	0	3.087	0.482	3.154	675.487	627.923	0	672	625	0	8	7	0
42	42	42	18	10710	255	0	255	255	255	823.000	628.333	0	3.227	0.232	3.283	823.000	628.333	0	820	625	0	7	8	0
124	124	124	39	31620	255	0	255	255	255	933.202	629.185	0	5.891	1.604	6.130	933.202	629.186	0	926	625	0	16	9	0
245	245	245	61	62475	255	0	255	255	255	303.224	638.535	0	8.617	2.432	8.705	303.225	638.535	0	290	630	0	25	16	0
141	141	141	40	35955	255	0	255	255	255	991.901	637.879	0	6.394	1.265	6.249	991.901	637.880	0	986	630	0	12	18	0
210	210	210	51	53550	255	0	255	255	255	594.300	639.952	0	7.770	1.506	7.782	594.301	639.953	0	586	633	0	18	18	0
187	187	187	42	47685	255	0	255	255	255	509.679	642.428	0	7.313	0.938	7.338	509.680	642.428	0	503	634	0	15	18	0
59	59	59	23	15045	255	0	255	255	255	338.746	639.966	0	3.885	0.350	3.886	338.746	639.966	0	335	636	0	9	9	0
257	257	257	66	65535	255	0	255	255	255	552.918	646.953	0	8.924	3.082	8.692	552.919	646.953	0	541	636	0	22	20	0
113	113	113	43	28815	255	0	255	255	255	471.195	645.142	0	5.682	1.964	5.815	471.195	645.142	0	466	638	0	12	17	0
106	106	106	34	27030	255	0	255	255	255	527.491	647.076	0	5.400	1.209	5.370	527.491	647.076	0	524	640	0	9	15	0
296	296	296	75	75480	255	0	255	255	255	569.804	657.463	0	10.030	4.352	10.549	569.805	657.463	0	561	640	0	16	32	0
175	175	175	45	44625	255	0	255	255	255	440.086	647.566	0	7.024	1.029	6.904	440.086	647.566	0	433	641	0	16	14	0
12	12	12	10	3060	255	0	255	255	255	617.000	645.500	0	1.468	0.323	1.500	617.000	645.500	0	616	644	0	3	4	0
389	389	389	67	99195	255	0	255	255	255	390.162	654.818	0	10.826	2.139	10.351	390.163	654.818	0	376	645	0	29	21	0
46	46	46	19	11730	255	0	255	255	255	703.891	650.370	0	3.398	0.277	3.371	703.891	650.370	0	701	647	0	7	8	0
126	126	126	39	32130	255	0	255	255	255	842.079	654.865	0	5.937	1.659	6.427	842.080	654.865	0	838	647	0	10	16	0
53	53	53	23	13515	255	0	255	255	255	858.585	651.679	0	3.722	0.593	3.649	858.585	651.679	0	855	648	0	8	8	0
20	20	20	12	5100	255	0	255	255	255	534.750	654.950	0	2.119	0.289	2.077	534.750	654.950	0	533	653	0	5	5	0
114	114	114	38	29070	255	0	255	255	255	713.307	661.325	0	5.892	2.036	6.138	713.307	661.324	0	707	653	0	13	16	0
69	69	69	25	17595	255	0	255	255	255	735.319	657.130	0	4.245	0.298	4.219	735.319	657.130	0	731	653	0	10	9	0
112	112	112	35	28560	255	0	255	255	255	31.152	657.777	0	5.579	1.076	5.649	31.152	657.777	0	25	654	0	14	10	0
79	79	79	26	20145	255	0	255	255	255	762.709	659.646	0	4.606	0.433	4.625	762.709	659.646	0	758	655	0	10	11	0
38	38	38	17	9690	255	0	255	255	255	169.079	659.053	0	3.067	0.191	3.079	169.079	659.053	0	166	656	0	7	7	0
204	204	204	48	52020	255	0	255	255	255	790.971	664.294	0	7.620	1.093	7.380	790.971	664.294	0	783	657	0	17	16	0
536	536	536	92	136680	255	0	255	255	255	885.968	672.271	0	13.218	4.305	13.739	885.969	672.270	0	870	658	0	34	29	0
132	132	132	38	33660	255	0	255	255	255	221.689	668.151	0	6.064	0.897	6.276	221.689	668.152	0	217	661	0	12	15	0
10	10	10	10	2550	255	0	255	255	255	409.000	662.300	0	1.408	0.690	1.221	409.000	662.300	0	407	661	0	5	3	0
261	261	261	50	66555	255	0	255	255	255	434.590	669.686	0	8.761	1.216	8.526	434.591	669.686	0	424	662	0	22	17	0
517	517	517	99	131835	255	0	255	255	255	811.188	678.271	0	12.609	3.404	12.929	811.189	678.269	0	792	662	0	34	28	0
281	281	281	65	71655	255	0	255	255	255	546.726	675.925	0	9.221	2.268	9.004	546.727	675.926	0	533	667	0	26	17	0
786	786	786	132	200430	255	0	255	255	255	611.997	680.710	0	16.763	6.263	16.110	611.999	680.709	0	582	667	0	55	26	0
20	20	20	13	5100	255	0	255	255	255	908.400	670.750	0	2.062	0.419	2.030	908.400	670.750	0	907	668	0	4	6	0
208	208	208	49	53040	255	0	255	255	255	859.269	677.519	0	7.973	1.885	8.024	859.270	677.519	0	851	669	0	19	18	0
42	42	42	19	10710	255	0	255	255	255	462.143	672.762	0	3.224	0.587	3.241	462.143	672.762	0	458	670	0	9	7	0
139	139	139	37	35445	255	0	255	255	255	975.144	676.770	0	6.200	0.674	6.134	975.145	676.770	0	968	671	0	15	12	0
66	66	66	24	16830	255	0	255	255	255	263.152	675.667	0	4.139	0.295	4.147	263.152	675.667	0	259	672	0	9	9	0
37	37	37	17	9435	255	0	255	255	255	295.297	674.838	0	2.995	0.307	2.942	295.297	674.838	0	292	672	0	7	7	0
299	299	299	65	76245	255	0	255	255	255	716.204	680.749	0	9.485	2.053	9.289	716.205	680.749	0	707	672	0	22	22	0
89	89	89	29	22695	255	0	255	255	255	999.551	677.506	0	4.907	0.595	4.790	999.551	677.506	0	994	673	0	12	10	0
104	104	104	31	26520	255	0	255	255	255	1046.048	678.683	0	5.325	0.408	5.234	1046.049	678.683	0	1041	673	0	11	12	0
120	120	120	37	30600	255	0	255	255	255	243.850	679.350	0	5.848	1.296	5.617	243.850	679.350	0	237	674	0	15	12	0
511	511	511	91	130305	255	0	255	255	255	659.932	683.292	0	13.184	5.192	13.477	659.933	683.292	0	640	674	0	41	20	0
154	154	154	40	39270	255	0	255	255	255	491.773	679.675	0	6.618	1.240	6.586	491.773	679.675	0	484	675	0	17	11	0
19	19	19	13	4845	255	0	255	255	255	64.895	678.211	0	1.996	0.432	2.053	64.895	678.211	0	63	676	0	5	5	0
22	22	22	13	5610	255	0	255	255	255	114.682	677.818	0	2.204	0.331	2.246	114.682	677.818	0	112	676	0	6	5	0
147	147	147	44	37485	255	0	255	255	255	748.578	682.639	0	6.454	1.865	6.405	748.579	682.640	0	739	676	0	18	13	0
176	176	176	43	44880	255	0	255	255	255	511.881	682.284	0	7.071	1.422	7.159	511.881	682.284	0	503	677	0	19	12	0
146	146	146	50	37230	255	0	255	255	255	781.767	684.856	0	6.709	2.383	6.356	781.768	684.856	0	771	678	0	19	15	0
14	14	14	11	3570	255	0	255	255	255	52.071	680.857	0	1.659	0.477	1.567	52.071	680.857	0	51	679	0	3	5	0
74	74	74	25	18870	255	0	255	255	255	766.662	683.162	0	4.441	0.501	4.482	766.662	683.162	0	762	679	0	11	9	0
280	280	280	59	71400	255	0	255	255	255	220.118	690.261	0	9.145	1.689	9.197	220.118	690.261	0	210	680	0	19	23	0
121	121	121	35	30855	255	0	255	255	255	572.512	684.752	0	5.772	1.067	5.869	572.512	684.752	0	565	680	0	16	10	0
100	100	100	33	25500	255	0	255	255	255	696.850	683.960	0	5.281	1.322	5.262	696.850	683.960	0	690	680	0	15	9	0
122	122	122	34	31110	255	0	255	255	255	407.869	687.582	0	5.786	0.579	5.847	407.869	687.582	0	403	681	0	11	14	0
74	74	74	29	18870	255	0	255	255	255	92.919	684.838	0	4.431	1.351	4.618	92.919	684.838	0	87	682	0	13	7	0
248	248	248	51	63240	255	0	255	255	255	324.367	690.988	0	8.430	0.868	8.633	324.367	690.988	0	317	682	0	17	19	0
389	389	389	89	99195	255	0	255	255	255	174.470	695.512	0	11.733	4.473	12.539	174.470	695.512	0	160	684	0	32	26	0
113	113	113	32	28815	255	0	255	255	255	357.487	693.035	0	5.574	0.560	5.529	357.487	693.036	0	352	687	0	13	13	0
48	48	48	19	12240	255	0	255	255	255	148.125	693.188	0	3.500	0.402	3.399	148.125	693.188	0	145	689	0	7	9	0
93	93	93	31	23715	255	0	255	255	255	305.323	699.097	0	5.085	1.068	5.323	305.323	699.097	0	300	694	0	12	11	0
241	241	241	71	61455	255	0	255	255	255	433.768	705.407	0	8.534	3.222	7.742	433.768	705.407	0	424	694	0	20	25	0
192	192	192	53	48960	255	0	255	255	255	256.677	706.307	0	7.576	2.355	7.516	256.677	706.307	0	249	696	0	18	19	0
94	94	94	31	23970	255	0	255	255	255	376.202	702.160	0	5.183	1.370	5.330	376.202	702.160	0	371	696	0	12	13	0
19	19	19	12	4845	255	0	255	255	255	448.368	698.526	0	2.006	0.391	2.030	448.368	698.526	0	446	697	0	6	4	0
161	161	161	40	41055	255	0	255	255	255	488.826	706.907	0	6.771	0.935	6.711	488.826	706.907	0	481	701	0	17	13	0
117	117	117	36	29835	255	0	255	255	255	410.034	708.795	0	5.710	1.364	6.055	410.034	708.795	0	405	702	0	11	15	0
29	29	29	16	7395	255	0	255	255	255	460.207	704.241	0	2.601	0.480	2.539	460.207	704.241	0	457	702	0	7	5	0
102	102	102	31	26010	255	0	255	255	255	231.912	710.520	0	5.298	0.771	5.299	231.912	710.519	0	226	705	0	12	12	0
25	25	25	14	6375	255	0	255	255	255	72.880	708.880	0	2.400	0.318	2.295	72.880	708.880	0	70	706	0	6	6	0
182	182	182	47	46410	255	0	255	255	255	506.033	717.055	0	7.185	1.641	7.275	506.033	717.055	0	500	708	0	14	18	0
267	267	267	72	68085	255	0	255	255	255	146.311	718.843	0	8.924	2.690	9.382	146.311	718.843	0	136	709	0	26	21	0
31	31	31	16	7905	255	0	255	255	255	35.419	716.452	0	2.684	0.225	2.629	35.419	716.452	0	33	714	0	6	6	0
80	80	80	31	20400	255	0	255	255	255	209.775	719.338	0	4.810	1.230	4.641	209.775	719.338	0	205	715	0	12	12	0
218	218	218	64	55590	255	0	255	255	255	476.798	728.069	0	8.335	3.163	8.559	476.799	728.069	0	467	717	0	21	23	0
309	309	309	64	78795	255	0	255	255	255	374.890	725.097	0	9.610	1.898	9.657	374.891	725.097	0	363	718	0	25	17	0
296	296	296	77	75480	255	0	255	255	255	569.034	731.858	0	9.516	2.948	9.761	569.035	731.859	0	555	721	0	26	24	0
119	119	119	43	30345	255	0	255	255	255	313.345	728.185	0	5.705	1.341	5.774	313.345	728.185	0	307	722	0	14	12	0
237	237	237	57	60435	255	0	255	255	255	420.194	730.941	0	8.549	2.239	8.856	420.195	730.941	0	411	722	0	21	20	0
175	175	175	48	44625	255	0	255	255	255	551.503	728.217	0	7.213	2.349	7.320	551.503	728.217	0	541	722	0	21	14	0
148	148	148	49	37740	255	0	255	255	255	401.223	731.027	0	6.294	2.526	7.031	401.223	731.027	0	394	723	0	16	18	0
55	55	55	23	14025	255	0	255	255	255	60.691	726.636	0	3.776	0.966	3.767	60.691	726.636	0	55	724	0	11	7	0
178	178	178	40	45390	255	0	255	255	255	109.461	735.427	0	7.113	0.561	7.248	109.461	735.427	0	102	728	0	16	16	0
182	182	182	68	46410	255	0	255	255	255	224.863	737.093	0	7.197	2.608	7.739	224.863	737.094	0	217	728	0	17	19	0
313	313	313	105	79815	255	0	255	255	255	351.933	738.617	0	10.245	4.666	10.438	351.934	738.616	0	334	728	0	34	23	0
62	62	62	23	15810	255	0	255	255	255	526.484	732.677	0	4.007	0.396	3.966	526.484	732.677	0	522	729	0	10	8	0
347	347	347	77	88485	255	0	255	255	255	251.357	750.063	0	10.328	2.649	10.609	251.358	750.064	0	239	735	0	22	29	0
646	646	646	118	164730	255	0	255	255	255	621.483	757.396	0	14.929	4.909	14.635	621.484	757.396	0	607	736	0	28	44	0
89	89	89	28	22695	255	0	255	255	255	43.483	743.326	0	5.075	0.956	5.511	43.483	743.326	0	38	738	0	12	12	0
14	14	14	10	3570	255	0	255	255	255	239.857	742.929	0	1.698	0.488	1.750	239.857	742.929	0	238	741	0	4	5	0
60	60	60	24	15300	255	0	255	255	255	471.650	743.850	0	3.908	0.593	3.955	471.650	743.850	0	467	741	0	10	7	0
345	345	345	70	87975	255	0	255	255	255	151.226	753.542	0	10.378	2.344	9.815	151.226	753.542	0	138	742	0	26	23	0
36	36	36	16	9180	255	0	255	255	255	638.028	745.917	0	2.981	0.228	3.052	638.028	745.917	0	635	743	0	7	7	0
625	625	625	92	159375	255	0	255	255	255	290.213	761.302	0	14.146	3.138	13.798	290.214	761.302	0	277	744	0	28	37	0
204	204	204	49	52020	255	0	255	255	255	520.020	754.926	0	7.847	1.657	7.282	520.020	754.927	0	514	744	0	14	22	0
219	219	219	51	55845	255	0	255	255	255	454.420	756.292	0	7.949	1.326	7.919	454.421	756.292	0	445	747	0	18	20	0
17	17	17	11	4335	255	0	255	255	255	238.882	749.588	0	1.895	0.277	1.927	238.882	749.588	0	237	748	0	5	4	0
14	14	14	10	3570	255	0	255	255	255	319.714	750.929	0	1.702	0.422	1.695	319.714	750.929	0	318	749	0	4	5	0
37	37	37	17	9435	255	0	255	255	255	483.514	756.000	0	3.020	0.371	3.044	483.514	756.000	0	480	753	0	8	7	0
38	38	38	18	9690	255	0	255	255	255	434.763	757.237	0	3.026	0.335	3.027	434.763	757.237	0	432	754	0	7	7	0
52	52	52	21	13260	255	0	255	255	255	548.519	757.865	0	3.640	0.331	3.624	548.519	757.865	0	545	754	0	8	9	0
616	616	616	119	157080	255	0	255	255	255	585.688	765.964	0	14.569	5.472	14.474	585.690	765.965	0	565	754	0	44	25	0
35	35	35	17	8925	255	0	255	255	255	693.286	758.257	0	2.917	0.608	2.758	693.286	758.257	0	690	755	0	7	8	0
137	137	137	45	34935	255	0	255	255	255	98.285	765.175	0	6.317	1.564	6.257	98.285	765.175	0	92	758	0	16	15	0
697	697	697	121	177735	255	0	255	255	255	485.874	775.343	0	15.139	6.698	14.319	485.875	775.342	0	465	759	0	45	36	0
358	358	358	67	91290	255	0	255	255	255	208.980	771.631	0	10.254	2.013	10.436	208.981	771.631	0	197	760	0	24	24	0
26	26	26	15	6630	255	0	255	255	255	714.692	761.962	0	2.413	0.328	2.422	714.692	761.962	0	712	760	0	6	5	0
208	208	208	44	53040	255	0	255	255	255	655.341	769.779	0	7.769	0.666	7.797	655.342	769.779	0	647	762	0	18	17	0
69	69	69	25	17595	255	0	255	255	255	677.725	767.058	0	4.341	0.808	4.303	677.725	767.058	0	674	762	0	9	11	0
79	79	79	27	20145	255	0	255	255	255	744.152	769.228	0	4.559	0.520	4.514	744.152	769.228	0	740	764	0	9	11	0
409	409	409	82	104295	255	0	255	255	255	378.144	780.264	0	11.437	3.034	11.150	378.145	780.264	0	366	766	0	26	29	0
48	48	48	20	12240	255	0	255	255	255	421.500	770.000	0	3.471	0.329	3.427	421.500	770.000	0	418	767	0	8	7	0
56	56	56	22	14280	255	0	255	255	255	257.339	771.589	0	3.792	0.300	3.703	257.339	771.589	0	253	768	0	9	8	0
111	111	111	43	28305	255	0	255	255	255	405.874	780.198	0	5.366	1.707	5.596	405.874	780.198	0	401	774	0	11	14	0
434	434	434	102	110670	255	0	255	255	255	771.272	783.200	0	12.610	5.581	12.224	771.273	783.202	0	751	774	0	43	17	0
270	270	270	61	68850	255	0	255	255	255	693.733	784.026	0	9.114	2.387	8.781	693.734	784.026	0	681	776	0	25	16	0
325	325	325	70	82875	255	0	255	255	255	526.175	790.963	0	9.898	2.307	9.884	526.176	790.963	0	516	778	0	22	27	0
60	60	60	24	15300	255	0	255	255	255	319.850	783.017	0	3.909	0.533	4.027	319.850	783.017	0	315	780	0	10	8	0
227	227	227	65	57885	255	0	255	255	255	548.643	794.172	0	8.579	3.037	8.363	548.644	794.172	0	540	781	0	21	25	0
696	696	696	136	177480	255	0	255	255	255	699.598	810.010	0	16.652	6.267	14.999	699.599	810.010	0	679	781	0	36	45	0
50	50	50	20	12750	255	0	255	255	255	802.200	785.300	0	3.565	0.305	3.567	802.200	785.300	0	799	782	0	8	8	0
105	105	105	32	26775	255	0	255	255	255	721.200	790.143	0	5.379	1.040	5.666	721.200	790.143	0	716	784	0	11	13	0
406	406	406	83	103530	255	0	255	255	255	813.936	797.626	0	11.121	3.366	11.247	813.937	797.625	0	801	784	0	29	27	0
122	122	122	32	31110	255	0	255	255	255	841.590	789.992	0	5.819	0.370	5.855	841.591	789.992	0	836	784	0	12	13	0
49	49	49	20	12495	255	0	255	255	255	640.714	789.796	0	3.519	0.300	3.498	640.714	789.796	0	637	786	0	8	8	0
407	407	407	70	103785	255	0	255	255	255	669.201	799.501	0	10.888	1.272	11.134	669.203	799.501	0	657	788	0	25	23	0
47	47	47	19	11985	255	0	255	255	255	853.298	792.915	0	3.457	0.325	3.413	853.298	792.915	0	850	789	0	8	8	0
99	99	99	30	25245	255	0	255	255	255	867.384	796.980	0	5.168	0.296	5.216	867.384	796.980	0	862	792	0	12	11	0
57	57	57	25	14535	255	0	255	255	255	340.439	796.386	0	3.980	1.268	3.657	340.439	796.386	0	335	793	0	12	8	0
106	106	106	36	27030	255	0	255	255	255	434.406	797.623	0	5.531	1.766	5.494	434.406	797.623	0	427	793	0	16	10	0
232	232	232	52	59160	255	0	255	255	255	582.522	800.978	0	8.315	1.568	8.170	582.522	800.978	0	572	794	0	22	14	0
59	59	59	22	15045	255	0	255	255	255	731.186	798.068	0	3.906	0.435	3.948	731.186	798.068	0	727	794	0	9	9	0
153	153	153	37	39015	255	0	255	255	255	128.392	801.941	0	6.597	0.621	6.675	128.392	801.941	0	121	795	0	16	14	0
110	110	110	37	28050	255	0	255	255	255	618.518	799.145	0	5.554	1.865	5.505	618.518	799.146	0	610	795	0	17	9	0
88	88	88	31	22440	255	0	255	255	255	411.193	799.705	0	4.879	1.172	4.990	411.193	799.704	0	405	796	0	13	8	0
64	64	64	23	16320	255	0	255	255	255	775.125	799.734	0	4.077	0.263	4.134	775.125	799.734	0	771	796	0	9	9	0
41	41	41	18	10455	255	0	255	255	255	466.561	800.049	0	3.187	0.318	3.202	466.561	800.049	0	463	797	0	8	7	0
1728	1728	1728	283	440640	255	0	255	255	255	868.998	834.815	0	26.737	13.504	24.208	868.996	834.813	0	832	798	0	70	84	0
203	203	203	54	51765	255	0	255	255	255	150.823	810.236	0	7.605	1.780	7.627	150.823	810.237	0	142	801	0	17	21	0
24	24	24	14	6120	255	0	255	255	255	275.292	804.500	0	2.345	0.371	2.346	275.292	804.500	0	273	802	0	5	6	0
1927	1927	1927	290	491385	255	0	255	255	255	741.268	846.256	0	27.162	10.720	28.986	741.269	846.261	0	704	802	0	68	80	0
248	248	248	60	63240	255	0	255	255	255	257.641	814.004	0	8.723	2.449	9.058	257.641	814.004	0	249	803	0	20	22	0
1142	1142	1142	215	291210	255	0	255	255	255	386.457	817.762	0	23.497	10.918	23.774	386.458	817.763	0	347	803	0	83	31	0
172	172	172	41	43860	255	0	255	255	255	890.605	811.238	0	7.006	1.026	6.974	890.606	811.238	0	884	803	0	14	17	0
543	543	543	132	138465	255	0	255	255	255	209.341	826.716	0	13.440	5.002	14.720	209.341	826.717	0	195	807	0	31	37	0
29	29	29	14	7395	255	0	255	255	255	216.034	809.586	0	2.647	0.325	2.593	216.034	809.586	0	213	807	0	7	6	0
65	65	65	29	16575	255	0	255	255	255	298.554	811.246	0	4.267	1.448	4.481	298.554	811.246	0	292	808	0	13	8	0
11928	11928	11928	1334	3041640	255	0	255	255	255	526.703	870.414	0	79.012	39.635	77.759	526.703	870.329	0	388	809	0	297	135	0
31	31	31	17	7905	255	0	255	255	255	175.581	812.742	0	2.675	0.295	2.685	175.581	812.742	0	173	810	0	6	6	0
3734	3734	3734	493	952170	255	0	255	255	255	950.711	851.733	0	36.748	14.530	36.119	950.713	851.711	0	902	811	0	113	91	0
58	58	58	22	14790	255	0	255	255	255	724.707	817.586	0	3.868	0.413	3.785	724.707	817.586	0	721	814	0	9	8	0
33	33	33	17	8415	255	0	255	255	255	163.424	818.576	0	2.774	0.260	2.812	163.424	818.576	0	161	816	0	6	6	0
62	62	62	24	15810	255	0	255	255	255	815.613	822.000	0	3.983	0.298	3.999	815.613	822.000	0	812	818	0	8	9	0
109	109	109	36	27795	255	0	255	255	255	230.220	826.514	0	5.578	1.290	5.694	230.220	826.514	0	225	819	0	13	15	0
114	114	114	36	29070	255	0	255	255	255	304.193	826.851	0	5.585	0.923	5.751	304.193	826.851	0	300	820	0	11	14	0
12	12	12	9	3060	255	0	255	255	255	590.583	822.750	0	1.521	0.319	1.603	590.583	822.750	0	589	821	0	4	4	0
230	230	230	51	58650	255	0	255	255	255	635.983	830.348	0	8.143	1.381	7.744	635.984	830.348	0	627	821	0	18	19	0
398	398	398	77	101490	255	0	255	255	255	789.462	837.769	0	11.120	3.232	11.753	789.464	837.768	0	780	821	0	22	29	0
80	80	80	29	20400	255	0	255	255	255	798.263	827.250	0	4.588	1.026	4.807	798.263	827.250	0	794	821	0	10	12	0
143	143	143	38	36465	255	0	255	255	255	30.420	829.294	0	6.361	0.770	6.252	30.420	829.294	0	24	822	0	13	15	0
536	536	536	110	136680	255	0	255	255	255	391.112	846.961	0	13.095	4.909	13.020	391.113	846.961	0	378	828	0	28	38	0
70	70	70	39	17850	255	0	255	255	255	586.857	834.886	0	4.205	1.724	4.552	586.857	834.886	0	581	829	0	12	11	0
197	197	197	49	50235	255	0	255	255	255	253.497	836.995	0	7.532	1.796	7.761	253.497	836.995	0	244	830	0	18	16	0
156	156	156	38	39780	255	0	255	255	255	989.250	837.705	0	6.601	0.517	6.684	989.251	837.705	0	983	831	0	14	14	0
147	147	147	42	37485	255	0	255	255	255	1006.789	836.878	0	6.371	1.222	6.411	1006.790	836.877	0	1000	831	0	16	13	0
151	151	151	45	38505	255	0	255	255	255	77.861	840.132	0	6.623	2.006	6.889	77.861	840.133	0	71	832	0	13	18	0
234	234	234	59	59670	255	0	255	255	255	1034.752	844.795	0	8.557	3.322	9.250	1034.753	844.795	0	1023	835	0	24	20	0
160	160	160	49	40800	255	0	255	255	255	103.200	842.050	0	6.555	1.206	6.553	103.200	842.050	0	96	836	0	17	14	0
38	38	38	17	9690	255	0	255	255	255	324.053	839.158	0	3.058	0.288	3.057	324.053	839.158	0	321	836	0	7	7	0
417	417	417	85	106335	255	0	255	255	255	662.928	848.254	0	11.490	3.575	10.247	662.930	848.253	0	649	836	0	28	28	0
375	375	375	84	95625	255	0	255	255	255	701.960	848.568	0	10.403	4.166	11.988	701.961	848.569	0	687	836	0	30	25	0
141	141	141	41	35955	255	0	255	255	255	293.007	843.376	0	6.371	1.546	6.680	293.007	843.376	0	284	837	0	17	12	0
222	222	222	50	56610	255	0	255	255	255	362.532	846.013	0	8.085	1.456	7.926	362.532	846.014	0	353	839	0	21	16	0
282	282	282	67	71910	255	0	255	255	255	1066.713	852.730	0	9.720	3.603	9.506	1066.714	852.730	0	1053	846	0	29	17	0
58	58	58	22	14790	255	0	255	255	255	848.793	852.431	0	3.876	0.314	3.827	848.793	852.431	0	845	849	0	9	8	0
100	100	100	31	25500	255	0	255	255	255	23.500	855.880	0	5.377	1.255	5.812	23.500	855.880	0	18	850	0	12	13	0
136	136	136	56	34680	255	0	255	255	255	625.228	858.235	0	7.614	3.317	7.779	625.228	858.236	0	616	850	0	24	14	0
1965	1965	1965	299	501075	255	0	255	255	255	844.588	885.344	0	29.536	13.943	29.443	844.589	885.344	0	808	850	0	96	59	0
139	139	139	40	35445	255	0	255	255	255	780.201	859.590	0	6.257	1.448	6.303	780.202	859.590	0	775	851	0	11	17	0
34	34	34	17	8670	255	0	255	255	255	138.294	856.824	0	2.837	0.340	2.839	138.294	856.824	0	136	854	0	6	7	0
20	20	20	12	5100	255	0	255	255	255	278.100	856.450	0	2.127	0.377	2.063	278.100	856.450	0	276	854	0	5	6	0
442	442	442	87	112710	255	0	255	255	255	343.238	871.493	0	11.752	4.503	12.772	343.238	871.493	0	327	859	0	32	29	0
414	414	414	78	105570	255	0	255	255	255	1100.800	867.727	0	11.597	2.961	11.520	1100.801	867.727	0	1087	859	0	32	21	0
103	103	103	33	26265	255	0	255	255	255	119.136	871.223	0	5.350	1.033	5.546	119.136	871.223	0	113	865	0	13	12	0
19	19	19	12	4845	255	0	255	255	255	662.211	867.000	0	2.020	0.258	2.050	662.211	867.000	0	660	865	0	5	5	0
706	706	706	104	180030	255	0	255	255	255	1059.096	877.238	0	15.223	4.465	14.644	1059.097	877.240	0	1039	865	0	44	26	0
40	40	40	19	10200	255	0	255	255	255	689.675	868.375	0	3.117	0.429	3.114	689.675	868.375	0	686	866	0	8	6	0
31	31	31	15	7905	255	0	255	255	255	237.903	869.548	0	2.746	0.274	2.686	237.903	869.548	0	235	867	0	7	6	0
153	153	153	60	39015	255	0	255	255	255	223.686	876.895	0	5.810	2.234	6.188	223.686	876.896	0	215	869	0	18	16	0
20	20	20	12	5100	255	0	255	255	255	284.750	870.750	0	2.097	0.262	2.151	284.750	870.750	0	283	869	0	5	5	0
11	11	11	9	2805	255	0	255	255	255	133.364	874.909	0	1.418	0.316	1.367	133.364	874.909	0	132	874	0	4	3	0
121	121	121	33	30855	255	0	255	255	255	769.091	879.826	0	5.778	0.509	5.897	769.091	879.827	0	763	874	0	13	12	0
202	202	202	59	51510	255	0	255	255	255	1127.673	881.990	0	7.795	2.916	7.597	1127.675	881.990	0	1117	874	0	21	19	0
269	269	269	55	68595	255	0	255	255	255	791.881	883.773	0	8.902	1.468	8.797	791.882	883.773	0	781	876	0	24	16	0
14	14	14	10	3570	255	0	255	255	255	154.643	879.357	0	1.698	0.473	1.723	154.643	879.357	0	153	877	0	4	5	0
34	34	34	18	8670	255	0	255	255	255	299.324	880.676	0	2.824	0.354	2.761	299.324	880.676	0	297	878	0	6	7	0
76	76	76	27	19380	255	0	255	255	255	1143.842	882.776	0	4.486	0.654	4.521	1143.843	882.776	0	1140	878	0	9	11	0
410	410	410	69	104550	255	0	255	255	255	1185.105	888.976	0	11.189	1.436	11.152	1185.106	888.976	0	1174	878	0	24	26	0
30	30	30	16	7650	255	0	255	255	255	462.067	880.833	0	2.664	0.492	2.713	462.067	880.833	0	459	879	0	7	5	0
97	97	97	29	24735	255	0	255	255	255	918.278	884.680	0	5.121	0.579	5.288	918.279	884.681	0	913	879	0	11	12	0
850	850	850	171	216750	255	0	255	255	255	938.853	901.109	0	16.215	7.048	15.755	938.854	901.108	0	910	879	0	52	39	0
175	175	175	45	44625	255	0	255	255	255	1161.080	887.520	0	7.060	1.270	7.144	1161.081	887.519	0	1155	879	0	13	17	0
1338	1338	1338	258	341190	255	0	255	255	255	1247.042	901.907	0	23.610	11.196	21.427	1247.045	901.906	0	1204	885	0	90	43	0
81	81	81	33	20655	255	0	255	255	255	116.704	889.963	0	4.676	1.492	4.859	116.704	889.963	0	110	886	0	14	9	0
64	64	64	24	16320	255	0	255	255	255	283.453	891.281	0	4.047	0.338	4.062	283.453	891.281	0	279	887	0	9	9	0
22	22	22	14	5610	255	0	255	255	255	189.955	889.727	0	2.173	0.306	2.128	189.955	889.727	0	188	888	0	5	5	0
3430	3430	3430	579	874650	255	0	255	255	255	1067.719	916.015	0	35.510	18.323	34.443	1067.726	915.998	0	994	888	0	138	52	0
70	70	70	33	17850	255	0	255	255	255	87.271	894.657	0	4.414	1.450	4.478	87.271	894.657	0	80	890	0	14	9	0
53	53	53	23	13515	255	0	255	255	255	32.736	894.962	0	3.830	1.110	4.046	32.736	894.962	0	28	891	0	10	9	0
33	33	33	17	8415	255	0	255	255	255	73.424	894.151	0	2.800	0.390	2.712	73.424	894.151	0	71	891	0	6	7	0
44	44	44	20	11220	255	0	255	255	255	196.932	894.045	0	3.269	0.262	3.199	196.932	894.045	0	194	891	0	7	7	0
790	790	790	160	201450	255	0	255	255	255	489.143	911.371	0	18.881	9.681	18.076	489.144	911.369	0	460	891	0	60	45	0
250	250	250	69	63750	255	0	255	255	255	1146.424	901.552	0	7.681	2.673	8.594	1146.425	901.552	0	1137	891	0	20	21	0
91	91	91	33	23205	255	0	255	255	255	134.692	896.857	0	4.949	0.951	5.301	134.692	896.857	0	129	892	0	12	10	0
141	141	141	51	35955	255	0	255	255	255	365.355	901.213	0	5.926	2.199	6.271	365.355	901.213	0	357	893	0	17	15	0
275	275	275	72	70125	255	0	255	255	255	1204.076	906.040	0	9.506	4.081	9.894	1204.078	906.040	0	1192	895	0	28	21	0
84	84	84	32	21420	255	0	255	255	255	535.393	902.250	0	4.712	0.882	4.701	535.393	902.250	0	530	897	0	12	11	0
63	63	63	24	16065	255	0	255	255	255	274.048	905.619	0	4.031	0.328	4.009	274.048	905.619	0	270	902	0	9	9	0
199	199	199	63	50745	255	0	255	255	255	984.231	913.060	0	8.138	3.409	8.299	984.232	913.060	0	974	904	0	23	19	0
84	84	84	35	21420	255	0	255	255	255	293.060	911.048	0	4.873	1.913	5.158	293.060	911.047	0	287	906	0	14	11	0
73	73	73	27	18615	255	0	255	255	255	1300.164	909.808	0	4.346	0.395	4.274	1300.165	909.808	0	1296	906	0	9	9	0
82	82	82	28	20910	255	0	255	255	255	555.134	911.890	0	4.677	0.900	4.572	555.134	911.890	0	550	907	0	12	10	0
354	354	354	80	90270	255	0	255	255	255	1334.268	916.763	0	10.964	3.578	11.072	1334.269	916.762	0	1322	907	0	31	20	0
136	136	136	46	34680	255	0	255	255	255	337.294	915.537	0	6.068	1.862	6.180	337.294	915.537	0	331	910	0	15	15	0
571	571	571	91	145605	255	0	255	255	255	443.454	925.667	0	13.044	2.854	12.657	443.455	925.668	0	426	911	0	36	26	0
18	18	18	12	4590	255	0	255	255	255	542.222	912.500	0	1.932	0.306	1.891	542.222	912.500	0	540	911	0	5	4	0
158	158	158	54	40290	255	0	255	255	255	1377.747	914.677	0	7.489	2.820	7.409	1377.748	914.677	0	1367	911	0	24	9	0
10	10	10	7	2550	255	0	255	255	255	1355.700	913.300	0	1.438	0.255	1.476	1355.700	913.300	0	1354	912	0	4	4	0
32	32	32	16	8160	255	0	255	255	255	964.375	916.406	0	2.780	0.353	2.726	964.375	916.406	0	962	913	0	6	7	0
153	153	153	42	39015	255	0	255	255	255	582.549	921.229	0	6.532	1.317	6.780	582.549	921.229	0	576	914	0	14	16	0
20	20	20	12	5100	255	0	255	255	255	1170.950	915.750	0	2.119	0.289	2.077	1170.950	915.750	0	1169	914	0	5	5	0
142	142	142	39	36210	255	0	255	255	255	283.930	920.704	0	6.388	1.270	6.130	283.930	920.704	0	276	915	0	17	12	0
268	268	268	99	68340	255	0	255	255	255	36.422	929.063	0	9.399	4.194	9.705	36.422	929.064	0	25	917	0	27	25	0
121	121	121	38	30855	255	0	255	255	255	258.058	921.397	0	5.944	1.703	5.777	258.058	921.397	0	250	917	0	17	10	0
188	188	188	52	47940	255	0	255	255	255	1366.192	926.495	0	7.560	1.795	7.421	1366.192	926.495	0	1358	919	0	19	17	0
29	29	29	20	7395	255	0	255	255	255	83.414	923.724	0	2.679	1.157	2.765	83.414	923.724	0	80	921	0	9	6	0
1013	1013	1013	139	258315	255	0	255	255	255	356.047	937.974	0	17.937	7.246	17.520	356.049	937.973	0	324	921	0	57	36	0
62	62	62	24	15810	255	0	255	255	255	1266.435	924.774	0	3.975	0.325	4.010	1266.436	924.774	0	1263	921	0	8	9	0
56	56	56	23	14280	255	0	255	255	255	1163.982	925.446	0	3.757	0.403	3.857	1163.982	925.446	0	1160	922	0	9	8	0
42	42	42	18	10710	255	0	255	255	255	1012.214	926.333	0	3.234	0.351	3.239	1012.214	926.333	0	1009	923	0	8	7	0
72	72	72	25	18360	255	0	255	255	255	1136.667	927.792	0	4.373	0.506	4.405	1136.667	927.792	0	1132	923	0	10	10	0
333	333	333	83	84915	255	0	255	255	255	1153.012	940.084	0	10.120	3.718	10.278	1153.014	940.084	0	1140	924	0	27	28	0
15	15	15	11	3825	255	0	255	255	255	63.867	926.600	0	1.770	0.422	1.909	63.867	926.600	0	62	925	0	5	4	0
76	76	76	32	19380	255	0	255	255	255	1289.539	930.724	0	4.712	1.889	5.021	1289.540	930.724	0	1284	925	0	12	13	0
736	736	736	142	187680	255	0	255	255	255	544.183	945.738	0	14.130	6.072	14.359	544.185	945.736	0	526	926	0	41	37	0
145	145	145	40	36975	255	0	255	255	255	96.807	932.241	0	6.373	1.288	6.737	96.807	932.242	0	89	927	0	16	13	0
39	39	39	18	9945	255	0	255	255	255	484.718	930.077	0	3.088	0.326	3.088	484.718	930.077	0	481	927	0	8	7	0
164	164	164	50	41820	255	0	255	255	255	1198.256	937.835	0	7.171	2.082	7.005	1198.257	937.836	0	1193	927	0	12	21	0
31	31	31	16	7905	255	0	255	255	255	183.161	930.194	0	2.689	0.356	2.814	183.161	930.194	0	180	928	0	7	6	0
11	11	11	8	2805	255	0	255	255	255	67.000	931.000	0	1.457	0.381	1.414	67.000	931.000	0	66	929	0	3	5	0
614	614	614	109	156570	255	0	255	255	255	1223.352	949.666	0	12.984	4.162	13.732	1223.353	949.666	0	1208	932	0	31	32	0
41	41	41	21	10455	255	0	255	255	255	1181.049	936.732	0	3.224	0.865	3.415	1181.049	936.732	0	1178	933	0	6	9	0
61	61	61	23	15555	255	0	255	255	255	1132.295	940.197	0	3.955	0.346	3.935	1132.295	940.197	0	1128	936	0	9	9	0
130	130	130	39	33150	255	0	255	255	255	70.600	943.177	0	6.231	1.378	6.271	70.600	943.177	0	65	937	0	14	14	0
240	240	240	54	61200	255	0	255	255	255	272.271	947.604	0	8.529	2.035	8.539	272.271	947.604	0	263	937	0	20	21	0
932	932	932	142	237660	255	0	255	255	255	403.382	953.658	0	17.033	5.749	17.526	403.383	953.659	0	383	937	0	49	34	0
46	46	46	20	11730	255	0	255	255	255	569.457	941.739	0	3.388	0.330	3.435	569.457	941.739	0	566	938	0	8	8	0
925	925	925	183	235875	255	0	255	255	255	718.496	954.637	0	16.350	6.876	16.874	718.496	954.637	0	693	938	0	55	39	0
1126	1126	1126	238	287130	255	0	255	255	255	1281.953	958.877	0	23.058	10.699	24.263	1281.951	958.884	0	1243	938	0	81	33	0
134	134	134	39	34170	255	0	255	255	255	1321.485	945.119	0	6.172	1.421	6.336	1321.486	945.119	0	1317	938	0	11	16	0
840	840	840	161	214200	255	0	255	255	255	470.667	953.306	0	18.492	8.806	17.973	470.668	953.306	0	433	940	0	62	27	0
956	956	956	180	243780	255	0	255	255	255	1353.447	960.690	0	17.027	5.748	16.516	1353.448	960.692	0	1327	940	0	56	35	0
58	58	58	28	14790	255	0	255	255	255	514.224	947.552	0	3.893	1.458	4.080	514.224	947.552	0	509	945	0	12	6	0
69	69	69	24	17595	255	0	255	255	255	602.957	948.942	0	4.244	0.261	4.185	602.957	948.942	0	598	945	0	10	9	0
515	515	515	99	131325	255	0	255	255	255	643.365	962.967	0	12.979	3.797	12.446	643.366	962.966	0	632	945	0	29	34	0
27	27	27	14	6885	255	0	255	255	255	96.741	950.333	0	2.586	0.489	2.536	96.741	950.333	0	94	947	0	6	8	0
124	124	124	36	31620	255	0	255	255	255	162.492	959.185	0	5.888	0.887	5.626	162.492	959.186	0	157	952	0	12	15	0
390	390	390	76	99450	255	0	255	255	255	672.308	963.677	0	10.475	2.745	11.215	672.309	963.677	0	660	952	0	28	23	0
147	147	147	52	37485	255	0	255	255	255	188.925	959.156	0	7.259	3.011	7.134	188.925	959.156	0	177	954	0	23	11	0
65	65	65	23	16575	255	0	255	255	255	768.708	958.215	0	4.118	0.329	4.152	768.708	958.215	0	764	954	0	10	9	0
44	44	44	20	11220	255	0	255	255	255	754.955	957.932	0	3.291	0.354	3.199	754.955	957.932	0	751	955	0	9	7	0
174	174	174	51	44370	255	0	255	255	255	111.224	963.914	0	7.081	1.670	7.282	111.224	963.914	0	103	956	0	18	17	0
1820	1820	1820	272	464100	255	0	255	255	255	561.146	983.157	0	28.452	12.366	29.426	561.147	983.157	0	510	956	0	98	48	0
26	26	26	14	6630	255	0	255	255	255	624.000	960.500	0	2.430	0.255	2.500	624.000	960.500	0	622	958	0	5	6	0
157	157	157	45	40035	255	0	255	255	255	363.720	967.268	0	6.644	1.401	6.949	363.720	967.267	0	358	959	0	12	17	0
1544	1544	1544	294	393720	255	0	255	255	255	788.674	997.302	0	22.670	9.954	23.618	788.673	997.299	0	764	959	0	48	75	0
101	101	101	33	25755	255	0	255	255	255	283.881	968.238	0	5.466	1.769	5.764	283.881	968.238	0	278	961	0	13	15	0
116	116	116	42	29580	255	0	255	255	255	62.164	968.914	0	6.150	2.205	6.222	62.164	968.914	0	55	964	0	19	11	0
126	126	126	46	32130	255	0	255	255	255	253.778	973.349	0	6.157	2.680	6.374	253.778	973.349	0	247	965	0	12	19	0
52	52	52	25	13260	255	0	255	255	255	1386.423	968.692	0	3.722	0.917	3.819	1386.423	968.692	0	1383	965	0	8	9	0
307	307	307	67	78285	255	0	255	255	255	761.505	977.147	0	9.444	1.748	9.304	761.506	977.147	0	754	966	0	17	24	0
556	556	556	108	141780	255	0	255	255	255	478.849	976.189	0	14.492	6.179	14.999	478.850	976.189	0	454	968	0	46	19	0
65	65	65	33	16575	255	0	255	255	255	84.600	973.862	0	4.008	1.494	4.402	84.600	973.862	0	79	969	0	11	9	0
56	56	56	21	14280	255	0	255	255	255	227.429	973.196	0	3.807	0.304	3.804	227.429	973.196	0	224	969	0	8	9	0
275	275	275	61	70125	255	0	255	255	255	730.404	979.364	0	9.277	2.887	9.543	730.405	979.363	0	717	970	0	27	19	0
324	324	324	74	82620	255	0	255	255	255	382.235	985.349	0	10.806	4.162	12.086	382.235	985.350	0	368	973	0	30	26	0
83	83	83	37	21165	255	0	255	255	255	144.012	977.108	0	5.295	2.130	5.415	144.012	977.108	0	135	974	0	17	8	0
70	70	70	31	17850	255	0	255	255	255	301.686	981.129	0	4.531	1.595	4.687	301.686	981.129	0	296	977	0	13	9	0
34	34	34	17	8670	255	0	255	255	255	117.412	981.176	0	2.857	0.426	2.843	117.412	981.176	0	114	979	0	7	6	0
36	36	36	17	9180	255	0	255	255	255	605.639	982.944	0	2.982	0.528	3.059	605.639	982.944	0	602	980	0	8	7	0
189	189	189	47	48195	255	0	255	255	255	215.831	987.058	0	7.375	1.514	7.232	215.831	987.058	0	207	981	0	18	14	0
252	252	252	63	64260	255	0	255	255	255	847.528	986.802	0	9.071	3.555	9.103	847.529	986.801	0	833	981	0	29	12	0
389	389	389	119	99195	255	0	255	255	255	196.398	1002.920	0	13.695	5.385	13.335	196.399	1002.922	0	183	982	0	35	36	0
214	214	214	54	54570	255	0	255	255	255	323.818	989.626	0	7.834	1.936	7.648	323.818	989.627	0	314	982	0	22	15	0
67	67	67	23	17085	255	0	255	255	255	349.821	986.254	0	4.203	0.310	4.201	349.821	986.254	0	346	982	0	9	10	0
104	104	104	37	26520	255	0	255	255	255	613.817	990.048	0	5.369	1.992	5.781	613.817	990.048	0	609	982	0	10	17	0
221	221	221	63	56355	255	0	255	255	255	166.810	997.018	0	8.350	2.362	8.277	166.810	997.019	0	154	985	0	21	21	0
155	155	155	41	39525	255	0	255	255	255	630.684	991.329	0	6.560	0.883	6.692	630.684	991.329	0	624	985	0	15	14	0
101	101	101	36	25755	255	0	255	255	255	704.148	993.158	0	5.332	1.877	5.825	704.149	993.158	0	700	985	0	9	17	0
203	203	203	61	51765	255	0	255	255	255	674.335	997.798	0	8.116	2.967	8.406	674.336	997.798	0	668	987	0	15	25	0
154	154	154	51	39270	255	0	255	255	255	57.617	992.682	0	7.242	3.001	7.194	57.617	992.682	0	45	989	0	25	9	0
46	46	46	20	11730	255	0	255	255	255	78.587	992.130	0	3.403	0.823	3.285	78.587	992.130	0	74	989	0	10	7	0
183	183	183	44	46665	255	0	255	255	255	742.109	997.863	0	7.283	1.229	6.964	742.110	997.864	0	735	989	0	15	19	0
410	410	410	75	104550	255	0	255	255	255	879.810	998.566	0	11.140	2.444	11.192	879.811	998.565	0	868	989	0	29	21	0
83	83	83	26	21165	255	0	255	255	255	434.880	996.060	0	4.733	0.456	4.880	434.880	996.060	0	430	991	0	11	11	0
50	50	50	20	12750	255	0	255	255	255	660.400	994.460	0	3.556	0.235	3.585	660.400	994.460	0	657	991	0	8	8	0
38	38	38	17	9690	255	0	255	255	255	810.789	993.895	0	3.053	0.267	3.053	810.789	993.895	0	808	991	0	7	7	0
1140	1140	1140	236	290700	255	0	255	255	255	733.681	1011.194	0	24.710	12.394	24.632	733.682	1011.195	0	681	992	0	88	37	0
46	46	46	21	11730	255	0	255	255	255	142.196	995.391	0	3.446	0.775	3.233	142.196	995.391	0	138	993	0	10	6	0
72	72	72	28	18360	255	0	255	255	255	821.167	998.500	0	4.430	1.137	4.540	821.167	998.500	0	816	993	0	11	12	0
207	207	207	50	52785	255	0	255	255	255	289.140	1005.232	0	7.892	1.779	7.620	289.140	1005.232	0	281	995	0	17	20	0
542	542	542	126	138210	255	0	255	255	255	430.830	1010.081	0	13.868	5.950	13.961	430.831	1010.082	0	413	995	0	41	30	0
35	35	35	17	8925	255	0	255	255	255	341.571	1002.086	0	2.933	0.385	2.946	341.571	1002.086	0	339	999	0	6	7	0
614	614	614	111	156570	255	0	255	255	255	361.572	1017.578	0	13.643	4.557	13.820	361.573	1017.580	0	345	1000	0	39	35	0
47	47	47	20	11985	255	0	255	255	255	649.000	1003.043	0	3.426	0.416	3.386	649.000	1003.043	0	645	1000	0	9	7	0
22	22	22	13	5610	255	0	255	255	255	633.091	1002.909	0	2.201	0.208	2.199	633.091	1002.909	0	631	1001	0	5	5	0
313	313	313	103	79815	255	0	255	255	255	314.367	1024.294	0	11.976	5.611	11.976	314.368	1024.294	0	307	1002	0	15	41	0
937	937	937	180	238935	255	0	255	255	255	929.710	1019.078	0	17.442	7.638	17.502	929.710	1019.079	0	902	1003	0	62	34	0
29	29	29	16	7395	255	0	255	255	255	843.241	1010.517	0	2.574	0.316	2.613	843.241	1010.517	0	841	1008	0	6	6	0
54	54	54	26	13770	255	0	255	255	255	388.704	1012.722	0	3.755	0.907	3.781	388.704	1012.722	0	385	1009	0	8	9	0
86	86	86	33	21930	255	0	255	255	255	249.151	1016.186	0	4.806	1.134	4.996	249.151	1016.186	0	243	1010	0	11	13	0
110	110	110	40	28050	255	0	255	255	255	232.427	1019.636	0	5.732	1.513	5.790	232.427	1019.637	0	225	1014	0	14	14	0
21	21	21	13	5355	255	0	255	255	255	807.381	1015.571	0	2.140	0.450	2.159	807.381	1015.571	0	805	1014	0	6	4	0
420	420	420	84	107100	255	0	255	255	255	841.126	1028.369	0	11.341	2.534	11.174	841.128	1028.369	0	830	1015	0	23	26	0
155	155	155	38	39525	255	0	255	255	255	822.716	1026.587	0	6.590	0.617	6.642	822.717	1026.587	0	817	1020	0	13	15	0
782	782	782	164	199410	255	0	255	255	255	883.605	1035.928	0	16.889	7.700	17.495	883.605	1035.929	0	860	1021	0	55	31	0
316	316	316	61	80580	255	0	255	255	255	984.639	1030.706	0	9.783	1.693	9.535	984.641	1030.704	0	973	1021	0	25	19	0
184	184	184	45	46920	255	0	255	255	255	1012.891	1031.424	0	7.470	1.943	8.047	1012.892	1031.424	0	1005	1023	0	17	18	0
52	52	52	23	13260	255	0	255	255	255	890.000	1029.538	0	3.711	1.072	3.603	890.000	1029.538	0	886	1024	0	8	11	0
76	76	76	33	19380	255	0	255	255	255	270.658	1030.053	0	4.577	1.981	4.753	270.658	1030.052	0	265	1025	0	13	11	0
48	48	48	21	12240	255	0	255	255	255	807.417	1029.271	0	3.550	0.556	3.594	807.417	1029.271	0	804	1026	0	8	8	0
246	246	246	54	62730	255	0	255	255	255	1064.748	1037.228	0	8.573	1.711	8.203	1064.749	1037.227	0	1056	1028	0	18	21	0
21	21	21	14	5355	255	0	255	255	255	227.238	1030.238	0	2.244	0.686	2.202	227.238	1030.238	0	224	1029	0	7	4	0
23	23	23	14	5865	255	0	255	255	255	410.652	1032.348	0	2.268	0.583	2.234	410.652	1032.348	0	409	1029	0	4	7	0
215	215	215	51	54825	255	0	255	255	255	430.353	1035.470	0	8.047	1.928	7.511	430.354	1035.469	0	420	1029	0	22	14	0
114	114	114	45	29070	255	0	255	255	255	399.325	1038.140	0	5.900	2.341	6.355	399.325	1038.140	0	391	1031	0	16	17	0
367	367	367	97	93585	255	0	255	255	255	950.447	1045.540	0	11.932	4.873	11.913	950.448	1045.538	0	931	1032	0	36	23	0
169	169	169	51	43095	255	0	255	255	255	464.467	1040.177	0	6.434	2.190	7.057	464.468	1040.177	0	456	1033	0	17	17	0
53	53	53	22	13515	255	0	255	255	255	378.679	1038.000	0	3.660	0.376	3.736	378.679	1038.000	0	375	1034	0	8	8	0
55	55	55	33	14025	255	0	255	255	255	916.018	1044.636	0	4.443	2.244	4.473	916.018	1044.636	0	912	1036	0	8	16	0
104	104	104	36	26520	255	0	255	255	255	276.500	1044.096	0	5.668	1.391	5.299	276.500	1044.096	0	268	1039	0	17	10	0
22	22	22	13	5610	255	0	255	255	255	325.045	1041.318	0	2.243	0.340	2.156	325.045	1041.318	0	323	1039	0	5	6	0
54	54	54	32	13770	255	0	255	255	255	1399.667	1056.093	0	4.157	1.848	4.402	1399.667	1056.093	0	1394	1050	0	11	11	0
