Volume (pixel^3)	Surface (pixel^2)	Nb of obj. voxels	Nb of surf. voxels	IntDen	Mean	StdDev	Median	Min	Max	X	Y	Z	Mean dist. to surf. (pixel)	SD dist. to surf. (pixel)	Median dist. to surf. (pixel)	XM	YM	ZM	BX	BY	BZ	B-width	B-height	B-depth
413	413	413	398	105315	255	0	255	255	255	89.375	2.567	0	50.148	29.361	49.670	89.375	2.567	0	6	0	0	202	37	0
121	121	121	46	30855	255	0	255	255	255	324.950	9.636	0	6.077	2.607	6.715	324.950	9.636	0	317	6	0	19	10	0
211	211	211	63	53805	255	0	255	255	255	159.014	18.427	0	9.134	3.828	8.716	159.014	18.427	0	146	14	0	31	11	0
126	126	126	39	32130	255	0	255	255	255	412.135	22.095	0	6.103	1.577	6.192	412.135	22.095	0	405	16	0	16	13	0
35	35	35	16	8925	255	0	255	255	255	925.457	21.743	0	2.949	0.473	2.788	925.457	21.743	0	922	19	0	8	6	0
40	40	40	23	10200	255	0	255	255	255	137.575	24.275	0	3.393	1.371	3.501	137.575	24.275	0	132	21	0	11	6	0
10	10	10	9	2550	255	0	255	255	255	704.700	22.200	0	1.343	0.410	1.315	704.700	22.200	0	703	21	0	4	3	0
149	149	149	48	37995	255	0	255	255	255	108.980	28.557	0	6.862	1.800	6.532	108.980	28.557	0	100	24	0	21	12	0
100	100	100	46	25500	255	0	255	255	255	327.500	30.840	0	6.145	2.730	6.190	327.500	30.840	0	319	28	0	20	9	0
160	160	160	43	40800	255	0	255	255	255	451.962	34.856	0	6.730	1.075	6.597	451.963	34.856	0	444	28	0	17	16	0
44	44	44	21	11220	255	0	255	255	255	248.955	31.727	0	3.375	0.887	3.409	248.955	31.727	0	244	29	0	10	6	0
87	87	87	31	22185	255	0	255	255	255	198.264	38.908	0	4.801	0.863	4.750	198.264	38.908	0	194	33	0	10	13	0
294	294	294	63	74970	255	0	255	255	255	893.942	46.622	0	9.584	2.692	9.678	893.943	46.622	0	885	33	0	18	26	0
417	417	417	86	106335	255	0	255	255	255	300.789	53.619	0	12.047	5.346	12.368	300.790	53.619	0	293	35	0	17	39	0
47	47	47	24	11985	255	0	255	255	255	410.447	40.213	0	3.606	1.123	3.674	410.447	40.213	0	408	35	0	7	11	0
455	455	455	94	116025	255	0	255	255	255	151.171	45.646	0	13.528	5.854	13.267	151.172	45.646	0	132	37	0	46	19	0
256	256	256	56	65280	255	0	255	255	255	971.871	46.148	0	8.656	1.583	8.631	971.872	46.148	0	960	38	0	22	18	0
63	63	63	30	16065	255	0	255	255	255	542.365	44.429	0	4.114	1.420	4.394	542.365	44.429	0	538	39	0	9	12	0
391	391	391	98	99705	255	0	255	255	255	105.801	52.726	0	12.890	6.361	13.480	105.801	52.726	0	83	45	0	43	18	0
198	198	198	51	50490	255	0	255	255	255	243.030	57.111	0	7.674	2.347	8.092	243.030	57.111	0	237	47	0	14	23	0
69	69	69	26	17595	255	0	255	255	255	654.551	56.522	0	4.268	0.566	4.293	654.551	56.522	0	650	52	0	10	10	0
2982	2982	2982	345	760410	255	0	255	255	255	712.889	87.231	0	38.898	17.958	37.886	712.891	87.231	0	648	55	0	137	59	0
108	108	108	35	27540	255	0	255	255	255	280.565	61.833	0	5.704	1.308	5.567	280.565	61.833	0	275	56	0	15	11	0
323	323	323	68	82365	255	0	255	255	255	545.638	70.604	0	10.460	3.324	10.485	545.639	70.604	0	534	56	0	25	26	0
312	312	312	57	79560	255	0	255	255	255	391.231	66.244	0	9.585	1.640	9.667	391.232	66.244	0	379	58	0	25	18	0
420	420	420	71	107100	255	0	255	255	255	479.605	69.662	0	11.423	2.122	11.906	479.606	69.662	0	466	58	0	27	25	0
39	39	39	17	9945	255	0	255	255	255	667.590	61.282	0	3.138	0.344	3.108	667.590	61.282	0	664	58	0	8	7	0
116	116	116	55	29580	255	0	255	255	255	153.552	66.319	0	5.253	1.653	5.338	153.552	66.319	0	148	59	0	12	15	0
364	364	364	91	92820	255	0	255	255	255	182.025	67.066	0	12.134	5.303	12.061	182.025	67.066	0	160	59	0	41	16	0
80	80	80	27	20400	255	0	255	255	255	258.750	66.825	0	4.653	0.601	4.753	258.750	66.825	0	254	62	0	11	10	0
61	61	61	31	15555	255	0	255	255	255	418.000	66.279	0	4.139	1.620	4.199	418.000	66.279	0	414	62	0	10	11	0
87	87	87	31	22185	255	0	255	255	255	348.264	66.540	0	4.896	1.304	4.923	348.264	66.540	0	342	63	0	14	8	0
348	348	348	60	88740	255	0	255	255	255	444.695	71.239	0	10.091	1.051	9.911	444.696	71.239	0	433	63	0	24	19	0
636	636	636	108	162180	255	0	255	255	255	35.404	85.461	0	14.657	5.523	14.810	35.404	85.461	0	20	64	0	33	39	0
164	164	164	44	41820	255	0	255	255	255	47.220	69.994	0	6.914	1.498	6.997	47.220	69.994	0	40	64	0	17	16	0
201	201	201	45	51255	255	0	255	255	255	504.303	72.075	0	7.542	0.592	7.553	504.304	72.075	0	497	64	0	16	17	0
298	298	298	71	75990	255	0	255	255	255	131.245	73.275	0	9.623	3.284	9.808	131.245	73.275	0	118	66	0	28	17	0
1206	1206	1206	210	307530	255	0	255	255	255	595.636	79.609	0	23.979	10.213	25.629	595.637	79.609	0	563	66	0	73	31	0
119	119	119	37	30345	255	0	255	255	255	824.924	76.277	0	5.716	0.679	5.555	824.925	76.277	0	820	70	0	11	14	0
952	952	952	206	242760	255	0	255	255	255	166.702	89.461	0	23.150	11.942	21.309	166.703	89.461	0	124	71	0	89	34	0
166	166	166	45	42330	255	0	255	255	255	82.928	79.645	0	6.929	1.445	6.878	82.928	79.645	0	73	72	0	19	14	0
48	48	48	35	12240	255	0	255	255	255	99.917	77.875	0	4.799	2.269	4.859	99.917	77.875	0	93	72	0	16	10	0
70	70	70	26	17850	255	0	255	255	255	522.729	79.143	0	4.321	1.085	4.634	522.729	79.143	0	518	74	0	10	11	0
171	171	171	43	43605	255	0	255	255	255	285.538	81.690	0	6.984	1.401	7.155	285.538	81.690	0	277	75	0	19	13	0
63	63	63	25	16065	255	0	255	255	255	392.302	80.143	0	4.073	0.889	4.139	392.302	80.143	0	387	77	0	11	7	0
32	32	32	16	8160	255	0	255	255	255	246.031	81.594	0	2.773	0.355	2.693	246.031	81.594	0	243	79	0	7	6	0
174	174	174	68	44370	255	0	255	255	255	930.649	84.799	0	8.774	3.853	8.635	930.650	84.799	0	917	79	0	29	15	0
14	14	14	10	3570	255	0	255	255	255	794.500	81.500	0	1.689	0.228	1.581	794.500	81.500	0	793	80	0	4	4	0
192	192	192	53	48960	255	0	255	255	255	944.182	93.208	0	7.731	2.687	7.537	944.183	93.208	0	933	88	0	24	11	0
37	37	37	19	9435	255	0	255	255	255	101.784	94.486	0	3.041	0.558	2.831	101.784	94.486	0	99	91	0	6	8	0
279	279	279	92	71145	255	0	255	255	255	875.165	97.530	0	12.395	6.512	11.947	875.166	97.530	0	858	91	0	44	14	0
172	172	172	43	43860	255	0	255	255	255	90.645	102.285	0	7.133	1.485	7.360	90.645	102.285	0	80	94	0	19	15	0
313	313	313	74	79815	255	0	255	255	255	835.537	103.367	0	10.471	3.345	10.035	835.538	103.367	0	823	96	0	31	17	0
41	41	41	19	10455	255	0	255	255	255	112.244	102.780	0	3.169	0.728	3.281	112.244	102.780	0	108	100	0	9	6	0
39	39	39	20	9945	255	0	255	255	255	66.051	104.462	0	3.176	0.836	3.149	66.051	104.462	0	62	102	0	9	6	0
1478	1478	1478	254	376890	255	0	255	255	255	945.248	137.714	0	23.801	12.222	22.037	945.252	137.715	0	919	103	0	58	80	0
219	219	219	73	55845	255	0	255	255	255	999.475	109.425	0	9.495	4.656	9.244	999.476	109.425	0	981	103	0	33	13	0
15	15	15	10	3825	255	0	255	255	255	41.267	111.933	0	1.802	0.366	1.843	41.267	111.933	0	40	110	0	4	5	0
1104	1104	1104	960	281520	255	0	255	255	255	8.756	368.896	0	119.974	69.643	119.501	8.756	368.896	0	7	118	0	5	479	0
77	77	77	27	19635	255	0	255	255	255	912.130	129.299	0	4.559	0.934	4.501	912.130	129.299	0	906	126	0	13	8	0
1146	1146	1146	1087	292230	255	0	255	255	255	1417.147	462.757	0	179.159	99.476	188.244	1417.162	462.757	0	1414	126	0	7	670	0
265	265	265	54	67575	255	0	255	255	255	890.668	139.702	0	8.737	1.150	8.812	890.669	139.702	0	882	130	0	18	20	0
66	66	66	30	16830	255	0	255	255	255	1026.258	143.121	0	4.518	1.943	4.350	1026.258	143.121	0	1023	136	0	9	15	0
3972	3972	3972	432	1012860	255	0	255	255	255	804.055	182.786	0	43.171	21.635	40.979	804.047	182.787	0	731	144	0	149	85	0
18	18	18	11	4590	255	0	255	255	255	919.278	157.889	0	1.983	0.246	2.022	919.278	157.889	0	917	156	0	5	5	0
133	133	133	40	33915	255	0	255	255	255	1077.150	167.962	0	6.543	2.129	6.508	1077.151	167.962	0	1068	162	0	19	13	0
167	167	167	53	42585	255	0	255	255	255	896.826	175.437	0	6.812	2.123	7.146	896.827	175.437	0	887	166	0	18	18	0
11	11	11	9	2805	255	0	255	255	255	983.636	174.909	0	1.418	0.316	1.367	983.636	174.909	0	982	174	0	4	3	0
11	11	11	9	2805	255	0	255	255	255	1040.636	189.909	0	1.418	0.316	1.367	1040.636	189.909	0	1039	189	0	4	3	0
346	346	346	92	88230	255	0	255	255	255	956.572	202.864	0	10.509	2.978	10.205	956.573	202.864	0	941	191	0	30	23	0
173	173	173	61	44115	255	0	255	255	255	1016.572	200.960	0	7.474	2.553	7.971	1016.573	200.960	0	1007	192	0	22	18	0
89	89	89	33	22695	255	0	255	255	255	989.022	199.079	0	4.995	1.283	5.076	989.023	199.079	0	984	194	0	14	10	0
27	27	27	15	6885	255	0	255	255	255	1034.370	200.037	0	2.503	0.382	2.551	1034.370	200.037	0	1031	198	0	7	5	0
10	10	10	8	2550	255	0	255	255	255	854.800	205.000	0	1.341	0.278	1.281	854.800	205.000	0	853	204	0	4	3	0
18	18	18	12	4590	255	0	255	255	255	1086.444	206.944	0	2.078	0.614	2.008	1086.444	206.944	0	1085	205	0	5	6	0
368	368	368	68	93840	255	0	255	255	255	727.476	220.353	0	10.782	2.688	10.443	727.477	220.353	0	717	207	0	24	26	0
105	105	105	47	26775	255	0	255	255	255	781.552	220.000	0	6.250	2.888	6.133	781.552	220.000	0	776	210	0	12	20	0
3745	3745	3745	486	954975	255	0	255	255	255	650.450	260.132	0	45.545	24.806	39.628	650.451	260.132	0	555	213	0	165	90	0
15	15	15	10	3825	255	0	255	255	255	940.267	215.000	0	1.775	0.348	1.867	940.267	215.000	0	938	213	0	5	5	0
78	78	78	35	19890	255	0	255	255	255	809.846	219.897	0	4.874	1.463	4.847	809.846	219.897	0	805	214	0	14	11	0
111	111	111	49	28305	255	0	255	255	255	988.640	220.856	0	6.318	2.712	6.927	988.640	220.856	0	980	215	0	19	12	0
16	16	16	10	4080	255	0	255	255	255	895.000	223.500	0	1.846	0.219	1.803	895.000	223.500	0	893	222	0	5	4	0
16	16	16	12	4080	255	0	255	255	255	1061.688	226.500	0	1.908	0.738	1.822	1061.688	226.500	0	1060	224	0	4	6	0
106	106	106	44	27030	255	0	255	255	255	848.123	231.236	0	5.779	2.345	5.402	848.123	231.236	0	840	226	0	17	13	0
138	138	138	47	35190	255	0	255	255	255	1050.225	240.580	0	6.335	2.077	6.844	1050.225	240.580	0	1041	232	0	17	17	0
122	122	122	39	31110	255	0	255	255	255	950.328	246.541	0	5.902	1.534	5.903	950.329	246.541	0	944	239	0	12	17	0
389	389	389	100	99195	255	0	255	255	255	990.689	255.617	0	11.213	3.689	11.291	990.690	255.617	0	975	242	0	29	28	0
619	619	619	116	157845	255	0	255	255	255	791.952	261.774	0	14.638	4.412	15.244	791.953	261.774	0	778	243	0	30	42	0
633	633	633	101	161415	255	0	255	255	255	858.381	260.720	0	14.218	3.358	14.131	858.382	260.720	0	840	245	0	37	32	0
69	69	69	29	17595	255	0	255	255	255	717.348	250.145	0	4.483	1.454	4.496	717.348	250.145	0	711	247	0	13	8	0
118	118	118	43	30090	255	0	255	255	255	748.051	253.195	0	6.050	1.649	6.054	748.051	253.195	0	741	247	0	15	16	0
22	22	22	15	5610	255	0	255	255	255	921.727	250.545	0	2.212	0.717	2.258	921.727	250.545	0	920	247	0	4	7	0
15	15	15	10	3825	255	0	255	255	255	1068.333	248.467	0	1.790	0.319	1.701	1068.333	248.467	0	1066	247	0	5	4	0
10	10	10	8	2550	255	0	255	255	255	764.800	250.000	0	1.341	0.278	1.281	764.800	250.000	0	763	249	0	4	3	0
81	81	81	35	20655	255	0	255	255	255	1042.617	258.975	0	5.314	2.097	5.062	1042.617	258.975	0	1038	251	0	10	16	0
265	265	265	65	67575	255	0	255	255	255	1138.777	262.491	0	8.666	2.306	9.384	1138.779	262.491	0	1130	253	0	21	22	0
37	37	37	20	9435	255	0	255	255	255	1091.351	258.081	0	3.061	0.800	3.000	1091.351	258.081	0	1087	256	0	9	5	0
563	563	563	93	143565	255	0	255	255	255	897.854	273.932	0	13.638	4.606	14.354	897.856	273.932	0	881	260	0	38	30	0
613	613	613	137	156315	255	0	255	255	255	1163.411	291.605	0	16.035	7.090	17.237	1163.414	291.605	0	1149	268	0	30	51	0
296	296	296	75	75480	255	0	255	255	255	957.824	277.294	0	10.077	4.165	10.362	957.825	277.294	0	943	270	0	31	17	0
130	130	130	36	33150	255	0	255	255	255	712.638	278.938	0	6.083	0.912	5.961	712.639	278.938	0	707	272	0	14	13	0
23	23	23	16	5865	255	0	255	255	255	690.913	283.130	0	2.405	0.965	2.560	690.913	283.130	0	688	281	0	8	5	0
13	13	13	9	3315	255	0	255	255	255	814.615	282.923	0	1.628	0.364	1.664	814.615	282.923	0	813	281	0	4	5	0
37	37	37	25	9435	255	0	255	255	255	1030.108	286.189	0	3.306	1.615	3.312	1030.108	286.189	0	1026	282	0	9	10	0
416	416	416	82	106080	255	0	255	255	255	855.618	294.094	0	11.842	4.234	12.512	855.619	294.094	0	840	285	0	35	21	0
10	10	10	8	2550	255	0	255	255	255	994.500	287.200	0	1.364	0.301	1.407	994.500	287.200	0	993	286	0	4	3	0
970	970	970	179	247350	255	0	255	255	255	888.590	314.464	0	25.170	13.176	25.087	888.591	314.464	0	853	287	0	76	59	0
81	81	81	31	20655	255	0	255	255	255	1114.333	291.642	0	4.714	1.584	4.666	1114.334	291.642	0	1107	287	0	15	10	0
15	15	15	11	3825	255	0	255	255	255	1019.200	290.067	0	1.742	0.482	1.801	1019.200	290.067	0	1017	289	0	5	4	0
18	18	18	13	4590	255	0	255	255	255	971.167	291.944	0	1.973	0.747	2.062	971.167	291.944	0	968	291	0	7	3	0
161	161	161	41	41055	255	0	255	255	255	825.975	299.658	0	6.775	0.899	6.603	825.976	299.658	0	819	292	0	15	17	0
378	378	378	94	96390	255	0	255	255	255	674.286	307.892	0	11.202	4.088	10.962	674.287	307.892	0	661	296	0	28	28	0
40	40	40	22	10200	255	0	255	255	255	628.350	302.250	0	3.318	1.059	3.222	628.350	302.250	0	626	297	0	6	10	0
1351	1351	1351	173	344505	255	0	255	255	255	785.865	313.315	0	20.818	6.484	20.920	785.866	313.314	0	759	298	0	62	37	0
36	36	36	20	9180	255	0	255	255	255	1004.639	301.500	0	2.975	0.660	2.846	1004.639	301.500	0	1001	298	0	8	7	0
912	912	912	160	232560	255	0	255	255	255	1237.845	322.648	0	17.795	6.637	16.812	1237.847	322.648	0	1218	298	0	40	51	0
23	23	23	18	5865	255	0	255	255	255	933.522	304.304	0	2.576	1.238	2.656	933.522	304.304	0	929	302	0	9	6	0
6381	6381	6381	820	1627155	255	0	255	255	255	1091.349	412.583	0	63.352	32.796	63.429	1091.415	412.576	0	1027	303	0	125	227	0
2798	2798	2798	395	713490	255	0	255	255	255	551.588	327.273	0	36.053	19.134	30.891	551.590	327.273	0	488	304	0	137	56	0
17	17	17	14	4335	255	0	255	255	255	1064.471	307.588	0	1.969	0.799	1.878	1064.471	307.588	0	1063	305	0	5	7	0
6472	6472	6472	603	1650360	255	0	255	255	255	643.104	361.106	0	58.497	31.429	55.001	643.105	361.112	0	547	307	0	208	114	0
40	40	40	27	10200	255	0	255	255	255	695.025	313.600	0	3.735	1.917	3.743	695.025	313.600	0	691	308	0	9	12	0
26	26	26	14	6630	255	0	255	255	255	1014.000	311.115	0	2.458	0.424	2.315	1014.000	311.115	0	1011	309	0	7	6	0
156	156	156	43	39780	255	0	255	255	255	647.667	318.795	0	7.568	3.000	7.574	647.667	318.795	0	639	310	0	19	19	0
29	29	29	16	7395	255	0	255	255	255	1088.862	313.103	0	2.574	0.361	2.532	1088.862	313.103	0	1086	310	0	6	7	0
206	206	206	47	52530	255	0	255	255	255	902.175	322.320	0	7.706	1.389	7.541	902.176	322.320	0	893	316	0	20	14	0
95	95	95	33	24225	255	0	255	255	255	946.853	321.937	0	5.051	0.926	5.134	946.853	321.937	0	942	316	0	13	12	0
10	10	10	9	2550	255	0	255	255	255	1221.900	318.300	0	1.354	0.632	1.304	1221.900	318.300	0	1220	317	0	5	3	0
57	57	57	22	14535	255	0	255	255	255	631.544	323.316	0	3.819	0.354	3.718	631.544	323.316	0	627	320	0	10	8	0
395	395	395	80	100725	255	0	255	255	255	986.342	336.800	0	11.029	3.283	11.458	986.343	336.800	0	977	320	0	21	32	0
225	225	225	52	57375	255	0	255	255	255	1038.480	330.844	0	8.136	1.763	8.283	1038.481	330.845	0	1029	324	0	21	15	0
221	221	221	51	56355	255	0	255	255	255	1174.873	331.968	0	8.039	1.470	8.157	1174.875	331.968	0	1164	325	0	20	17	0
18	18	18	12	4590	255	0	255	255	255	933.000	330.667	0	1.942	0.315	1.986	933.000	330.667	0	931	329	0	5	4	0
15	15	15	10	3825	255	0	255	255	255	927.267	333.333	0	1.767	0.307	1.793	927.267	333.333	0	926	331	0	4	5	0
180	180	180	48	45900	255	0	255	255	255	1153.067	342.444	0	7.317	1.382	7.110	1153.068	342.444	0	1145	334	0	16	20	0
65	65	65	26	16575	255	0	255	255	255	873.108	344.508	0	4.115	0.674	4.115	873.108	344.508	0	869	340	0	8	10	0
601	601	601	86	153255	255	0	255	255	255	472.900	359.579	0	14.157	3.584	13.279	472.901	359.579	0	456	344	0	32	31	0
45	45	45	30	11475	255	0	255	255	255	968.067	348.600	0	3.578	1.770	3.836	968.067	348.600	0	962	345	0	12	8	0
69	69	69	34	17595	255	0	255	255	255	1049.609	349.174	0	4.533	1.822	4.634	1049.609	349.174	0	1042	345	0	14	11	0
30	30	30	14	7650	255	0	255	255	255	892.100	351.000	0	2.733	0.426	2.900	892.100	351.000	0	889	348	0	7	7	0
60	60	60	25	15300	255	0	255	255	255	571.483	353.650	0	4.119	1.133	3.953	571.483	353.650	0	568	349	0	8	11	0
41	41	41	20	10455	255	0	255	255	255	1019.171	352.341	0	3.185	0.687	3.389	1019.171	352.341	0	1016	349	0	7	8	0
137	137	137	39	34935	255	0	255	255	255	830.073	360.088	0	6.735	2.300	6.735	830.074	360.088	0	823	352	0	15	17	0
17	17	17	14	4335	255	0	255	255	255	938.471	353.588	0	1.939	0.799	2.122	938.471	353.588	0	936	352	0	6	4	0
12	12	12	10	3060	255	0	255	255	255	847.083	356.500	0	1.625	0.577	1.502	847.083	356.500	0	846	354	0	3	6	0
51	51	51	23	13005	255	0	255	255	255	885.471	357.490	0	3.743	0.945	3.787	885.471	357.490	0	881	354	0	11	8	0
62	62	62	27	15810	255	0	255	255	255	1250.323	359.113	0	4.139	1.026	3.938	1250.323	359.113	0	1247	355	0	9	10	0
21	21	21	16	5355	255	0	255	255	255	1149.714	361.381	0	2.369	1.065	2.300	1149.714	361.381	0	1148	358	0	5	8	0
95	95	95	56	24225	255	0	255	255	255	525.600	367.789	0	5.779	2.693	5.635	525.600	367.789	0	518	360	0	16	18	0
574	574	574	106	146370	255	0	255	255	255	1020.692	376.744	0	13.028	4.125	13.349	1020.693	376.744	0	1005	360	0	31	34	0
13	13	13	9	3315	255	0	255	255	255	1049.385	361.615	0	1.627	0.169	1.661	1049.385	361.615	0	1048	360	0	4	4	0
79	79	79	40	20145	255	0	255	255	255	883.709	370.722	0	5.582	2.716	5.363	883.709	370.722	0	879	361	0	11	19	0
129	129	129	37	32895	255	0	255	255	255	910.000	368.411	0	6.036	1.170	6.155	910.001	368.411	0	904	361	0	12	17	0
82	82	82	27	20910	255	0	255	255	255	443.659	369.988	0	4.808	1.120	4.659	443.659	369.988	0	438	365	0	12	11	0
15	15	15	11	3825	255	0	255	255	255	559.600	366.600	0	1.719	0.250	1.649	559.600	366.600	0	558	365	0	4	4	0
120	120	120	35	30600	255	0	255	255	255	929.192	373.792	0	5.955	1.407	6.195	929.192	373.792	0	922	367	0	15	15	0
57	57	57	25	14535	255	0	255	255	255	501.456	375.719	0	3.887	0.805	3.994	501.456	375.719	0	497	371	0	10	10	0
79	79	79	31	20145	255	0	255	255	255	1065.215	376.848	0	4.795	1.768	4.998	1065.215	376.848	0	1060	371	0	12	13	0
2433	2433	2433	342	620415	255	0	255	255	255	402.759	411.014	0	28.638	11.054	28.821	402.761	411.015	0	362	372	0	86	77	0
43	43	43	20	10965	255	0	255	255	255	818.209	379.721	0	3.253	0.653	3.216	818.209	379.721	0	815	376	0	7	9	0
10	10	10	8	2550	255	0	255	255	255	1160.000	377.800	0	1.341	0.278	1.281	1160.000	377.800	0	1159	376	0	3	4	0
456	456	456	87	116280	255	0	255	255	255	476.636	387.956	0	12.049	3.494	12.384	476.637	387.956	0	462	377	0	29	26	0
16	16	16	10	4080	255	0	255	255	255	1129.000	379.500	0	1.846	0.219	1.803	1129.000	379.500	0	1127	378	0	5	4	0
38	38	38	17	9690	255	0	255	255	255	535.421	382.342	0	3.062	0.361	3.014	535.421	382.342	0	532	379	0	8	7	0
55	55	55	24	14025	255	0	255	255	255	525.455	385.200	0	3.905	1.242	3.961	525.455	385.200	0	521	380	0	10	11	0
69	69	69	25	17595	255	0	255	255	255	936.217	385.043	0	4.309	0.743	4.223	936.217	385.043	0	932	381	0	10	10	0
134	134	134	34	34170	255	0	255	255	255	803.761	389.291	0	6.147	0.594	6.225	803.762	389.291	0	797	383	0	14	13	0
298	298	298	64	75990	255	0	255	255	255	848.581	396.091	0	9.699	2.096	9.496	848.582	396.091	0	839	385	0	21	25	0
10	10	10	10	2550	255	0	255	255	255	1165.000	386.500	0	1.372	0.640	1.118	1165.000	386.500	0	1163	386	0	5	2	0
17	17	17	11	4335	255	0	255	255	255	1057.412	389.118	0	1.895	0.277	1.927	1057.412	389.118	0	1056	387	0	4	5	0
129	129	129	44	32895	255	0	255	255	255	1201.829	398.450	0	6.508	2.474	6.301	1201.830	398.450	0	1198	388	0	9	21	0
279	279	279	80	71145	255	0	255	255	255	912.118	402.821	0	9.254	3.821	9.208	912.119	402.821	0	898	391	0	27	23	0
12	12	12	12	3060	255	0	255	255	255	1050.917	396.917	0	2.019	0.997	2.105	1050.917	396.917	0	1048	396	0	7	3	0
288	288	288	102	73440	255	0	255	255	255	1009.795	416.747	0	9.774	4.245	10.166	1009.796	416.747	0	998	398	0	24	30	0
23	23	23	13	5865	255	0	255	255	255	867.957	402.478	0	2.344	0.503	2.452	867.957	402.478	0	865	400	0	6	6	0
4716	4716	4716	595	1202580	255	0	255	255	255	460.304	453.696	0	48.782	25.471	45.027	460.308	453.698	0	379	403	0	172	100	0
916	916	916	121	233580	255	0	255	255	255	877.188	423.905	0	17.494	4.448	16.195	877.190	423.905	0	862	403	0	33	45	0
124	124	124	38	31620	255	0	255	255	255	1043.718	408.242	0	5.926	0.866	5.728	1043.719	408.242	0	1037	403	0	14	12	0
218	218	218	47	55590	255	0	255	255	255	781.413	415.037	0	7.940	0.880	7.985	781.414	415.037	0	774	406	0	17	18	0
61	61	61	24	15555	255	0	255	255	255	486.852	412.689	0	4.195	1.287	4.437	486.852	412.689	0	482	408	0	11	10	0
75	75	75	25	19125	255	0	255	255	255	1192.053	413.400	0	4.615	0.887	4.719	1192.054	413.400	0	1187	409	0	11	10	0
390	390	390	66	99450	255	0	255	255	255	449.685	421.415	0	10.791	1.499	10.544	449.686	421.415	0	436	410	0	26	22	0
37	37	37	23	9435	255	0	255	255	255	1071.405	414.432	0	3.366	1.456	3.484	1071.405	414.432	0	1068	410	0	7	11	0
40	40	40	24	10200	255	0	255	255	255	1149.675	415.975	0	3.153	1.329	3.067	1149.675	415.975	0	1144	413	0	11	6	0
517	517	517	77	131835	255	0	255	255	255	1164.464	435.578	0	12.596	1.952	12.549	1164.466	435.578	0	1153	421	0	26	30	0
24267	24267	24267	1624	6188085	255	0	255	255	255	202.290	551.341	0	111.684	48.863	116.357	202.290	551.483	0	24	424	0	338	241	0
352	352	352	64	89760	255	0	255	255	255	765.903	438.906	0	10.471	2.386	10.922	765.905	438.906	0	754	428	0	26	22	0
488	488	488	83	124440	255	0	255	255	255	821.674	449.439	0	12.274	2.612	12.565	821.675	449.438	0	809	434	0	30	32	0
105	105	105	33	26775	255	0	255	255	255	357.952	441.067	0	5.375	0.777	5.159	357.952	441.067	0	352	436	0	12	11	0
969	969	969	150	247095	255	0	255	255	255	1011.921	465.254	0	16.811	6.159	17.096	1011.921	465.254	0	999	439	0	33	51	0
118	118	118	42	30090	255	0	255	255	255	1042.364	447.805	0	5.619	1.942	5.776	1042.365	447.805	0	1038	441	0	11	16	0
14	14	14	12	3570	255	0	255	255	255	861.357	455.143	0	1.762	0.718	1.712	861.357	455.143	0	859	454	0	6	3	0
87	87	87	30	22185	255	0	255	255	255	754.759	459.782	0	4.853	1.097	4.994	754.759	459.782	0	749	455	0	13	10	0
473	473	473	88	120615	255	0	255	255	255	839.053	472.209	0	12.709	3.876	12.893	839.054	472.209	0	825	459	0	28	31	0
435	435	435	91	110925	255	0	255	255	255	1162.110	476.064	0	12.815	4.420	12.734	1162.112	476.065	0	1150	461	0	31	33	0
570	570	570	113	145350	255	0	255	255	255	362.644	493.296	0	15.098	6.191	15.106	362.645	493.297	0	353	467	0	24	50	0
15	15	15	10	3825	255	0	255	255	255	1129.533	476.867	0	1.754	0.271	1.807	1129.533	476.867	0	1128	475	0	4	5	0
515	515	515	87	131325	255	0	255	255	255	807.794	491.264	0	12.708	2.892	12.705	807.796	491.264	0	796	476	0	24	34	0
112	112	112	43	28560	255	0	255	255	255	783.893	491.571	0	5.131	1.415	5.410	783.893	491.571	0	777	486	0	15	13	0
1127	1127	1127	160	287385	255	0	255	255	255	1013.077	522.416	0	20.288	7.418	19.258	1013.080	522.415	0	993	493	0	49	54	0
137	137	137	57	34935	255	0	255	255	255	1115.387	511.613	0	8.074	4.078	7.738	1115.388	511.613	0	1099	506	0	29	11	0
398	398	398	70	101490	255	0	255	255	255	773.920	520.814	0	11.112	2.509	11.239	773.920	520.814	0	763	507	0	21	28	0
29	29	29	16	7395	255	0	255	255	255	788.448	515.310	0	2.608	0.738	2.694	788.448	515.310	0	785	513	0	8	6	0
43	43	43	18	10965	255	0	255	255	255	1140.721	516.977	0	3.299	0.494	3.281	1140.721	516.977	0	1138	513	0	7	9	0
69	69	69	34	17595	255	0	255	255	255	1054.217	525.072	0	4.778	1.932	4.334	1054.217	525.072	0	1049	518	0	13	13	0
1523	1523	1523	260	388365	255	0	255	255	255	1003.357	577.830	0	24.292	10.607	22.159	1003.362	577.830	0	989	536	0	36	87	0
162	162	162	44	41310	255	0	255	255	255	1076.728	550.000	0	6.790	1.428	6.987	1076.729	550.000	0	1071	541	0	12	18	0
99	99	99	38	25245	255	0	255	255	255	1112.162	564.404	0	5.640	2.085	5.453	1112.162	564.404	0	1108	555	0	9	18	0
158	158	158	50	40290	255	0	255	255	255	1073.753	578.861	0	7.010	3.036	7.395	1073.754	578.861	0	1067	568	0	14	22	0
35	35	35	24	8925	255	0	255	255	255	976.286	578.829	0	3.595	1.722	3.169	976.286	578.829	0	974	572	0	6	13	0
1191	1191	1191	190	303705	255	0	255	255	255	1079.893	604.905	0	18.955	7.178	19.949	1079.894	604.905	0	1057	577	0	50	54	0
25	25	25	16	6375	255	0	255	255	255	670.320	587.880	0	2.405	0.719	2.501	670.320	587.880	0	667	586	0	7	5	0
86	86	86	28	21930	255	0	255	255	255	965.640	596.651	0	4.801	0.511	4.763	965.640	596.651	0	961	592	0	10	11	0
12	12	12	11	3060	255	0	255	255	255	1057.083	594.833	0	1.855	1.027	2.129	1057.083	594.833	0	1055	592	0	5	6	0
42	42	42	19	10710	255	0	255	255	255	1042.786	601.071	0	3.249	0.572	3.170	1042.786	601.071	0	1039	598	0	9	7	0
37	37	37	18	9435	255	0	255	255	255	953.243	618.459	0	2.992	0.441	2.925	953.243	618.459	0	950	616	0	7	7	0
84	84	84	45	21420	255	0	255	255	255	1014.440	625.560	0	5.315	2.397	5.628	1014.441	625.560	0	1007	619	0	16	13	0
123	123	123	35	31365	255	0	255	255	255	956.707	632.236	0	5.830	0.779	6.027	956.708	632.236	0	952	626	0	11	14	0
1961	1961	1961	232	500055	255	0	255	255	255	1009.246	679.015	0	28.219	10.976	26.237	1009.245	679.020	0	991	634	0	46	90	0
15	15	15	11	3825	255	0	255	255	255	1020.800	640.333	0	1.752	0.388	1.794	1020.800	640.333	0	1019	638	0	4	5	0
520	520	520	105	132600	255	0	255	255	255	947.423	661.998	0	13.420	4.047	13.260	947.425	661.999	0	937	643	0	27	42	0
31	31	31	16	7905	255	0	255	255	255	1061.548	647.419	0	2.684	0.225	2.629	1061.548	647.419	0	1059	645	0	6	6	0
1238	1238	1238	230	315690	255	0	255	255	255	1066.084	687.496	0	20.165	7.613	19.411	1066.089	687.496	0	1047	655	0	36	68	0
189	189	189	47	48195	255	0	255	255	255	935.143	687.376	0	7.354	1.426	7.528	935.144	687.376	0	927	680	0	18	15	0
63	63	63	27	16065	255	0	255	255	255	959.016	706.381	0	4.192	1.008	4.247	959.016	706.381	0	955	702	0	10	9	0
2040	2040	2040	283	520200	255	0	255	255	255	915.946	766.457	0	33.247	16.564	32.676	915.948	766.459	0	883	703	0	52	113	0
675	675	675	608	172125	255	0	255	255	255	2.935	888.323	0	99.748	47.567	102.520	2.935	888.323	0	0	707	0	16	351	0
133	133	133	38	33915	255	0	255	255	255	998.759	718.173	0	6.116	1.229	6.217	998.760	718.173	0	994	711	0	10	16	0
273	273	273	56	69615	255	0	255	255	255	964.473	728.418	0	8.925	1.264	8.898	964.474	728.417	0	957	718	0	18	22	0
62	62	62	25	15810	255	0	255	255	255	1069.645	726.645	0	4.068	1.042	3.737	1069.645	726.645	0	1066	721	0	8	12	0
58	58	58	24	14790	255	0	255	255	255	1013.190	728.000	0	3.936	1.029	3.972	1013.190	728.000	0	1010	722	0	8	12	0
35	35	35	17	8925	255	0	255	255	255	1005.543	735.086	0	2.901	0.324	2.950	1005.543	735.086	0	1003	732	0	6	7	0
62	62	62	27	15810	255	0	255	255	255	939.613	742.210	0	4.460	1.774	4.738	939.613	742.210	0	935	736	0	10	13	0
207	207	207	52	52785	255	0	255	255	255	1027.807	744.304	0	8.309	2.532	7.615	1027.807	744.304	0	1016	737	0	22	18	0
10913	10913	10913	650	2782815	255	0	255	255	255	1012.697	842.363	0	67.055	22.079	66.325	1012.652	842.288	0	963	737	0	102	193	0
22	22	22	14	5610	255	0	255	255	255	1069.364	746.500	0	2.195	0.480	2.220	1069.364	746.500	0	1068	744	0	4	6	0
11	11	11	9	2805	255	0	255	255	255	905.000	769.273	0	1.493	0.437	1.273	905.000	769.273	0	904	767	0	3	5	0
20	20	20	15	5100	255	0	255	255	255	1058.050	787.150	0	2.132	0.810	2.127	1058.050	787.150	0	1057	784	0	3	7	0
325	325	325	294	82875	255	0	255	255	255	1422.145	912.514	0	43.529	29.610	40.008	1422.142	912.514	0	1420	797	0	5	191	0
30	30	30	16	7650	255	0	255	255	255	932.867	806.133	0	2.676	0.575	2.835	932.867	806.133	0	931	803	0	6	7	0
47	47	47	25	11985	255	0	255	255	255	930.511	821.404	0	3.857	1.632	4.217	930.511	821.404	0	925	818	0	12	8	0
38	38	38	26	9690	255	0	255	255	255	917.605	835.921	0	3.705	1.713	3.617	917.605	835.921	0	915	829	0	6	13	0
731	731	731	109	186405	255	0	255	255	255	874.453	860.551	0	15.566	5.813	16.255	874.454	860.551	0	862	837	0	24	46	0
107	107	107	37	27285	255	0	255	255	255	895.579	848.168	0	5.600	1.757	5.494	895.580	848.168	0	888	844	0	17	9	0
94	94	94	39	23970	255	0	255	255	255	897.649	873.915	0	5.309	1.979	5.262	897.649	873.915	0	893	867	0	9	17	0
1344	1344	1344	234	342720	255	0	255	255	255	866.941	923.106	0	21.762	9.854	22.363	866.939	923.101	0	839	893	0	62	62	0
32	32	32	17	8160	255	0	255	255	255	853.375	896.812	0	2.764	0.440	2.725	853.375	896.812	0	851	894	0	6	7	0
209	209	209	63	53295	255	0	255	255	255	921.072	936.402	0	8.264	3.615	8.470	921.073	936.402	0	913	923	0	19	25	0
93	93	93	31	23715	255	0	255	255	255	938.591	929.516	0	4.967	0.457	4.835	938.592	929.516	0	934	925	0	10	11	0
506	506	506	96	129030	255	0	255	255	255	886.180	950.822	0	12.593	2.772	12.809	886.181	950.822	0	874	937	0	23	32	0
105	105	105	31	26775	255	0	255	255	255	835.771	945.914	0	5.397	0.598	5.232	835.772	945.914	0	831	940	0	11	12	0
49	49	49	26	12495	255	0	255	255	255	916.816	962.612	0	3.781	1.492	3.944	916.816	962.612	0	915	958	0	6	12	0
709	709	709	117	180795	255	0	255	255	255	827.291	982.911	0	15.056	5.032	16.347	827.291	982.912	0	810	960	0	33	44	0
768	768	768	131	195840	255	0	255	255	255	861.434	985.128	0	15.442	6.374	15.579	861.435	985.128	0	845	964	0	30	48	0
786	786	786	131	200430	255	0	255	255	255	905.541	992.469	0	16.660	6.576	16.602	905.543	992.469	0	893	972	0	32	49	0
13	13	13	9	3315	255	0	255	255	255	887.385	976.615	0	1.627	0.169	1.661	887.385	976.615	0	886	975	0	4	4	0
54	54	54	54	13770	255	0	255	255	255	1425.000	1015.500	0	13.500	7.862	13.500	1425.000	1015.500	0	1425	989	0	1	54	0
170	170	170	43	43350	255	0	255	255	255	882.776	1006.994	0	6.989	1.422	6.606	882.777	1006.994	0	877	998	0	12	19	0
210	210	210	51	53550	255	0	255	255	255	806.590	1015.333	0	7.934	2.234	8.584	806.591	1015.333	0	800	1005	0	15	22	0
12	12	12	8	3060	255	0	255	255	255	857.500	1016.500	0	1.581	1.274E-7	1.581	857.500	1016.500	0	856	1015	0	4	4	0
208	208	208	53	53040	255	0	255	255	255	887.317	1027.798	0	8.012	2.357	8.169	887.318	1027.797	0	877	1022	0	24	13	0
81	81	81	33	20655	255	0	255	255	255	844.284	1032.099	0	4.669	1.268	4.515	844.284	1032.099	0	840	1027	0	11	12	0
96	96	96	30	24480	255	0	255	255	255	799.021	1037.510	0	5.074	0.424	5.046	799.021	1037.510	0	794	1032	0	11	12	0
24	24	24	14	6120	255	0	255	255	255	1418.125	1045.917	0	2.455	0.671	2.268	1418.125	1045.917	0	1416	1044	0	7	6	0
796	796	796	762	202980	255	0	255	255	255	1164.700	1050.986	0	100.920	63.251	95.306	1164.701	1050.985	0	968	1050	0	446	4	0
938	938	938	708	239190	255	0	255	255	255	617.326	1057.009	0	117.568	56.434	120.347	617.328	1057.014	0	420	1052	0	418	9	0
25	25	25	25	6375	255	0	255	255	255	950.000	1053.000	0	6.240	3.689	6.000	950.000	1053.000	0	938	1053	0	25	1	0
723	723	723	564	184365	255	0	255	255	255	207.967	1062.710	0	86.748	60.132	72.520	207.968	1062.708	0	18	1058	0	401	8	0
