Volume (pixel^3)	Surface (pixel^2)	Nb of obj. voxels	Nb of surf. voxels	IntDen	Mean	StdDev	Median	Min	Max	X	Y	Z	Mean dist. to surf. (pixel)	SD dist. to surf. (pixel)	Median dist. to surf. (pixel)	XM	YM	ZM	BX	BY	BZ	B-width	B-height	B-depth
584	584	584	577	148920	255	0	255	255	255	74.656	22.865	0	62.822	27.056	57.501	74.656	22.865	0	19	0	0	191	112	0
81	81	81	81	20655	255	0	255	255	255	418.000	2.000	0	20.247	11.766	20.000	418.000	2.000	0	378	2	0	81	1	0
246	246	246	56	62730	255	0	255	255	255	223.785	11.041	0	8.542	1.521	8.226	223.785	11.041	0	213	3	0	23	16	0
993	993	993	747	253215	255	0	255	255	255	648.800	4.168	0	93.416	53.968	93.208	648.801	4.168	0	460	3	0	374	4	0
5236	5236	5236	2986	1335180	255	0	255	255	255	1237.871	227.795	0	347.140	162.416	283.402	1237.907	227.796	0	931	3	0	518	995	0
4103	4103	4103	516	1046265	255	0	255	255	255	843.375	44.558	0	40.246	14.917	39.800	843.379	44.558	0	785	4	0	135	84	0
288	288	288	61	73440	255	0	255	255	255	361.948	15.833	0	9.470	2.401	9.227	361.949	15.833	0	354	5	0	17	26	0
18	18	18	18	4590	255	0	255	255	255	897.056	5.222	0	3.152	2.018	3.008	897.056	5.222	0	891	5	0	14	2	0
13	13	13	13	3315	255	0	255	255	255	929.000	5.000	0	3.231	1.964	3.000	929.000	5.000	0	923	5	0	13	1	0
65	65	65	26	16575	255	0	255	255	255	576.338	11.492	0	4.116	0.640	4.024	576.338	11.492	0	572	8	0	11	8	0
13	13	13	9	3315	255	0	255	255	255	900.385	10.615	0	1.627	0.169	1.661	900.385	10.615	0	899	9	0	4	4	0
62	62	62	26	15810	255	0	255	255	255	251.919	15.419	0	4.054	1.063	4.041	251.919	15.419	0	249	10	0	7	12	0
15	15	15	13	3825	255	0	255	255	255	325.800	12.933	0	1.991	1.010	1.944	325.800	12.933	0	324	10	0	4	8	0
17	17	17	11	4335	255	0	255	255	255	545.412	12.118	0	1.895	0.277	1.927	545.412	12.118	0	544	10	0	4	5	0
399	399	399	85	101745	255	0	255	255	255	919.409	25.654	0	10.537	3.398	10.635	919.410	25.654	0	911	11	0	20	30	0
43	43	43	19	10965	255	0	255	255	255	196.302	15.837	0	3.319	0.553	3.306	196.302	15.837	0	193	12	0	7	9	0
13	13	13	10	3315	255	0	255	255	255	885.538	16.846	0	1.567	0.316	1.617	885.538	16.846	0	884	15	0	4	4	0
129	129	129	38	32895	255	0	255	255	255	383.930	26.682	0	6.075	1.294	5.972	383.930	26.682	0	379	18	0	10	17	0
109	109	109	33	27795	255	0	255	255	255	242.679	25.550	0	5.470	0.875	5.492	242.679	25.550	0	238	19	0	12	14	0
290	290	290	68	73950	255	0	255	255	255	556.083	29.786	0	9.559	2.863	9.186	556.084	29.786	0	546	19	0	24	22	0
80	80	80	26	20400	255	0	255	255	255	527.588	25.413	0	4.623	0.235	4.625	527.588	25.413	0	523	21	0	10	10	0
228	228	228	51	58140	255	0	255	255	255	344.070	31.439	0	8.106	1.419	7.791	344.070	31.439	0	336	23	0	18	18	0
360	360	360	87	91800	255	0	255	255	255	448.653	37.931	0	12.028	5.203	11.510	448.654	37.931	0	430	23	0	35	27	0
175	175	175	43	44625	255	0	255	255	255	207.166	30.429	0	7.137	1.246	7.336	207.166	30.429	0	199	24	0	18	15	0
56	56	56	24	14280	255	0	255	255	255	894.214	31.286	0	3.839	0.785	3.768	894.214	31.286	0	891	26	0	8	11	0
30	30	30	15	7650	255	0	255	255	255	279.667	30.900	0	2.674	0.329	2.669	279.667	30.900	0	277	28	0	6	7	0
177	177	177	45	45135	255	0	255	255	255	772.554	40.825	0	7.419	1.957	7.328	772.555	40.825	0	763	34	0	20	14	0
86	86	86	30	21930	255	0	255	255	255	475.651	43.093	0	4.884	1.054	4.943	475.651	43.093	0	471	36	0	10	14	0
331	331	331	61	84405	255	0	255	255	255	502.184	45.601	0	9.833	1.572	10.387	502.185	45.601	0	491	36	0	24	20	0
203	203	203	53	51765	255	0	255	255	255	223.084	47.961	0	7.892	2.381	8.138	223.084	47.961	0	217	38	0	14	23	0
192	192	192	56	48960	255	0	255	255	255	312.505	48.776	0	7.454	2.210	7.177	312.505	48.776	0	305	38	0	15	22	0
32	32	32	15	8160	255	0	255	255	255	361.062	46.688	0	2.800	0.288	2.846	361.062	46.688	0	358	44	0	7	7	0
114	114	114	33	29070	255	0	255	255	255	752.754	49.500	0	5.611	0.523	5.551	752.755	49.500	0	747	44	0	13	12	0
14	14	14	10	3570	255	0	255	255	255	246.071	46.214	0	1.708	0.385	1.703	246.071	46.214	0	244	45	0	5	4	0
239	239	239	54	60945	255	0	255	255	255	538.393	51.084	0	8.485	2.284	8.320	538.394	51.084	0	527	45	0	24	14	0
42	42	42	19	10710	255	0	255	255	255	335.143	50.548	0	3.213	0.448	3.257	335.143	50.548	0	332	47	0	7	8	0
1058	1058	1058	163	269790	255	0	255	255	255	282.914	71.458	0	17.258	6.013	18.640	282.915	71.458	0	264	48	0	37	48	0
118	118	118	36	30090	255	0	255	255	255	768.042	57.331	0	5.860	1.467	5.616	768.043	57.331	0	763	50	0	12	15	0
174	174	174	45	44370	255	0	255	255	255	355.109	60.937	0	6.963	1.111	7.025	355.109	60.937	0	348	53	0	15	16	0
819	819	819	140	208845	255	0	255	255	255	173.806	84.101	0	19.049	8.599	18.857	173.807	84.101	0	164	54	0	22	64	0
94	94	94	31	23970	255	0	255	255	255	733.574	63.628	0	5.242	1.486	5.598	733.574	63.628	0	727	58	0	13	12	0
259	259	259	53	66045	255	0	255	255	255	789.842	65.876	0	8.698	1.260	8.371	789.843	65.876	0	780	58	0	21	17	0
601	601	601	112	153255	255	0	255	255	255	471.649	69.484	0	13.840	6.579	15.022	471.650	69.484	0	450	59	0	46	21	0
94	94	94	36	23970	255	0	255	255	255	333.734	66.245	0	5.293	1.981	5.722	333.734	66.245	0	328	60	0	13	14	0
35	35	35	17	8925	255	0	255	255	255	244.829	66.314	0	2.887	0.379	2.910	244.829	66.314	0	242	63	0	7	7	0
243	243	243	50	61965	255	0	255	255	255	205.860	72.539	0	8.372	0.882	8.576	205.860	72.539	0	197	64	0	19	19	0
1470	1470	1470	208	374850	255	0	255	255	255	496.092	95.524	0	27.568	12.965	26.877	496.093	95.524	0	463	64	0	70	75	0
54	54	54	22	13770	255	0	255	255	255	423.593	69.259	0	3.686	0.271	3.658	423.593	69.259	0	420	66	0	8	8	0
206	206	206	59	52530	255	0	255	255	255	758.704	75.733	0	7.945	2.641	7.896	758.705	75.733	0	748	66	0	19	21	0
596	596	596	101	151980	255	0	255	255	255	877.815	81.894	0	13.726	4.362	13.516	877.817	81.894	0	857	70	0	42	26	0
49	49	49	23	12495	255	0	255	255	255	401.755	74.408	0	3.580	0.944	3.614	401.755	74.408	0	397	72	0	11	6	0
390	390	390	91	99450	255	0	255	255	255	716.408	79.667	0	11.840	5.755	12.516	716.409	79.667	0	696	72	0	40	17	0
89	89	89	34	22695	255	0	255	255	255	309.764	80.517	0	5.046	1.778	5.430	309.764	80.517	0	304	74	0	12	14	0
49	49	49	23	12495	255	0	255	255	255	798.143	80.755	0	3.577	1.002	3.440	798.143	80.755	0	794	77	0	9	8	0
345	345	345	72	87975	255	0	255	255	255	364.194	91.557	0	10.608	2.975	10.743	364.195	91.557	0	355	80	0	19	29	0
105	105	105	31	26775	255	0	255	255	255	827.705	86.971	0	5.329	0.452	5.310	827.705	86.971	0	823	81	0	11	12	0
141	141	141	39	35955	255	0	255	255	255	240.809	92.922	0	6.342	1.158	6.169	240.809	92.922	0	234	85	0	14	17	0
144	144	144	39	36720	255	0	255	255	255	333.868	92.472	0	6.402	1.104	6.319	333.868	92.472	0	327	85	0	14	16	0
135	135	135	46	34425	255	0	255	255	255	678.252	94.126	0	6.387	2.676	6.475	678.252	94.126	0	673	85	0	10	20	0
219	219	219	48	55845	255	0	255	255	255	438.256	98.091	0	8.006	1.701	8.259	438.256	98.091	0	428	89	0	21	18	0
186	186	186	43	47430	255	0	255	255	255	396.694	98.177	0	7.355	1.237	7.295	396.694	98.177	0	390	90	0	15	18	0
2520	2520	2520	354	642600	255	0	255	255	255	803.975	119.943	0	30.889	14.777	29.531	803.979	119.943	0	759	90	0	104	63	0
86	86	86	29	21930	255	0	255	255	255	253.128	96.640	0	4.847	0.809	4.775	253.128	96.640	0	249	91	0	10	12	0
253	253	253	53	64515	255	0	255	255	255	202.980	103.051	0	8.586	1.824	8.572	202.980	103.051	0	197	92	0	13	23	0
85	85	85	39	21675	255	0	255	255	255	774.000	99.035	0	4.901	1.977	4.972	774.000	99.035	0	769	92	0	12	13	0
952	952	952	156	242760	255	0	255	255	255	734.684	114.060	0	15.688	6.315	17.086	734.685	114.060	0	713	93	0	46	44	0
33	33	33	17	8415	255	0	255	255	255	645.576	105.424	0	2.774	0.260	2.812	645.576	105.424	0	643	103	0	6	6	0
489	489	489	85	124695	255	0	255	255	255	685.117	120.256	0	12.138	3.702	11.962	685.118	120.256	0	675	105	0	25	35	0
813	813	813	130	207315	255	0	255	255	255	297.808	119.608	0	17.046	6.533	17.498	297.810	119.607	0	272	107	0	54	23	0
181	181	181	46	46155	255	0	255	255	255	381.757	114.547	0	7.085	1.334	7.137	381.757	114.547	0	373	108	0	18	16	0
47	47	47	20	11985	255	0	255	255	255	187.872	112.596	0	3.460	0.504	3.550	187.872	112.596	0	184	109	0	8	8	0
28	28	28	14	7140	255	0	255	255	255	633.250	112.143	0	2.610	0.344	2.538	633.250	112.143	0	631	109	0	6	7	0
594	594	594	130	151470	255	0	255	255	255	429.500	124.640	0	12.433	5.154	12.929	429.501	124.640	0	413	110	0	37	29	0
376	376	376	69	95880	255	0	255	255	255	658.277	124.883	0	10.711	2.358	10.781	658.278	124.883	0	643	114	0	28	21	0
297	297	297	78	75735	255	0	255	255	255	242.061	129.785	0	10.052	4.664	10.057	242.061	129.785	0	231	115	0	22	30	0
250	250	250	62	63750	255	0	255	255	255	340.036	128.564	0	9.088	3.142	9.060	340.036	128.564	0	332	115	0	17	26	0
175	175	175	47	44625	255	0	255	255	255	200.874	126.771	0	7.243	1.908	7.148	200.874	126.771	0	196	117	0	11	20	0
17	17	17	11	4335	255	0	255	255	255	214.118	129.412	0	1.895	0.277	1.927	214.118	129.412	0	212	128	0	5	4	0
1580	1580	1580	251	402900	255	0	255	255	255	720.108	155.502	0	21.887	8.902	22.302	720.108	155.502	0	689	129	0	72	47	0
74	74	74	27	18870	255	0	255	255	255	617.297	134.311	0	4.426	0.722	4.365	617.297	134.311	0	612	131	0	11	8	0
626	626	626	91	159630	255	0	255	255	255	591.500	148.821	0	13.962	3.523	13.869	591.501	148.821	0	574	134	0	36	28	0
109	109	109	36	27795	255	0	255	255	255	215.872	142.881	0	5.513	1.076	5.673	215.872	142.881	0	210	136	0	12	13	0
31	31	31	21	7905	255	0	255	255	255	304.323	141.548	0	3.015	1.446	3.377	304.323	141.548	0	301	137	0	7	10	0
77	77	77	25	19635	255	0	255	255	255	402.455	141.597	0	4.535	0.265	4.563	402.455	141.597	0	398	137	0	10	10	0
558	558	558	89	142290	255	0	255	255	255	358.167	151.410	0	12.881	2.458	13.262	358.168	151.410	0	341	138	0	34	25	0
228	228	228	48	58140	255	0	255	255	255	443.566	144.899	0	8.108	1.357	8.054	443.566	144.899	0	434	138	0	21	15	0
42	42	42	19	10710	255	0	255	255	255	327.190	144.143	0	3.195	0.314	3.194	327.190	144.143	0	324	141	0	7	7	0
566	566	566	100	144330	255	0	255	255	255	650.403	160.277	0	13.126	3.465	12.686	650.404	160.277	0	638	142	0	26	38	0
154	154	154	43	39270	255	0	255	255	255	150.468	149.695	0	7.021	1.991	6.868	150.468	149.695	0	142	143	0	17	15	0
137	137	137	37	34935	255	0	255	255	255	561.883	148.380	0	6.266	1.472	6.317	561.883	148.380	0	554	143	0	17	12	0
134	134	134	38	34170	255	0	255	255	255	201.925	150.575	0	6.058	1.240	6.161	201.925	150.575	0	197	144	0	12	15	0
415	415	415	86	105825	255	0	255	255	255	271.918	161.467	0	11.693	4.539	11.673	271.919	161.467	0	261	144	0	22	36	0
44	44	44	19	11220	255	0	255	255	255	670.955	146.795	0	3.302	0.413	3.275	670.955	146.795	0	667	144	0	8	7	0
166	166	166	53	42330	255	0	255	255	255	385.729	156.241	0	7.040	2.395	6.513	385.729	156.241	0	379	147	0	16	20	0
131	131	131	37	33405	255	0	255	255	255	237.237	155.748	0	6.067	1.329	6.168	237.237	155.748	0	232	148	0	12	16	0
303	303	303	61	77265	255	0	255	255	255	311.129	164.396	0	9.831	2.805	9.901	311.129	164.396	0	301	152	0	20	25	0
101	101	101	36	25755	255	0	255	255	255	250.366	161.149	0	5.271	1.554	5.769	250.366	161.149	0	246	155	0	9	14	0
404	404	404	70	103020	255	0	255	255	255	623.473	167.710	0	10.849	1.155	10.865	623.474	167.710	0	612	156	0	24	24	0
350	350	350	69	89250	255	0	255	255	255	426.874	168.631	0	10.924	3.370	11.081	426.875	168.631	0	415	157	0	25	26	0
318	318	318	66	81090	255	0	255	255	255	527.880	165.836	0	9.691	2.631	10.521	527.882	165.836	0	516	157	0	26	17	0
52	52	52	26	13260	255	0	255	255	255	161.942	163.635	0	3.737	1.191	3.961	161.942	163.635	0	160	159	0	6	11	0
277	277	277	67	70635	255	0	255	255	255	575.942	171.661	0	8.882	3.231	9.401	575.943	171.661	0	567	161	0	21	25	0
296	296	296	62	75480	255	0	255	255	255	197.730	174.270	0	9.427	1.691	9.135	197.730	174.270	0	190	162	0	20	25	0
382	382	382	72	97410	255	0	255	255	255	678.175	182.644	0	10.631	2.729	11.586	678.177	182.644	0	668	169	0	21	29	0
95	95	95	30	24225	255	0	255	255	255	505.305	178.000	0	5.128	0.919	5.292	505.305	178.000	0	499	173	0	13	11	0
74	74	74	26	18870	255	0	255	255	255	597.838	178.459	0	4.415	0.341	4.468	597.838	178.459	0	594	174	0	9	10	0
46	46	46	20	11730	255	0	255	255	255	373.826	178.261	0	3.401	0.419	3.341	373.826	178.261	0	371	175	0	7	8	0
165	165	165	42	42075	255	0	255	255	255	718.036	182.455	0	7.053	1.810	7.021	718.037	182.455	0	709	175	0	18	15	0
505	505	505	75	128775	255	0	255	255	255	139.388	186.715	0	12.304	1.329	12.363	139.388	186.715	0	127	176	0	28	24	0
82	82	82	31	20910	255	0	255	255	255	180.488	182.451	0	4.773	1.679	5.161	180.488	182.451	0	176	176	0	10	14	0
570	570	570	106	145350	255	0	255	255	255	548.347	190.837	0	13.818	5.325	14.211	548.349	190.837	0	527	176	0	39	29	0
140	140	140	43	35700	255	0	255	255	255	296.136	186.064	0	6.394	1.964	6.257	296.136	186.064	0	290	178	0	12	18	0
118	118	118	35	30090	255	0	255	255	255	220.508	184.780	0	5.740	1.112	5.923	220.508	184.780	0	214	179	0	14	12	0
48	48	48	20	12240	255	0	255	255	255	240.271	183.146	0	3.469	0.330	3.429	240.271	183.146	0	237	180	0	8	8	0
47	47	47	20	11985	255	0	255	255	255	400.404	185.213	0	3.434	0.524	3.500	400.404	185.213	0	397	181	0	8	9	0
20	20	20	12	5100	255	0	255	255	255	464.750	184.250	0	2.097	0.262	2.151	464.750	184.250	0	463	182	0	5	5	0
34	34	34	18	8670	255	0	255	255	255	698.588	189.088	0	2.821	0.358	2.776	698.588	189.088	0	696	186	0	7	7	0
42	42	42	19	10710	255	0	255	255	255	498.690	189.857	0	3.205	0.313	3.218	498.690	189.857	0	495	187	0	8	7	0
252	252	252	59	64260	255	0	255	255	255	592.802	196.040	0	8.781	1.800	8.687	592.802	196.040	0	581	187	0	23	20	0
258	258	258	56	65790	255	0	255	255	255	462.519	202.791	0	8.707	2.139	8.994	462.520	202.791	0	455	191	0	18	23	0
194	194	194	40	49470	255	0	255	255	255	358.284	200.897	0	7.482	0.480	7.406	358.284	200.897	0	351	193	0	16	17	0
362	362	362	70	92310	255	0	255	255	255	378.130	205.425	0	10.581	2.537	9.858	378.131	205.425	0	367	193	0	23	25	0
271	271	271	59	69105	255	0	255	255	255	646.266	203.395	0	8.952	2.185	9.449	646.267	203.395	0	634	194	0	24	19	0
183	183	183	44	46665	255	0	255	255	255	446.038	203.191	0	7.341	1.503	7.123	446.039	203.191	0	438	195	0	17	16	0
150	150	150	42	38250	255	0	255	255	255	331.667	201.020	0	6.560	1.704	6.850	331.667	201.020	0	323	196	0	18	12	0
112	112	112	33	28560	255	0	255	255	255	666.536	201.964	0	5.542	0.975	5.606	666.536	201.964	0	660	197	0	14	11	0
607	607	607	92	154785	255	0	255	255	255	204.468	216.138	0	13.778	3.826	13.946	204.469	216.138	0	192	198	0	24	39	0
42	42	42	20	10710	255	0	255	255	255	250.571	202.571	0	3.189	0.362	3.224	250.571	202.571	0	247	199	0	8	8	0
938	938	938	152	239190	255	0	255	255	255	626.055	222.591	0	16.896	5.236	17.066	626.056	222.591	0	606	199	0	47	45	0
36	36	36	16	9180	255	0	255	255	255	234.417	204.917	0	2.998	0.451	3.029	234.417	204.917	0	231	202	0	8	7	0
55	55	55	21	14025	255	0	255	255	255	484.327	205.745	0	3.755	0.325	3.757	484.327	205.745	0	481	202	0	8	9	0
322	322	322	73	82110	255	0	255	255	255	281.081	212.671	0	9.293	2.642	9.914	281.081	212.671	0	269	203	0	25	20	0
49	49	49	20	12495	255	0	255	255	255	512.857	209.429	0	3.523	0.364	3.524	512.857	209.429	0	509	206	0	8	8	0
79	79	79	26	20145	255	0	255	255	255	537.848	210.557	0	4.569	0.257	4.575	537.848	210.557	0	533	206	0	10	10	0
276	276	276	52	70380	255	0	255	255	255	166.359	217.275	0	9.115	1.514	9.432	166.359	217.275	0	155	208	0	22	19	0
112	112	112	36	28560	255	0	255	255	255	119.116	216.616	0	5.610	1.291	5.622	119.116	216.616	0	113	210	0	13	14	0
108	108	108	37	27540	255	0	255	255	255	559.630	223.398	0	5.486	1.705	5.704	559.630	223.398	0	556	216	0	8	16	0
29	29	29	16	7395	255	0	255	255	255	419.379	221.345	0	2.576	0.487	2.672	419.379	221.345	0	416	219	0	7	6	0
214	214	214	57	54570	255	0	255	255	255	490.706	229.234	0	7.850	2.146	7.586	490.706	229.234	0	483	219	0	17	22	0
265	265	265	61	67575	255	0	255	255	255	181.211	231.819	0	9.084	2.554	8.806	181.211	231.819	0	173	220	0	17	25	0
56	56	56	22	14280	255	0	255	255	255	407.679	223.554	0	3.786	0.389	3.703	407.679	223.554	0	404	220	0	9	8	0
217	217	217	204	55335	255	0	255	255	255	16.558	273.189	0	25.525	14.760	25.505	16.558	273.189	0	15	221	0	5	103	0
99	99	99	31	25245	255	0	255	255	255	297.303	228.333	0	5.202	0.854	5.314	297.303	228.333	0	292	222	0	11	14	0
1106	1106	1106	170	282030	255	0	255	255	255	578.694	249.832	0	20.186	9.444	19.687	578.695	249.832	0	551	222	0	50	55	0
382	382	382	67	97410	255	0	255	255	255	332.094	234.016	0	10.761	2.405	10.906	332.095	234.016	0	320	223	0	25	24	0
43	43	43	19	10965	255	0	255	255	255	228.302	230.512	0	3.262	0.386	3.342	228.302	230.512	0	225	227	0	8	8	0
229	229	229	61	58395	255	0	255	255	255	443.734	234.537	0	8.435	3.267	9.136	443.734	234.537	0	431	229	0	26	13	0
656	656	656	131	167280	255	0	255	255	255	525.604	244.412	0	13.759	5.402	14.801	525.605	244.412	0	508	229	0	42	32	0
334	334	334	69	85170	255	0	255	255	255	398.054	242.018	0	9.416	2.406	9.946	398.055	242.018	0	387	232	0	24	21	0
209	209	209	49	53295	255	0	255	255	255	261.273	242.809	0	7.860	1.459	7.370	261.273	242.809	0	253	233	0	16	21	0
94	94	94	28	23970	255	0	255	255	255	369.436	245.053	0	5.144	0.794	5.221	369.436	245.053	0	364	240	0	12	11	0
744	744	744	124	189720	255	0	255	255	255	477.570	264.579	0	15.502	5.929	14.677	477.571	264.579	0	465	240	0	24	50	0
24	24	24	14	6120	255	0	255	255	255	69.333	248.000	0	2.339	0.386	2.369	69.333	248.000	0	67	246	0	6	5	0
143	143	143	48	36465	255	0	255	255	255	86.895	255.448	0	6.834	2.829	6.797	86.895	255.448	0	76	248	0	21	13	0
54	54	54	22	13770	255	0	255	255	255	448.056	252.444	0	3.694	0.401	3.768	448.056	252.444	0	444	249	0	9	8	0
38	38	38	17	9690	255	0	255	255	255	461.895	252.789	0	3.053	0.267	3.053	461.895	252.789	0	459	250	0	7	7	0
248	248	248	64	63240	255	0	255	255	255	536.609	265.012	0	9.163	3.620	9.645	536.610	265.012	0	525	254	0	25	23	0
302	302	302	55	77010	255	0	255	255	255	168.288	264.189	0	9.435	1.139	9.270	168.288	264.189	0	157	255	0	24	19	0
39	39	39	18	9945	255	0	255	255	255	289.821	257.641	0	3.077	0.347	3.165	289.821	257.641	0	286	255	0	8	7	0
124	124	124	41	31620	255	0	255	255	255	121.911	263.556	0	5.970	2.274	6.257	121.911	263.556	0	114	257	0	17	13	0
109	109	109	34	27795	255	0	255	255	255	378.679	263.073	0	5.635	1.448	5.926	378.679	263.073	0	372	257	0	14	13	0
418	418	418	96	106590	255	0	255	255	255	393.789	278.067	0	12.152	5.088	11.825	393.790	278.067	0	375	262	0	34	29	0
141	141	141	51	35955	255	0	255	255	255	242.865	272.504	0	6.465	2.174	5.896	242.865	272.504	0	238	263	0	11	21	0
229	229	229	52	58395	255	0	255	255	255	440.751	272.258	0	8.081	1.292	8.252	440.752	272.258	0	432	264	0	20	17	0
210	210	210	57	53550	255	0	255	255	255	261.810	275.638	0	7.978	2.582	7.850	261.810	275.638	0	251	267	0	22	19	0
54	54	54	22	13770	255	0	255	255	255	52.296	276.574	0	3.748	0.444	3.658	52.296	276.574	0	49	273	0	8	8	0
102	102	102	32	26010	255	0	255	255	255	351.020	277.588	0	5.342	1.376	5.360	351.020	277.588	0	344	273	0	15	11	0
70	70	70	25	17850	255	0	255	255	255	101.100	278.243	0	4.287	0.570	4.278	101.100	278.243	0	96	274	0	11	9	0
108	108	108	31	27540	255	0	255	255	255	333.657	283.454	0	5.423	0.376	5.537	333.657	283.454	0	329	278	0	11	12	0
93	93	93	33	23715	255	0	255	255	255	207.613	285.634	0	5.204	1.706	5.630	207.613	285.634	0	202	279	0	12	14	0
79	79	79	27	20145	255	0	255	255	255	63.367	284.722	0	4.618	0.563	4.559	63.367	284.722	0	58	280	0	11	10	0
32	32	32	16	8160	255	0	255	255	255	426.000	284.562	0	2.765	0.344	2.693	426.000	284.562	0	423	282	0	7	6	0
379	379	379	65	96645	255	0	255	255	255	361.615	295.704	0	10.628	1.441	10.636	361.616	295.704	0	351	284	0	23	24	0
283	283	283	79	72165	255	0	255	255	255	494.329	293.095	0	10.754	4.897	10.782	494.330	293.095	0	479	285	0	34	16	0
195	195	195	47	49725	255	0	255	255	255	137.559	299.364	0	7.470	1.110	7.649	137.559	299.364	0	131	291	0	16	18	0
12	12	12	10	3060	255	0	255	255	255	53.500	296.000	0	1.468	0.323	1.500	53.500	296.000	0	52	295	0	4	3	0
208	208	208	45	53040	255	0	255	255	255	309.659	303.529	0	7.761	0.936	7.647	309.659	303.529	0	301	295	0	17	19	0
59	59	59	22	15045	255	0	255	255	255	73.644	303.356	0	3.916	0.475	3.814	73.644	303.356	0	69	300	0	10	8	0
52	52	52	21	13260	255	0	255	255	255	425.058	303.346	0	3.621	0.353	3.654	425.058	303.346	0	422	300	0	8	8	0
42	42	42	18	10710	255	0	255	255	255	277.167	306.333	0	3.230	0.374	3.236	277.167	306.333	0	274	303	0	8	7	0
126	126	126	38	32130	255	0	255	255	255	459.310	311.167	0	5.916	1.459	6.205	459.310	311.167	0	455	304	0	10	16	0
7722	7722	7722	734	1969110	255	0	255	255	255	511.287	356.197	0	52.738	24.680	49.178	511.296	356.195	0	450	310	0	140	144	0
364	364	364	83	92820	255	0	255	255	255	354.442	318.060	0	11.234	4.848	11.604	354.443	318.060	0	335	311	0	37	16	0
63	63	63	23	16065	255	0	255	255	255	247.778	318.460	0	4.047	0.388	4.054	247.778	318.460	0	243	315	0	10	8	0
77	77	77	29	19635	255	0	255	255	255	295.221	319.519	0	4.514	1.306	4.771	295.221	319.519	0	289	316	0	13	8	0
94	94	94	42	23970	255	0	255	255	255	418.043	320.585	0	5.661	2.103	5.065	418.043	320.585	0	410	316	0	19	9	0
14	14	14	10	3570	255	0	255	255	255	592.286	318.929	0	1.702	0.422	1.695	592.286	318.929	0	591	317	0	4	5	0
90	90	90	30	22950	255	0	255	255	255	442.411	325.200	0	5.023	1.162	5.302	442.411	325.200	0	436	320	0	13	11	0
128	128	128	39	32640	255	0	255	255	255	233.570	327.820	0	6.077	1.459	5.568	233.570	327.820	0	225	323	0	18	11	0
60	60	60	23	15300	255	0	255	255	255	327.617	327.083	0	3.921	0.306	3.935	327.617	327.083	0	324	323	0	8	9	0
48	48	48	21	12240	255	0	255	255	255	114.417	327.125	0	3.445	0.388	3.431	114.417	327.125	0	111	324	0	8	7	0
133	133	133	36	33915	255	0	255	255	255	88.677	332.098	0	6.279	1.429	6.230	88.677	332.098	0	82	325	0	15	15	0
368	368	368	101	93840	255	0	255	255	255	212.486	340.291	0	10.486	4.448	10.696	212.487	340.291	0	201	325	0	26	29	0
355	355	355	64	90525	255	0	255	255	255	394.434	334.054	0	10.349	2.051	9.660	394.435	334.053	0	381	326	0	28	18	0
58	58	58	22	14790	255	0	255	255	255	414.948	333.121	0	3.882	0.359	3.972	414.948	333.121	0	411	329	0	9	9	0
137	137	137	39	34935	255	0	255	255	255	42.956	339.277	0	6.253	1.694	6.602	42.956	339.277	0	35	333	0	16	13	0
91	91	91	30	23205	255	0	255	255	255	250.703	340.363	0	5.040	1.232	5.317	250.703	340.363	0	246	334	0	11	13	0
1624	1624	1624	296	414120	255	0	255	255	255	429.166	365.445	0	23.586	9.970	23.601	429.167	365.444	0	396	334	0	65	69	0
95	95	95	31	24225	255	0	255	255	255	68.895	340.379	0	5.150	1.200	5.368	68.895	340.379	0	62	335	0	14	11	0
12	12	12	10	3060	255	0	255	255	255	29.500	344.000	0	1.468	0.323	1.500	29.500	344.000	0	28	343	0	4	3	0
636	636	636	87	162180	255	0	255	255	255	312.563	359.072	0	13.886	2.052	13.889	312.564	359.073	0	299	343	0	28	36	0
174	174	174	53	44370	255	0	255	255	255	122.299	352.144	0	7.315	2.412	6.883	122.299	352.144	0	112	345	0	20	16	0
48	48	48	19	12240	255	0	255	255	255	72.688	357.417	0	3.505	0.259	3.597	72.688	357.417	0	69	354	0	8	8	0
26	26	26	15	6630	255	0	255	255	255	352.346	359.154	0	2.425	0.335	2.479	352.346	359.154	0	350	357	0	6	5	0
25	25	25	13	6375	255	0	255	255	255	156.320	361.760	0	2.421	0.273	2.433	156.320	361.760	0	154	359	0	6	6	0
57	57	57	23	14535	255	0	255	255	255	52.912	366.877	0	3.791	0.495	3.878	52.912	366.877	0	50	363	0	7	9	0
282	282	282	63	71910	255	0	255	255	255	275.872	373.181	0	9.501	2.441	9.808	275.873	373.181	0	265	363	0	22	21	0
97	97	97	35	24735	255	0	255	255	255	69.753	371.443	0	5.327	2.109	5.695	69.753	371.443	0	64	364	0	12	16	0
115	115	115	35	29325	255	0	255	255	255	221.957	372.043	0	5.632	0.919	5.891	221.957	372.043	0	216	366	0	12	14	0
831	831	831	128	211905	255	0	255	255	255	1054.073	387.025	0	15.045	6.263	16.735	1054.074	387.026	0	1038	367	0	33	44	0
373	373	373	66	95115	255	0	255	255	255	1107.164	379.123	0	10.609	1.733	10.183	1107.165	379.123	0	1096	368	0	22	24	0
229	229	229	58	58395	255	0	255	255	255	32.410	379.009	0	8.282	1.954	8.186	32.410	379.009	0	23	369	0	21	20	0
71	71	71	25	18105	255	0	255	255	255	133.718	374.014	0	4.364	0.597	4.341	133.718	374.014	0	129	370	0	11	9	0
291	291	291	80	74205	255	0	255	255	255	369.814	384.014	0	9.858	3.599	9.958	369.815	384.014	0	363	370	0	16	31	0
23	23	23	13	5865	255	0	255	255	255	96.000	373.696	0	2.290	0.368	2.304	96.000	373.696	0	93	371	0	6	6	0
76	76	76	27	19380	255	0	255	255	255	193.500	376.500	0	4.728	1.442	4.743	193.500	376.500	0	188	371	0	12	12	0
75	75	75	31	19125	255	0	255	255	255	551.133	378.440	0	4.630	1.659	4.572	551.133	378.440	0	544	375	0	15	7	0
219	219	219	58	55845	255	0	255	255	255	576.457	380.352	0	8.480	2.982	8.146	576.457	380.352	0	563	376	0	27	11	0
3593	3593	3593	440	916215	255	0	255	255	255	642.773	441.382	0	36.331	16.102	37.238	642.772	441.376	0	594	376	0	102	105	0
29	29	29	16	7395	255	0	255	255	255	49.621	380.172	0	2.620	0.435	2.600	49.621	380.172	0	47	377	0	6	7	0
282	282	282	62	71910	255	0	255	255	255	172.230	384.699	0	9.374	2.198	9.431	172.230	384.699	0	159	377	0	27	18	0
36	36	36	18	9180	255	0	255	255	255	617.972	379.972	0	2.947	0.396	3.000	617.972	379.972	0	615	377	0	7	7	0
1170	1170	1170	191	298350	255	0	255	255	255	696.894	388.850	0	23.175	9.895	21.241	696.895	388.850	0	663	377	0	80	27	0
284	284	284	72	72420	255	0	255	255	255	1019.028	388.035	0	10.381	3.620	9.480	1019.029	388.035	0	1010	377	0	17	30	0
367	367	367	72	93585	255	0	255	255	255	513.474	389.932	0	10.788	3.218	10.595	513.475	389.932	0	499	380	0	32	21	0
359	359	359	85	91545	255	0	255	255	255	597.967	391.426	0	11.004	4.094	10.686	597.968	391.426	0	582	380	0	36	22	0
422	422	422	77	107610	255	0	255	255	255	760.889	390.659	0	11.402	2.515	11.536	760.890	390.659	0	747	381	0	28	26	0
61	61	61	23	15555	255	0	255	255	255	292.016	385.492	0	3.966	0.304	4.016	292.016	385.492	0	288	382	0	9	9	0
397	397	397	85	101235	255	0	255	255	255	797.000	395.040	0	11.120	4.001	11.363	797.001	395.040	0	782	382	0	26	31	0
3108	3108	3108	410	792540	255	0	255	255	255	930.947	415.055	0	28.975	13.913	27.847	930.941	415.048	0	880	383	0	104	65	0
186	186	186	59	47430	255	0	255	255	255	818.688	388.086	0	7.865	3.522	7.999	818.689	388.086	0	806	384	0	26	10	0
816	816	816	145	208080	255	0	255	255	255	881.076	396.093	0	17.485	5.743	16.657	881.078	396.093	0	859	385	0	53	27	0
216	216	216	49	55080	255	0	255	255	255	416.338	393.185	0	7.799	0.830	7.893	416.338	393.185	0	408	386	0	17	16	0
17	17	17	11	4335	255	0	255	255	255	20.412	389.882	0	1.895	0.277	1.927	20.412	389.882	0	19	388	0	4	5	0
208	208	208	43	53040	255	0	255	255	255	996.202	396.091	0	7.741	0.647	7.842	996.203	396.091	0	989	388	0	17	17	0
137	137	137	41	34935	255	0	255	255	255	34.891	397.620	0	6.366	1.950	6.770	34.891	397.620	0	27	392	0	17	12	0
290	290	290	62	73950	255	0	255	255	255	249.052	403.390	0	9.213	1.700	9.444	249.052	403.390	0	241	393	0	17	22	0
2168	2168	2168	313	552840	255	0	255	255	255	840.993	425.384	0	23.651	9.432	25.354	840.995	425.383	0	813	394	0	67	59	0
2880	2880	2880	474	734400	255	0	255	255	255	755.707	432.589	0	32.358	16.263	31.077	755.709	432.592	0	695	395	0	125	68	0
34	34	34	16	8670	255	0	255	255	255	170.206	403.912	0	2.891	0.438	2.979	170.206	403.912	0	167	401	0	7	7	0
241	241	241	54	61455	255	0	255	255	255	783.427	410.319	0	8.318	1.447	8.140	783.429	410.319	0	776	401	0	17	19	0
1066	1066	1066	156	271830	255	0	255	255	255	548.526	418.962	0	19.009	6.994	17.430	548.528	418.962	0	520	402	0	57	35	0
131	131	131	60	33405	255	0	255	255	255	154.947	418.237	0	6.641	3.080	6.726	154.947	418.237	0	146	407	0	17	20	0
23	23	23	14	5865	255	0	255	255	255	613.000	409.174	0	2.239	0.255	2.169	613.000	409.174	0	611	407	0	5	5	0
131	131	131	35	33405	255	0	255	255	255	354.321	415.718	0	6.042	0.725	6.239	354.321	415.718	0	348	409	0	14	14	0
22	22	22	13	5610	255	0	255	255	255	148.818	413.455	0	2.210	0.354	2.249	148.818	413.455	0	147	411	0	5	6	0
100	100	100	32	25500	255	0	255	255	255	674.100	417.530	0	5.197	0.872	5.509	674.100	417.530	0	669	412	0	11	12	0
396	396	396	86	100980	255	0	255	255	255	179.230	427.712	0	11.559	3.640	11.708	179.230	427.712	0	167	414	0	27	31	0
450	450	450	91	114750	255	0	255	255	255	410.578	424.569	0	12.079	4.267	13.236	410.579	424.569	0	393	415	0	35	24	0
298	298	298	59	75990	255	0	255	255	255	977.913	424.258	0	9.445	2.001	9.656	977.914	424.259	0	967	416	0	25	17	0
210	210	210	202	53550	255	0	255	255	255	12.543	469.229	0	25.273	14.612	25.234	12.543	469.229	0	11	418	0	5	102	0
105	105	105	31	26775	255	0	255	255	255	598.895	425.429	0	5.331	0.282	5.348	598.895	425.429	0	594	420	0	11	12	0
26	26	26	14	6630	255	0	255	255	255	664.115	423.192	0	2.449	0.386	2.396	664.115	423.192	0	661	421	0	7	5	0
114	114	114	43	29070	255	0	255	255	255	290.246	429.184	0	5.492	1.611	5.865	290.246	429.184	0	282	422	0	15	14	0
51	51	51	22	13005	255	0	255	255	255	620.196	425.431	0	3.566	0.285	3.567	620.196	425.431	0	617	422	0	8	8	0
22	22	22	14	5610	255	0	255	255	255	33.682	425.182	0	2.306	0.574	2.286	33.682	425.182	0	30	423	0	7	5	0
253	253	253	55	64515	255	0	255	255	255	316.759	430.478	0	8.565	1.449	8.304	316.759	430.478	0	307	423	0	21	16	0
17	17	17	11	4335	255	0	255	255	255	105.588	425.412	0	1.895	0.403	1.694	105.588	425.412	0	103	424	0	6	4	0
325	325	325	91	82875	255	0	255	255	255	585.249	440.729	0	10.168	3.593	10.188	585.250	440.729	0	570	426	0	25	30	0
59	59	59	23	15045	255	0	255	255	255	688.458	431.203	0	3.880	0.282	3.835	688.458	431.203	0	685	427	0	8	9	0
132	132	132	42	33660	255	0	255	255	255	41.326	433.409	0	5.990	1.315	6.187	41.326	433.409	0	34	428	0	16	13	0
339	339	339	67	86445	255	0	255	255	255	505.602	443.625	0	10.100	2.103	10.366	505.603	443.626	0	494	429	0	24	26	0
268	268	268	53	68340	255	0	255	255	255	611.082	439.907	0	8.917	1.362	8.435	611.083	439.907	0	600	432	0	23	17	0
169	169	169	44	43095	255	0	255	255	255	438.976	442.793	0	6.943	1.232	7.162	438.976	442.793	0	431	435	0	17	15	0
89	89	89	30	22695	255	0	255	255	255	719.056	446.719	0	4.929	0.834	5.161	719.056	446.719	0	714	441	0	11	12	0
77	77	77	26	19635	255	0	255	255	255	264.234	446.519	0	4.502	0.320	4.518	264.234	446.519	0	260	442	0	10	10	0
29	29	29	15	7395	255	0	255	255	255	351.897	446.172	0	2.602	0.433	2.634	351.897	446.172	0	350	443	0	5	7	0
135	135	135	50	34425	255	0	255	255	255	283.356	455.370	0	6.595	2.683	5.976	283.356	455.370	0	272	448	0	21	14	0
1290	1290	1290	182	328950	255	0	255	255	255	563.302	466.844	0	19.930	6.976	18.654	563.303	466.844	0	531	449	0	64	35	0
221	221	221	48	56355	255	0	255	255	255	130.629	457.674	0	7.916	0.632	7.977	130.629	457.674	0	123	450	0	17	16	0
37	37	37	18	9435	255	0	255	255	255	241.189	452.811	0	3.009	0.409	2.989	241.189	452.811	0	238	450	0	8	7	0
53	53	53	21	13515	255	0	255	255	255	703.226	454.038	0	3.675	0.340	3.766	703.226	454.038	0	700	450	0	8	9	0
281	281	281	72	71655	255	0	255	255	255	220.683	462.786	0	9.515	2.806	8.910	220.683	462.786	0	208	455	0	29	17	0
98	98	98	29	24990	255	0	255	255	255	716.204	460.265	0	5.145	0.317	5.211	716.204	460.265	0	711	455	0	11	12	0
75	75	75	29	19125	255	0	255	255	255	420.760	462.280	0	4.495	1.270	4.929	420.760	462.280	0	415	458	0	12	10	0
1096	1096	1096	139	279480	255	0	255	255	255	508.691	474.182	0	19.532	5.445	19.058	508.692	474.182	0	484	459	0	51	39	0
52	52	52	21	13260	255	0	255	255	255	370.769	463.596	0	3.625	0.367	3.620	370.769	463.596	0	367	460	0	9	8	0
16	16	16	11	4080	255	0	255	255	255	64.625	464.250	0	1.805	0.297	1.790	64.625	464.250	0	63	462	0	4	5	0
20	20	20	12	5100	255	0	255	255	255	322.050	463.900	0	2.090	0.221	2.136	322.050	463.900	0	320	462	0	5	5	0
357	357	357	61	91035	255	0	255	255	255	467.112	471.188	0	10.256	1.105	10.085	467.113	471.187	0	455	462	0	24	20	0
207	207	207	51	52785	255	0	255	255	255	433.237	474.005	0	7.835	1.996	7.860	433.237	474.005	0	423	467	0	21	14	0
166	166	166	44	42330	255	0	255	255	255	313.506	477.343	0	6.921	1.447	6.585	313.506	477.343	0	305	471	0	19	14	0
17	17	17	11	4335	255	0	255	255	255	53.882	473.412	0	1.895	0.277	1.927	53.882	473.412	0	52	472	0	5	4	0
168	168	168	41	42840	255	0	255	255	255	187.262	479.143	0	6.888	0.710	6.993	187.262	479.143	0	180	472	0	15	15	0
17	17	17	10	4335	255	0	255	255	255	87.000	475.000	0	1.977	0.317	2.000	87.000	475.000	0	85	473	0	5	5	0
200	200	200	50	51000	255	0	255	255	255	385.930	480.125	0	7.574	1.406	7.651	385.930	480.125	0	377	473	0	19	14	0
36	36	36	16	9180	255	0	255	255	255	370.444	477.167	0	2.998	0.470	3.100	370.444	477.167	0	367	474	0	8	7	0
208	208	208	56	53040	255	0	255	255	255	132.053	482.231	0	7.947	2.090	7.960	132.053	482.231	0	122	476	0	22	17	0
329	329	329	68	83895	255	0	255	255	255	627.571	492.748	0	10.444	3.360	10.265	627.573	492.748	0	613	484	0	30	20	0
117	117	117	39	29835	255	0	255	255	255	363.855	490.829	0	5.994	1.943	5.763	363.855	490.829	0	355	486	0	18	10	0
161	161	161	52	41055	255	0	255	255	255	475.230	495.727	0	6.719	2.628	6.792	475.230	495.727	0	469	486	0	14	21	0
2443	2443	2443	360	622965	255	0	255	255	255	731.330	519.779	0	41.949	21.377	43.176	731.334	519.781	0	653	487	0	139	80	0
119	119	119	38	30345	255	0	255	255	255	83.605	496.966	0	5.966	1.483	5.496	83.605	496.966	0	76	492	0	17	11	0
329	329	329	87	83895	255	0	255	255	255	401.094	499.505	0	11.678	5.480	12.008	401.095	499.504	0	385	493	0	39	14	0
76	76	76	26	19380	255	0	255	255	255	300.197	500.579	0	4.512	0.566	4.489	300.197	500.579	0	296	496	0	10	10	0
139	139	139	38	35445	255	0	255	255	255	492.137	503.741	0	6.230	1.126	6.153	492.137	503.741	0	484	497	0	17	13	0
452	452	452	92	115260	255	0	255	255	255	561.270	511.907	0	12.056	4.600	12.025	561.271	511.907	0	547	497	0	26	33	0
31	31	31	16	7905	255	0	255	255	255	289.774	501.097	0	2.747	0.453	2.844	289.774	501.097	0	287	498	0	6	7	0
171	171	171	42	43605	255	0	255	255	255	457.421	506.322	0	6.946	0.855	6.845	457.421	506.321	0	451	499	0	15	15	0
39	39	39	18	9945	255	0	255	255	255	225.949	502.718	0	3.074	0.275	3.066	225.949	502.718	0	223	500	0	7	7	0
71	71	71	30	18105	255	0	255	255	255	437.817	504.423	0	4.481	1.682	4.640	437.817	504.423	0	430	501	0	15	7	0
37	37	37	18	9435	255	0	255	255	255	255.541	509.784	0	2.987	0.359	2.937	255.541	509.784	0	253	507	0	6	7	0
122	122	122	42	31110	255	0	255	255	255	659.574	510.795	0	5.897	2.022	6.427	659.574	510.795	0	651	507	0	17	10	0
24	24	24	13	6120	255	0	255	255	255	48.125	512.667	0	2.346	0.280	2.337	48.125	512.667	0	46	510	0	5	6	0
138	138	138	44	35190	255	0	255	255	255	396.101	517.449	0	6.720	2.613	7.143	396.101	517.449	0	387	510	0	19	16	0
706	706	706	144	180030	255	0	255	255	255	544.875	531.128	0	15.988	7.022	17.155	544.877	531.127	0	524	510	0	39	48	0
301	301	301	68	76755	255	0	255	255	255	177.870	521.585	0	9.912	2.704	9.492	177.870	521.585	0	165	512	0	28	19	0
206	206	206	46	52530	255	0	255	255	255	641.568	519.189	0	7.718	1.245	7.558	641.569	519.190	0	632	512	0	20	15	0
112	112	112	32	28560	255	0	255	255	255	74.071	519.366	0	5.783	1.330	6.056	74.071	519.366	0	68	513	0	13	14	0
945	945	945	136	240975	255	0	255	255	255	501.951	528.424	0	17.752	4.684	16.608	501.952	528.425	0	478	513	0	42	40	0
25	25	25	14	6375	255	0	255	255	255	230.760	516.960	0	2.397	0.335	2.353	230.760	516.960	0	228	515	0	6	5	0
228	228	228	49	58140	255	0	255	255	255	441.206	526.320	0	8.126	1.261	7.835	441.207	526.320	0	434	516	0	16	22	0
128	128	128	39	32640	255	0	255	255	255	214.477	522.016	0	5.965	1.028	6.003	214.477	522.016	0	209	517	0	13	13	0
47	47	47	19	11985	255	0	255	255	255	676.234	521.553	0	3.458	0.247	3.531	676.234	521.553	0	673	518	0	8	8	0
266	266	266	53	67830	255	0	255	255	255	715.590	526.023	0	8.874	1.496	8.472	715.591	526.022	0	705	518	0	22	17	0
132	132	132	37	33660	255	0	255	255	255	245.652	529.689	0	6.043	0.804	6.155	245.652	529.689	0	239	523	0	15	13	0
20	20	20	12	5100	255	0	255	255	255	620.950	525.100	0	2.090	0.221	2.136	620.950	525.100	0	619	523	0	5	5	0
36	36	36	17	9180	255	0	255	255	255	312.222	529.667	0	2.944	0.277	2.933	312.222	529.667	0	309	527	0	7	7	0
135	135	135	38	34425	255	0	255	255	255	673.896	533.800	0	6.144	0.963	6.238	673.897	533.800	0	668	527	0	14	14	0
128	128	128	38	32640	255	0	255	255	255	226.438	534.156	0	6.029	1.111	6.342	226.438	534.156	0	219	528	0	15	13	0
974	974	974	175	248370	255	0	255	255	255	385.211	552.948	0	19.122	7.623	20.625	385.213	552.948	0	359	528	0	57	41	0
88	88	88	87	22440	255	0	255	255	255	10.023	578.182	0	21.509	12.294	21.818	10.023	578.182	0	9	535	0	3	82	0
380	380	380	106	96900	255	0	255	255	255	483.245	553.234	0	12.950	6.264	13.191	483.246	553.234	0	467	535	0	37	33	0
447	447	447	95	113985	255	0	255	255	255	694.271	548.743	0	11.531	3.003	11.753	694.272	548.742	0	681	535	0	29	27	0
164	164	164	44	41820	255	0	255	255	255	154.360	542.366	0	6.867	1.853	7.193	154.360	542.366	0	146	536	0	19	12	0
1704	1704	1704	296	434520	255	0	255	255	255	594.452	564.778	0	22.916	8.729	23.723	594.453	564.778	0	571	536	0	60	68	0
158	158	158	53	40290	255	0	255	255	255	331.987	544.646	0	7.048	3.036	7.022	331.987	544.646	0	322	537	0	21	17	0
50	50	50	24	12750	255	0	255	255	255	647.680	544.480	0	3.600	1.216	3.882	647.680	544.480	0	644	540	0	7	11	0
73	73	73	29	18615	255	0	255	255	255	435.781	543.644	0	4.422	1.308	4.614	435.781	543.644	0	429	541	0	14	7	0
3215	3215	3215	513	819825	255	0	255	255	255	882.565	604.469	0	47.998	24.677	46.001	882.561	604.468	0	797	544	0	163	110	0
55	55	55	24	14025	255	0	255	255	255	30.036	549.545	0	3.788	1.013	3.656	30.036	549.545	0	25	547	0	11	6	0
237	237	237	49	60435	255	0	255	255	255	727.084	554.667	0	8.319	1.122	8.192	727.085	554.667	0	717	547	0	21	17	0
227	227	227	73	57885	255	0	255	255	255	192.599	556.670	0	9.194	4.173	8.996	192.599	556.670	0	177	548	0	28	18	0
316	316	316	62	80580	255	0	255	255	255	534.288	560.573	0	10.104	2.674	9.695	534.289	560.573	0	525	548	0	22	24	0
91	91	91	29	23205	255	0	255	255	255	757.264	554.363	0	4.954	0.768	5.014	757.264	554.363	0	753	549	0	10	12	0
874	874	874	162	222870	255	0	255	255	255	332.007	568.241	0	20.348	9.511	20.025	332.008	568.241	0	293	552	0	70	32	0
472	472	472	102	120360	255	0	255	255	255	451.148	566.254	0	13.924	5.470	12.657	451.150	566.254	0	431	552	0	44	26	0
146	146	146	41	37230	255	0	255	255	255	310.356	559.226	0	6.362	0.925	6.360	310.356	559.226	0	303	554	0	16	12	0
13	13	13	10	3315	255	0	255	255	255	146.692	562.000	0	1.575	0.432	1.646	146.692	562.000	0	145	561	0	5	3	0
203	203	203	47	51765	255	0	255	255	255	558.892	569.596	0	7.651	1.360	7.577	558.892	569.596	0	549	563	0	19	15	0
38	38	38	20	9690	255	0	255	255	255	658.263	566.447	0	3.029	0.655	3.117	658.263	566.447	0	656	563	0	6	8	0
108	108	108	33	27540	255	0	255	255	255	793.333	569.120	0	5.570	1.356	5.776	793.334	569.120	0	787	563	0	14	13	0
1455	1455	1455	249	371025	255	0	255	255	255	241.078	586.523	0	21.887	9.702	20.174	241.079	586.523	0	209	566	0	77	45	0
22	22	22	14	5610	255	0	255	255	255	674.045	567.909	0	2.195	0.338	2.166	674.045	567.909	0	672	566	0	5	5	0
299	299	299	72	76245	255	0	255	255	255	97.204	576.033	0	9.975	3.504	9.852	97.204	576.033	0	81	567	0	30	18	0
114	114	114	32	29070	255	0	255	255	255	484.070	573.588	0	5.686	0.706	5.827	484.070	573.588	0	478	568	0	13	12	0
63	63	63	25	16065	255	0	255	255	255	519.952	574.571	0	4.072	0.588	3.976	519.952	574.571	0	516	571	0	10	8	0
269	269	269	70	68595	255	0	255	255	255	746.833	581.784	0	9.133	3.373	8.807	746.834	581.784	0	736	571	0	25	21	0
228	228	228	64	58140	255	0	255	255	255	622.798	582.175	0	8.342	2.602	8.279	622.799	582.175	0	611	573	0	22	20	0
215	215	215	48	54825	255	0	255	255	255	799.298	587.758	0	7.853	1.213	7.774	799.299	587.758	0	792	578	0	16	20	0
16	16	16	11	4080	255	0	255	255	255	650.312	582.188	0	1.827	0.332	1.839	650.312	582.188	0	649	580	0	4	5	0
127	127	127	36	32385	255	0	255	255	255	768.449	587.472	0	5.969	1.485	6.280	768.449	587.472	0	763	580	0	12	16	0
114	114	114	35	29070	255	0	255	255	255	111.316	590.254	0	5.629	1.102	5.715	111.316	590.254	0	107	584	0	10	14	0
781	781	781	146	199155	255	0	255	255	255	173.844	598.490	0	18.086	7.015	15.950	173.845	598.490	0	145	584	0	60	28	0
232	232	232	51	59160	255	0	255	255	255	846.220	595.384	0	8.131	0.958	8.226	846.221	595.384	0	837	588	0	19	15	0
247	247	247	54	62985	255	0	255	255	255	647.308	595.668	0	8.460	1.973	8.588	647.309	595.668	0	636	590	0	24	14	0
92	92	92	35	23460	255	0	255	255	255	138.228	595.228	0	5.101	1.653	5.056	138.228	595.228	0	131	592	0	15	7	0
119	119	119	34	30345	255	0	255	255	255	702.042	597.983	0	5.798	0.849	5.799	702.042	597.983	0	695	592	0	14	13	0
311	311	311	63	79305	255	0	255	255	255	728.174	603.273	0	9.546	2.094	9.897	728.175	603.273	0	717	593	0	23	23	0
110	110	110	41	28050	255	0	255	255	255	77.800	602.682	0	5.583	2.158	6.010	77.800	602.682	0	73	594	0	11	17	0
109	109	109	31	27795	255	0	255	255	255	613.248	602.890	0	5.483	0.522	5.402	613.248	602.890	0	607	597	0	13	12	0
161	161	161	42	41055	255	0	255	255	255	819.273	606.727	0	6.888	1.637	7.268	819.274	606.727	0	812	599	0	15	16	0
208	208	208	59	53040	255	0	255	255	255	768.534	610.279	0	8.348	3.409	8.640	768.535	610.279	0	758	600	0	23	21	0
351	351	351	75	89505	255	0	255	255	255	797.479	614.672	0	10.546	3.596	10.484	797.480	614.672	0	787	600	0	23	30	0
51	51	51	23	13005	255	0	255	255	255	50.549	604.137	0	3.626	0.989	3.727	50.549	604.137	0	46	601	0	10	7	0
78	78	78	31	19890	255	0	255	255	255	671.603	605.808	0	5.014	1.529	4.673	671.603	605.808	0	667	601	0	11	14	0
20	20	20	12	5100	255	0	255	255	255	95.750	604.950	0	2.119	0.289	2.077	95.750	604.950	0	94	603	0	5	5	0
26	26	26	14	6630	255	0	255	255	255	197.808	609.115	0	2.449	0.386	2.396	197.808	609.115	0	196	606	0	5	7	0
168	168	168	46	42840	255	0	255	255	255	34.530	616.458	0	7.022	1.536	7.067	34.530	616.458	0	26	608	0	16	17	0
176	176	176	59	44880	255	0	255	255	255	716.750	618.023	0	9.259	4.251	8.478	716.751	618.023	0	707	610	0	27	20	0
42711	42711	42711	2615	10891305	255	0	255	255	255	1133.921	820.882	0	214.905	101.646	218.549	1134.209	820.899	0	794	610	0	643	435	0
93	93	93	29	23715	255	0	255	255	255	647.839	617.925	0	5.023	0.416	5.060	647.839	617.925	0	643	613	0	11	11	0
1085	1085	1085	199	276675	255	0	255	255	255	767.756	635.200	0	17.837	8.613	17.599	767.757	635.201	0	739	614	0	60	41	0
166	166	166	44	42330	255	0	255	255	255	869.771	623.163	0	6.816	1.129	7.154	869.772	623.163	0	864	616	0	14	16	0
149	149	149	49	37995	255	0	255	255	255	18.477	628.463	0	7.046	2.361	6.990	18.477	628.463	0	13	617	0	12	21	0
135	135	135	38	34425	255	0	255	255	255	124.748	623.889	0	6.389	1.745	6.753	124.748	623.889	0	117	617	0	16	15	0
65	65	65	25	16575	255	0	255	255	255	155.262	620.569	0	4.116	0.496	4.109	155.262	620.569	0	151	617	0	10	9	0
59	59	59	22	15045	255	0	255	255	255	33.525	632.932	0	3.891	0.255	3.964	33.525	632.932	0	30	629	0	8	9	0
53	53	53	22	13515	255	0	255	255	255	642.472	632.811	0	3.712	0.902	3.706	642.472	632.811	0	638	629	0	10	8	0
1052	1052	1052	172	268260	255	0	255	255	255	104.855	656.479	0	20.064	8.365	19.441	104.855	656.479	0	74	633	0	60	45	0
270	270	270	54	68850	255	0	255	255	255	148.144	642.322	0	8.973	1.875	9.246	148.144	642.322	0	137	633	0	23	19	0
10	10	10	8	2550	255	0	255	255	255	178.500	634.500	0	1.498	0.542	1.581	178.500	634.500	0	177	633	0	4	4	0
136	136	136	133	34680	255	0	255	255	255	8.471	680.794	0	16.652	9.622	16.801	8.471	680.794	0	7	647	0	4	67	0
341	341	341	79	86955	255	0	255	255	255	891.724	664.619	0	10.295	3.611	10.990	891.726	664.619	0	881	647	0	22	31	0
125	125	125	38	31875	255	0	255	255	255	909.864	655.488	0	6.055	1.783	6.802	909.865	655.488	0	903	649	0	15	14	0
311	311	311	60	79305	255	0	255	255	255	59.447	679.235	0	9.776	1.824	9.250	59.447	679.235	0	51	669	0	20	23	0
60	60	60	25	15300	255	0	255	255	255	45.733	677.233	0	3.936	0.921	3.949	45.733	677.233	0	43	672	0	7	11	0
121	121	121	42	30855	255	0	255	255	255	26.438	684.215	0	6.326	2.009	6.213	26.438	684.215	0	18	679	0	17	13	0
34	34	34	17	8670	255	0	255	255	255	26.500	709.118	0	2.883	0.465	2.925	26.500	709.118	0	24	706	0	6	7	0
28	28	28	17	7140	255	0	255	255	255	31.286	716.214	0	2.758	1.040	2.723	31.286	716.214	0	28	714	0	8	6	0
660	660	660	532	168300	255	0	255	255	255	3.430	904.423	0	84.072	49.202	85.513	3.430	904.424	0	0	731	0	8	340	0
87	87	87	30	22185	255	0	255	255	255	1074.586	800.793	0	4.818	1.081	4.831	1074.587	800.793	0	1071	794	0	8	14	0
72	72	72	33	18360	255	0	255	255	255	501.361	952.083	0	4.557	1.458	4.193	501.361	952.083	0	497	945	0	9	14	0
95	95	95	94	24225	255	0	255	255	255	1450.453	1073.789	0	11.767	6.776	11.800	1450.453	1073.790	0	1449	1051	0	3	47	0
2168	2168	2168	1576	552840	255	0	255	255	255	976.806	1072.158	0	221.815	129.449	219.212	976.809	1072.158	0	530	1058	0	888	39	0
348	348	348	259	88740	255	0	255	255	255	367.497	1066.784	0	32.614	19.037	32.507	367.498	1066.780	0	308	1064	0	133	5	0
553	553	553	427	141015	255	0	255	255	255	144.007	1070.732	0	62.792	43.023	55.020	144.008	1070.731	0	9	1068	0	298	6	0
26	26	26	26	6630	255	0	255	255	255	1434.423	1096.962	0	6.425	3.709	6.500	1434.423	1096.962	0	1422	1096	0	25	2	0
