Volume (pixel^3)	Surface (pixel^2)	Nb of obj. voxels	Nb of surf. voxels	IntDen	Mean	StdDev	Median	Min	Max	X	Y	Z	Mean dist. to surf. (pixel)	SD dist. to surf. (pixel)	Median dist. to surf. (pixel)	XM	YM	ZM	BX	BY	BZ	B-width	B-height	B-depth
20359	20359	20359	10244	5191545	255	0	255	255	255	685.547	497.011	0	715.804	114.609	729.582	685.555	497.065	0	0	0	0	1449	1082	0
2900	2900	2900	449	739500	255	0	255	255	255	929.547	38.616	0	32.462	15.938	32.936	929.544	38.616	0	877	10	0	120	65	0
922	922	922	159	235110	255	0	255	255	255	107.993	65.351	0	17.019	6.174	16.768	107.994	65.351	0	88	42	0	40	49	0
317	317	317	66	80835	255	0	255	255	255	868.473	62.886	0	9.861	2.654	10.339	868.474	62.886	0	858	51	0	20	26	0
76	76	76	26	19380	255	0	255	255	255	942.447	66.171	0	4.480	0.729	4.500	942.447	66.171	0	937	62	0	12	9	0
893	893	893	193	227715	255	0	255	255	255	827.520	88.158	0	17.731	8.220	18.389	827.520	88.158	0	796	67	0	57	42	0
1252	1252	1252	182	319260	255	0	255	255	255	899.073	87.753	0	23.427	9.142	22.647	899.075	87.753	0	862	73	0	78	32	0
764	764	764	127	194820	255	0	255	255	255	132.205	90.170	0	16.965	6.699	16.733	132.206	90.170	0	104	78	0	56	23	0
425	425	425	82	108375	255	0	255	255	255	106.449	109.379	0	12.300	4.623	12.905	106.449	109.379	0	92	92	0	29	32	0
1215	1215	1215	175	309825	255	0	255	255	255	175.151	148.529	0	22.980	10.889	21.387	175.153	148.529	0	160	104	0	35	77	0
357	357	357	67	91035	255	0	255	255	255	143.454	120.706	0	10.443	1.907	10.306	143.454	120.706	0	131	108	0	23	25	0
924	924	924	119	235620	255	0	255	255	255	865.748	121.979	0	17.194	4.380	16.057	865.748	121.980	0	842	109	0	48	28	0
3630	3630	3630	609	925650	255	0	255	255	255	795.644	149.612	0	32.751	13.177	32.100	795.644	149.612	0	734	114	0	115	66	0
99	99	99	30	25245	255	0	255	255	255	118.010	140.485	0	5.166	0.483	5.305	118.010	140.485	0	113	135	0	11	12	0
20	20	20	15	5100	255	0	255	255	255	808.150	149.950	0	2.263	0.921	2.127	808.150	149.950	0	807	146	0	4	8	0
536	536	536	98	136680	255	0	255	255	255	141.966	171.795	0	13.826	5.002	13.039	141.967	171.795	0	132	152	0	20	43	0
1413	1413	1413	245	360315	255	0	255	255	255	735.985	197.273	0	21.844	9.985	22.080	735.987	197.274	0	700	173	0	76	42	0
591	591	591	123	150705	255	0	255	255	255	794.993	197.662	0	13.062	4.559	13.128	794.994	197.661	0	779	185	0	36	31	0
485	485	485	102	123675	255	0	255	255	255	201.843	209.171	0	12.820	3.802	12.800	201.844	209.171	0	190	195	0	34	29	0
60	60	60	23	15300	255	0	255	255	255	150.583	201.883	0	3.918	0.280	3.927	150.583	201.883	0	147	198	0	8	9	0
256	256	256	55	65280	255	0	255	255	255	682.762	210.301	0	8.725	2.263	8.858	682.763	210.301	0	670	201	0	25	17	0
48	48	48	20	12240	255	0	255	255	255	170.062	209.167	0	3.457	0.309	3.448	170.062	209.167	0	167	206	0	8	8	0
387	387	387	93	98685	255	0	255	255	255	758.734	226.829	0	10.546	4.382	11.377	758.735	226.829	0	746	217	0	31	21	0
779	779	779	132	198645	255	0	255	255	255	708.951	236.928	0	16.187	6.510	19.072	708.952	236.928	0	685	218	0	47	40	0
944	944	944	187	240720	255	0	255	255	255	222.265	240.232	0	19.139	8.814	18.671	222.266	240.232	0	184	220	0	63	44	0
98	98	98	30	24990	255	0	255	255	255	655.367	233.449	0	5.136	0.441	5.105	655.367	233.449	0	650	228	0	11	12	0
92	92	92	30	23460	255	0	255	255	255	162.848	245.163	0	5.006	0.944	4.880	162.848	245.163	0	159	239	0	9	13	0
675	675	675	101	172125	255	0	255	255	255	736.905	254.896	0	15.048	4.970	14.975	736.907	254.897	0	721	240	0	37	35	0
74	74	74	25	18870	255	0	255	255	255	683.216	247.703	0	4.416	0.303	4.411	683.216	247.703	0	679	243	0	10	10	0
80	80	80	26	20400	255	0	255	255	255	655.750	255.950	0	4.659	0.556	4.849	655.750	255.950	0	651	251	0	10	11	0
379	379	379	70	96645	255	0	255	255	255	675.491	267.596	0	10.775	2.290	10.450	675.492	267.596	0	666	253	0	20	28	0
526	526	526	96	134130	255	0	255	255	255	629.669	282.276	0	13.909	5.581	13.808	629.670	282.276	0	616	266	0	30	40	0
2305	2305	2305	424	587775	255	0	255	255	255	222.481	304.049	0	35.299	17.618	33.829	222.482	304.048	0	172	267	0	109	89	0
198	198	198	54	50490	255	0	255	255	255	229.076	277.030	0	7.644	2.106	7.810	229.076	277.030	0	219	268	0	21	17	0
58	58	58	30	14790	255	0	255	255	255	607.103	281.069	0	4.277	1.638	4.328	607.103	281.069	0	601	277	0	12	10	0
95	95	95	30	24225	255	0	255	255	255	714.516	281.705	0	5.050	0.627	5.062	714.516	281.705	0	709	277	0	12	10	0
59	59	59	23	15045	255	0	255	255	255	662.712	282.441	0	3.915	0.517	3.843	662.712	282.441	0	659	278	0	9	9	0
83	83	83	28	21165	255	0	255	255	255	641.446	290.361	0	4.677	0.243	4.655	641.446	290.361	0	637	286	0	10	10	0
117	117	117	35	29835	255	0	255	255	255	697.718	292.470	0	5.684	0.921	5.919	697.718	292.470	0	691	287	0	14	12	0
102	102	102	33	26010	255	0	255	255	255	603.451	292.480	0	5.255	0.924	5.141	603.451	292.480	0	597	288	0	14	10	0
227	227	227	52	57885	255	0	255	255	255	1128.828	299.383	0	8.235	1.871	8.823	1128.829	299.383	0	1120	291	0	20	18	0
475	475	475	71	121125	255	0	255	255	255	674.046	307.229	0	11.904	1.448	11.894	674.048	307.229	0	660	293	0	27	27	0
77	77	77	26	19635	255	0	255	255	255	653.325	299.922	0	4.503	0.310	4.494	653.325	299.922	0	649	295	0	10	10	0
147	147	147	43	37485	255	0	255	255	255	1102.599	308.075	0	6.732	2.167	6.738	1102.599	308.075	0	1093	302	0	19	12	0
102	102	102	33	26010	255	0	255	255	255	592.608	321.422	0	5.314	1.326	5.436	592.608	321.422	0	588	315	0	10	14	0
892	892	892	175	227460	255	0	255	255	255	1097.084	336.378	0	20.115	9.407	20.386	1097.084	336.378	0	1066	316	0	68	40	0
163	163	163	48	41565	255	0	255	255	255	241.816	327.245	0	7.511	2.783	7.653	241.816	327.245	0	235	317	0	15	21	0
4405	4405	4405	523	1123275	255	0	255	255	255	996.559	365.093	0	39.923	19.051	38.529	996.553	365.094	0	924	322	0	145	84	0
106	106	106	32	27030	255	0	255	255	255	547.811	330.953	0	5.511	1.380	5.858	547.811	330.953	0	541	325	0	14	13	0
204	204	204	46	52020	255	0	255	255	255	664.025	333.387	0	7.608	1.195	7.768	664.025	333.387	0	655	327	0	19	15	0
198	198	198	48	50490	255	0	255	255	255	213.828	337.242	0	7.515	1.111	7.374	213.828	337.242	0	207	330	0	15	17	0
73	73	73	25	18615	255	0	255	255	255	631.959	334.301	0	4.391	0.304	4.384	631.959	334.301	0	627	330	0	10	10	0
134	134	134	42	34170	255	0	255	255	255	190.149	339.896	0	6.544	2.105	6.310	190.149	339.896	0	185	331	0	13	18	0
440	440	440	68	112200	255	0	255	255	255	616.670	346.955	0	11.425	1.423	11.092	616.672	346.954	0	606	333	0	22	27	0
46	46	46	22	11730	255	0	255	255	255	643.717	335.957	0	3.484	0.976	3.581	643.717	335.957	0	639	333	0	10	7	0
258	258	258	60	65790	255	0	255	255	255	532.306	350.140	0	9.665	3.640	10.068	532.307	350.140	0	520	338	0	24	24	0
193	193	193	47	49215	255	0	255	255	255	593.539	349.047	0	7.587	2.050	7.967	593.540	349.047	0	585	340	0	17	19	0
43	43	43	19	10965	255	0	255	255	255	253.395	345.000	0	3.256	0.469	3.309	253.395	345.000	0	250	342	0	8	7	0
228	228	228	57	58140	255	0	255	255	255	210.096	360.254	0	8.349	2.372	8.471	210.096	360.254	0	203	350	0	16	22	0
236	236	236	48	60180	255	0	255	255	255	638.627	357.814	0	8.251	0.775	8.402	638.628	357.814	0	630	351	0	19	17	0
80	80	80	30	20400	255	0	255	255	255	564.850	358.550	0	4.735	1.470	5.406	564.850	358.550	0	560	353	0	11	12	0
1623	1623	1623	276	413865	255	0	255	255	255	290.044	415.585	0	26.833	14.061	24.605	290.045	415.585	0	272	362	0	38	101	0
1039	1039	1039	156	264945	255	0	255	255	255	594.307	391.650	0	17.448	5.418	18.529	594.308	391.649	0	571	370	0	50	45	0
42	42	42	19	10710	255	0	255	255	255	628.810	372.857	0	3.195	0.314	3.194	628.810	372.857	0	626	370	0	7	7	0
424	424	424	78	108120	255	0	255	255	255	508.189	382.488	0	11.167	2.444	11.729	508.190	382.488	0	493	371	0	29	22	0
873	873	873	140	222615	255	0	255	255	255	252.101	388.246	0	17.247	6.244	16.408	252.102	388.247	0	226	373	0	48	39	0
1195	1195	1195	213	304725	255	0	255	255	255	544.459	413.723	0	20.754	9.532	19.282	544.460	413.722	0	515	376	0	50	68	0
45	45	45	20	11475	255	0	255	255	255	481.689	385.733	0	3.329	0.327	3.330	481.689	385.733	0	478	383	0	8	7	0
52	52	52	25	13260	255	0	255	255	255	209.173	388.192	0	3.787	1.120	4.178	209.173	388.192	0	205	384	0	9	10	0
4245	4245	4245	589	1082475	255	0	255	255	255	863.088	425.562	0	39.262	19.616	35.739	863.085	425.561	0	793	385	0	131	98	0
37	37	37	18	9435	255	0	255	255	255	474.459	391.081	0	2.962	0.303	3.042	474.459	391.081	0	472	388	0	6	7	0
61	61	61	23	15555	255	0	255	255	255	202.115	398.967	0	3.969	0.465	4.020	202.115	398.967	0	199	395	0	8	10	0
135	135	135	39	34425	255	0	255	255	255	215.452	406.104	0	6.472	2.143	7.068	215.452	406.104	0	208	399	0	16	15	0
39	39	39	18	9945	255	0	255	255	255	249.256	407.436	0	3.087	0.422	3.099	249.256	407.436	0	246	405	0	8	6	0
14	14	14	11	3570	255	0	255	255	255	238.143	406.929	0	1.659	0.477	1.567	238.143	406.929	0	236	406	0	5	3	0
74	74	74	26	18870	255	0	255	255	255	467.595	410.811	0	4.424	0.352	4.449	467.595	410.811	0	463	406	0	10	10	0
122	122	122	36	31110	255	0	255	255	255	574.500	424.197	0	5.788	0.694	5.892	574.500	424.197	0	570	418	0	11	13	0
85	85	85	27	21675	255	0	255	255	255	223.388	422.800	0	4.767	0.649	4.825	223.388	422.800	0	218	419	0	12	9	0
40	40	40	18	10200	255	0	255	255	255	267.275	423.925	0	3.124	0.285	3.123	267.275	423.925	0	264	421	0	7	7	0
222	222	222	49	56610	255	0	255	255	255	434.122	430.586	0	8.077	1.564	8.036	434.122	430.586	0	424	422	0	19	17	0
67	67	67	24	17085	255	0	255	255	255	450.224	426.478	0	4.182	0.472	4.147	450.224	426.478	0	446	423	0	10	8	0
268	268	268	55	68340	255	0	255	255	255	812.619	434.522	0	8.857	1.637	8.828	812.621	434.522	0	805	423	0	17	22	0
28	28	28	18	7140	255	0	255	255	255	508.036	428.321	0	2.524	0.799	2.775	508.036	428.321	0	505	425	0	7	7	0
91	91	91	31	23205	255	0	255	255	255	205.571	431.626	0	4.956	1.094	5.225	205.571	431.626	0	201	426	0	9	13	0
724	724	724	126	184620	255	0	255	255	255	770.700	442.616	0	16.007	6.897	16.005	770.702	442.617	0	743	426	0	51	33	0
164	164	164	50	41820	255	0	255	255	255	231.610	435.518	0	7.334	2.557	7.489	231.610	435.518	0	224	427	0	18	19	0
274	274	274	62	69870	255	0	255	255	255	493.354	443.894	0	8.995	2.228	9.165	493.355	443.894	0	484	431	0	18	23	0
324	324	324	65	82620	255	0	255	255	255	560.306	444.009	0	10.253	3.161	9.579	560.307	444.009	0	549	433	0	24	24	0
92	92	92	33	23460	255	0	255	255	255	473.772	443.793	0	5.141	1.746	5.366	473.772	443.793	0	467	439	0	15	10	0
150	150	150	41	38250	255	0	255	255	255	409.107	448.740	0	6.663	1.758	6.988	409.107	448.740	0	401	442	0	17	14	0
13960	13960	13960	1553	3559800	255	0	255	255	255	1286.738	533.583	0	82.466	44.085	78.169	1286.727	533.608	0	1135	443	0	303	188	0
195	195	195	61	49725	255	0	255	255	255	460.174	451.913	0	8.351	3.385	8.206	460.175	451.913	0	448	444	0	24	20	0
233	233	233	54	59415	255	0	255	255	255	531.391	456.412	0	8.270	1.723	8.404	531.391	456.412	0	525	446	0	14	22	0
39	39	39	20	9945	255	0	255	255	255	204.128	454.308	0	3.152	0.822	3.365	204.128	454.308	0	201	451	0	7	8	0
76	76	76	31	19380	255	0	255	255	255	225.487	457.645	0	4.688	1.875	4.804	225.487	457.645	0	220	452	0	12	12	0
1004	1004	1004	160	256020	255	0	255	255	255	721.097	472.057	0	17.348	5.253	16.464	721.098	472.057	0	697	452	0	47	39	0
633	633	633	101	161415	255	0	255	255	255	241.780	472.281	0	15.006	5.494	15.455	241.781	472.282	0	220	455	0	42	34	0
2331	2331	2331	310	594405	255	0	255	255	255	751.184	495.940	0	27.981	13.178	25.839	751.187	495.943	0	709	460	0	82	76	0
111	111	111	34	28305	255	0	255	255	255	424.234	469.477	0	5.590	1.404	5.804	424.234	469.477	0	419	463	0	12	14	0
157	157	157	46	40035	255	0	255	255	255	205.561	474.172	0	6.882	2.083	6.863	205.561	474.172	0	201	464	0	10	21	0
584	584	584	100	148920	255	0	255	255	255	298.950	477.985	0	12.841	3.771	13.410	298.951	477.985	0	280	464	0	35	29	0
1123	1123	1123	163	286365	255	0	255	255	255	499.183	481.470	0	19.164	6.454	19.619	499.184	481.471	0	473	466	0	57	32	0
292	292	292	62	74460	255	0	255	255	255	357.079	488.212	0	9.549	2.641	8.894	357.079	488.212	0	343	481	0	28	16	0
51	51	51	20	13005	255	0	255	255	255	412.569	487.471	0	3.600	0.198	3.587	412.569	487.471	0	409	484	0	8	8	0
346	346	346	66	88230	255	0	255	255	255	684.806	497.882	0	10.066	2.244	10.673	684.807	497.882	0	674	486	0	23	25	0
123	123	123	39	31365	255	0	255	255	255	261.732	499.073	0	5.893	1.884	6.558	261.732	499.073	0	255	492	0	15	15	0
1340	1340	1340	264	341700	255	0	255	255	255	316.513	517.688	0	24.673	10.911	24.073	316.515	517.688	0	278	492	0	84	51	0
60	60	60	29	15300	255	0	255	255	255	430.900	499.150	0	4.084	1.712	4.187	430.900	499.150	0	426	494	0	11	11	0
165	165	165	49	42075	255	0	255	255	255	382.273	505.467	0	6.806	2.262	7.263	382.273	505.467	0	374	496	0	17	18	0
52	52	52	22	13260	255	0	255	255	255	397.596	501.788	0	3.602	0.367	3.608	397.596	501.788	0	394	498	0	8	8	0
65	65	65	23	16575	255	0	255	255	255	201.046	503.538	0	4.126	0.375	4.042	201.046	503.538	0	196	500	0	10	9	0
1204	1204	1204	173	307020	255	0	255	255	255	640.244	528.370	0	20.248	8.582	20.651	640.245	528.371	0	617	500	0	48	60	0
73	73	73	25	18615	255	0	255	255	255	493.082	510.767	0	4.373	0.286	4.331	493.082	510.767	0	489	506	0	9	10	0
57	57	57	24	14535	255	0	255	255	255	173.175	511.526	0	3.878	0.772	3.857	173.175	511.526	0	170	507	0	7	10	0
199	199	199	54	50745	255	0	255	255	255	255.377	521.905	0	7.642	2.227	7.340	255.377	521.905	0	248	512	0	14	23	0
208	208	208	59	53040	255	0	255	255	255	418.260	523.197	0	8.184	3.130	8.456	418.260	523.197	0	408	513	0	22	22	0
151	151	151	41	38505	255	0	255	255	255	381.424	525.993	0	6.584	1.022	6.502	381.424	525.993	0	375	518	0	14	17	0
558	558	558	115	142290	255	0	255	255	255	469.177	532.163	0	14.965	6.292	13.648	469.179	532.162	0	445	518	0	48	27	0
536	536	536	94	136680	255	0	255	255	255	689.687	539.198	0	13.303	4.735	13.687	689.688	539.198	0	673	523	0	31	33	0
415	415	415	79	105825	255	0	255	255	255	289.116	544.022	0	11.372	3.207	11.159	289.116	544.022	0	278	528	0	23	31	0
136	136	136	36	34680	255	0	255	255	255	157.993	538.941	0	6.158	0.514	6.120	157.993	538.941	0	152	533	0	14	13	0
351	351	351	71	89505	255	0	255	255	255	594.345	546.054	0	10.116	1.958	10.219	594.346	546.054	0	583	533	0	21	25	0
26	26	26	17	6630	255	0	255	255	255	182.885	544.192	0	2.701	0.875	2.611	182.885	544.192	0	181	541	0	5	8	0
57	57	57	22	14535	255	0	255	255	255	202.509	545.211	0	3.806	0.265	3.786	202.509	545.211	0	199	541	0	8	9	0
298	298	298	59	75990	255	0	255	255	255	223.151	552.547	0	9.475	1.957	9.475	223.151	552.547	0	213	541	0	21	23	0
98	98	98	32	24990	255	0	255	255	255	368.745	545.959	0	5.154	0.867	5.370	368.745	545.959	0	363	542	0	13	9	0
590	590	590	117	150450	255	0	255	255	255	554.325	561.717	0	16.244	7.076	16.603	554.327	561.717	0	529	546	0	49	32	0
164	164	164	45	41820	255	0	255	255	255	392.823	555.884	0	6.825	1.310	6.604	392.823	555.884	0	387	547	0	14	19	0
124	124	124	38	31620	255	0	255	255	255	642.960	554.903	0	5.962	1.760	6.297	642.960	554.903	0	638	547	0	11	17	0
179	179	179	50	45645	255	0	255	255	255	439.000	559.860	0	7.542	2.536	7.140	439.000	559.860	0	433	550	0	14	22	0
150	150	150	43	38250	255	0	255	255	255	355.027	558.667	0	6.595	1.646	6.921	355.027	558.667	0	347	553	0	17	12	0
56	56	56	23	14280	255	0	255	255	255	259.429	561.375	0	3.808	0.704	3.794	259.429	561.375	0	256	557	0	8	10	0
58	58	58	23	14790	255	0	255	255	255	171.534	566.017	0	3.842	0.315	3.914	171.534	566.017	0	168	562	0	8	9	0
80	80	80	33	20400	255	0	255	255	255	280.513	568.888	0	4.836	1.754	5.324	280.513	568.888	0	276	562	0	10	14	0
211	211	211	67	53805	255	0	255	255	255	371.393	572.825	0	7.596	3.089	7.822	371.394	572.825	0	364	563	0	17	23	0
534	534	534	116	136170	255	0	255	255	255	299.045	587.710	0	13.315	4.945	13.314	299.046	587.710	0	287	565	0	27	41	0
818	818	818	114	208590	255	0	255	255	255	636.402	580.121	0	16.721	4.543	16.330	636.403	580.120	0	619	565	0	44	35	0
89	89	89	32	22695	255	0	255	255	255	343.528	573.843	0	4.804	0.787	4.975	343.528	573.843	0	338	569	0	12	11	0
368	368	368	73	93840	255	0	255	255	255	407.435	577.793	0	10.798	3.708	10.449	407.436	577.793	0	391	570	0	33	17	0
1160	1160	1160	165	295800	255	0	255	255	255	589.197	594.977	0	19.406	6.014	19.257	589.198	594.978	0	568	570	0	44	53	0
2676	2676	2676	434	682380	255	0	255	255	255	1113.062	612.677	0	32.466	9.737	33.230	1113.063	612.678	0	1063	571	0	95	86	0
181	181	181	51	46155	255	0	255	255	255	509.646	583.773	0	7.287	2.620	7.683	509.647	583.773	0	500	577	0	21	15	0
72	72	72	25	18360	255	0	255	255	255	117.069	586.708	0	4.370	0.609	4.286	117.069	586.708	0	113	582	0	10	11	0
83	83	83	27	21165	255	0	255	255	255	159.639	586.976	0	4.850	1.039	5.159	159.639	586.976	0	154	582	0	12	11	0
156	156	156	41	39780	255	0	255	255	255	421.699	589.808	0	6.815	2.090	7.226	421.699	589.808	0	414	582	0	16	17	0
73	73	73	28	18615	255	0	255	255	255	251.192	588.986	0	4.422	1.032	4.606	251.192	588.986	0	247	583	0	9	12	0
65	65	65	24	16575	255	0	255	255	255	389.354	597.154	0	4.109	0.435	4.128	389.354	597.154	0	385	593	0	9	9	0
1697	1697	1697	202	432735	255	0	255	255	255	486.183	612.728	0	23.623	8.154	21.464	486.184	612.729	0	448	594	0	76	36	0
32	32	32	20	8160	255	0	255	255	255	276.594	599.250	0	2.819	0.915	2.923	276.594	599.250	0	275	595	0	4	9	0
248	248	248	77	63240	255	0	255	255	255	334.589	611.375	0	9.700	4.723	9.596	334.589	611.375	0	319	604	0	33	18	0
80	80	80	31	20400	255	0	255	255	255	1109.850	610.675	0	4.690	1.553	5.146	1109.850	610.675	0	1106	604	0	9	14	0
141	141	141	36	35955	255	0	255	255	255	392.426	611.489	0	6.302	0.635	6.509	392.426	611.489	0	386	605	0	14	14	0
6665	6665	6665	932	1699575	255	0	255	255	255	1012.506	655.669	0	46.972	20.482	47.592	1012.495	655.683	0	918	606	0	174	101	0
72	72	72	26	18360	255	0	255	255	255	599.069	616.625	0	4.323	0.314	4.336	599.069	616.625	0	595	612	0	9	10	0
54	54	54	22	13770	255	0	255	255	255	195.500	618.630	0	3.696	0.226	3.664	195.500	618.630	0	192	615	0	8	8	0
140	140	140	42	35700	255	0	255	255	255	229.786	622.943	0	6.442	2.257	7.069	229.786	622.943	0	223	615	0	15	17	0
43	43	43	19	10965	255	0	255	255	255	549.302	618.837	0	3.266	0.324	3.264	549.302	618.837	0	546	615	0	7	8	0
156	156	156	40	39780	255	0	255	255	255	205.782	628.724	0	6.860	1.675	7.369	205.782	628.724	0	199	620	0	15	17	0
30	30	30	16	7650	255	0	255	255	255	87.133	625.600	0	2.658	0.356	2.629	87.133	625.600	0	84	623	0	7	6	0
486	486	486	74	123930	255	0	255	255	255	567.860	634.541	0	12.170	1.797	11.516	567.862	634.542	0	556	623	0	26	26	0
69	69	69	27	17595	255	0	255	255	255	310.217	628.203	0	4.303	0.699	4.275	310.217	628.203	0	306	624	0	9	11	0
1082	1082	1082	161	275910	255	0	255	255	255	392.288	640.232	0	19.925	7.257	19.474	392.290	640.237	0	360	627	0	65	25	0
1621	1621	1621	169	413355	255	0	255	255	255	524.841	658.107	0	21.950	7.045	24.471	524.841	658.107	0	497	631	0	56	56	0
52	52	52	21	13260	255	0	255	255	255	250.212	637.231	0	3.624	0.307	3.667	250.212	637.231	0	247	633	0	8	9	0
329	329	329	96	83895	255	0	255	255	255	290.356	653.219	0	10.924	5.160	11.118	290.356	653.219	0	282	633	0	16	39	0
33	33	33	17	8415	255	0	255	255	255	310.242	639.818	0	2.862	0.562	2.829	310.242	639.818	0	307	637	0	8	6	0
108	108	108	33	27540	255	0	255	255	255	984.556	648.880	0	5.546	1.302	5.674	984.556	648.880	0	978	643	0	14	12	0
951	951	951	187	242505	255	0	255	255	255	426.966	673.576	0	17.727	6.622	17.308	426.968	673.578	0	408	646	0	35	54	0
67	67	67	25	17085	255	0	255	255	255	348.731	651.075	0	4.244	0.759	4.290	348.731	651.075	0	344	647	0	10	9	0
252	252	252	58	64260	255	0	255	255	255	164.095	662.091	0	8.541	1.807	8.764	164.095	662.091	0	156	652	0	18	22	0
290	290	290	54	73950	255	0	255	255	255	900.431	660.310	0	9.274	1.323	8.818	900.432	660.311	0	889	652	0	24	18	0
38	38	38	19	9690	255	0	255	255	255	472.921	656.447	0	3.069	0.739	3.195	472.921	656.447	0	470	653	0	7	9	0
96	96	96	29	24480	255	0	255	255	255	389.958	661.760	0	5.091	0.354	5.115	389.958	661.760	0	385	657	0	11	11	0
486	486	486	102	123930	255	0	255	255	255	463.226	673.247	0	11.967	3.917	12.275	463.227	673.247	0	449	657	0	32	32	0
109	109	109	32	27795	255	0	255	255	255	331.532	662.743	0	5.439	0.391	5.483	331.532	662.743	0	326	658	0	12	11	0
25	25	25	14	6375	255	0	255	255	255	407.800	660.440	0	2.404	0.354	2.415	407.800	660.440	0	406	658	0	5	6	0
64	64	64	24	16320	255	0	255	255	255	490.922	665.703	0	4.065	0.301	4.093	490.922	665.703	0	487	661	0	9	10	0
186	186	186	59	47430	255	0	255	255	255	311.263	673.806	0	7.440	2.438	7.106	311.263	673.807	0	304	663	0	17	21	0
763	763	763	139	194565	255	0	255	255	255	844.938	675.516	0	18.792	8.807	18.000	844.940	675.516	0	810	664	0	65	24	0
134	134	134	41	34170	255	0	255	255	255	138.224	671.328	0	6.183	2.093	6.446	138.224	671.328	0	129	667	0	19	10	0
66	66	66	24	16830	255	0	255	255	255	286.939	681.273	0	4.145	0.331	4.133	286.939	681.273	0	283	677	0	9	9	0
19	19	19	12	4845	255	0	255	255	255	394.789	679.053	0	2.046	0.373	2.070	394.789	679.053	0	393	677	0	5	5	0
164	164	164	41	41820	255	0	255	255	255	112.335	686.921	0	6.872	1.428	7.110	112.335	686.921	0	106	679	0	14	17	0
141	141	141	39	35955	255	0	255	255	255	874.532	685.270	0	6.425	1.468	6.909	874.533	685.269	0	867	679	0	16	14	0
143	143	143	41	36465	255	0	255	255	255	937.755	691.161	0	6.413	1.697	6.695	937.756	691.161	0	933	683	0	11	18	0
1291	1291	1291	186	329205	255	0	255	255	255	463.253	705.103	0	23.903	9.110	22.391	463.254	705.104	0	439	684	0	65	52	0
1111	1111	1111	145	283305	255	0	255	255	255	754.037	703.223	0	20.155	6.135	20.964	754.038	703.225	0	731	685	0	55	40	0
33	33	33	17	8415	255	0	255	255	255	801.212	688.636	0	2.789	0.414	2.752	801.212	688.636	0	798	686	0	7	6	0
82	82	82	28	20910	255	0	255	255	255	315.646	694.646	0	4.706	0.965	4.810	315.646	694.646	0	310	690	0	12	11	0
512	512	512	85	130560	255	0	255	255	255	818.238	706.484	0	12.304	2.346	12.623	818.240	706.484	0	808	691	0	24	30	0
106	106	106	35	27030	255	0	255	255	255	905.415	699.189	0	5.550	1.566	5.710	905.415	699.189	0	899	693	0	14	14	0
73	73	73	25	18615	255	0	255	255	255	396.233	698.110	0	4.373	0.281	4.326	396.233	698.110	0	392	694	0	10	9	0
73	73	73	25	18615	255	0	255	255	255	923.479	698.123	0	4.379	0.294	4.481	923.479	698.123	0	919	694	0	10	9	0
62	62	62	23	15810	255	0	255	255	255	278.371	700.258	0	3.994	0.352	4.025	278.371	700.258	0	275	696	0	8	10	0
499	499	499	81	127245	255	0	255	255	255	966.794	706.770	0	12.305	2.195	12.256	966.795	706.769	0	953	696	0	29	25	0
31	31	31	19	7905	255	0	255	255	255	293.516	702.226	0	2.783	1.074	2.693	293.516	702.226	0	292	698	0	4	9	0
2070	2070	2070	351	527850	255	0	255	255	255	890.867	723.000	0	33.000	15.250	31.193	890.869	723.001	0	834	698	0	116	51	0
22	22	22	13	5610	255	0	255	255	255	421.045	705.682	0	2.210	0.305	2.156	421.045	705.682	0	419	703	0	5	6	0
4909	4909	4909	620	1251795	255	0	255	255	255	667.024	737.783	0	45.731	20.270	46.186	667.021	737.762	0	589	704	0	165	84	0
45	45	45	19	11475	255	0	255	255	255	158.756	710.289	0	3.355	0.294	3.321	158.756	710.289	0	155	707	0	8	8	0
200	200	200	50	51000	255	0	255	255	255	793.570	717.890	0	7.713	2.212	7.953	793.571	717.890	0	786	708	0	15	22	0
134	134	134	41	34170	255	0	255	255	255	315.358	716.313	0	6.231	1.802	6.649	315.358	716.313	0	308	710	0	16	14	0
263	263	263	58	67065	255	0	255	255	255	238.274	722.943	0	8.894	2.042	8.685	238.274	722.943	0	227	714	0	23	18	0
37	37	37	17	9435	255	0	255	255	255	254.757	718.757	0	3.000	0.261	3.024	254.757	718.757	0	252	716	0	7	7	0
58	58	58	23	14790	255	0	255	255	255	275.328	720.448	0	3.830	0.374	3.714	275.328	720.448	0	272	717	0	8	9	0
644	644	644	97	164220	255	0	255	255	255	406.216	730.679	0	14.011	3.816	14.262	406.217	730.679	0	387	717	0	37	26	0
44	44	44	18	11220	255	0	255	255	255	147.841	721.455	0	3.340	0.307	3.303	147.841	721.455	0	144	718	0	8	8	0
377	377	377	71	96135	255	0	255	255	255	366.024	727.862	0	10.734	2.581	10.558	366.025	727.862	0	352	720	0	29	18	0
33	33	33	18	8415	255	0	255	255	255	292.818	724.606	0	2.769	0.368	2.720	292.818	724.606	0	290	722	0	6	7	0
1374	1374	1374	168	350370	255	0	255	255	255	779.769	755.711	0	21.375	5.727	21.760	779.771	755.711	0	761	722	0	45	59	0
41	41	41	19	10455	255	0	255	255	255	103.561	726.732	0	3.164	0.332	3.146	103.561	726.732	0	100	724	0	8	7	0
105	105	105	36	26775	255	0	255	255	255	83.038	730.781	0	5.426	1.792	5.784	83.038	730.781	0	76	725	0	15	12	0
155	155	155	49	39525	255	0	255	255	255	811.529	742.265	0	7.029	2.740	7.174	811.530	742.265	0	807	731	0	10	23	0
109	109	109	34	27795	255	0	255	255	255	195.963	740.541	0	5.483	1.195	5.719	195.963	740.541	0	191	734	0	11	14	0
91	91	91	29	23205	255	0	255	255	255	570.220	738.879	0	4.928	0.409	4.941	570.220	738.879	0	565	734	0	11	11	0
293	293	293	58	74715	255	0	255	255	255	841.782	748.259	0	9.313	1.614	9.283	841.783	748.259	0	832	738	0	19	22	0
189	189	189	44	48195	255	0	255	255	255	424.312	748.360	0	7.289	0.836	7.406	424.312	748.360	0	416	741	0	16	16	0
1128	1128	1128	135	287640	255	0	255	255	255	529.737	755.152	0	19.509	6.277	19.402	529.738	755.149	0	499	742	0	58	26	0
102	102	102	31	26010	255	0	255	255	255	859.892	748.725	0	5.270	0.470	5.276	859.893	748.726	0	855	743	0	11	12	0
56	56	56	23	14280	255	0	255	255	255	50.161	749.679	0	3.789	0.675	3.899	50.161	749.679	0	46	746	0	9	8	0
131	131	131	41	33405	255	0	255	255	255	405.458	751.328	0	6.234	2.071	6.593	405.458	751.328	0	397	746	0	18	12	0
260	260	260	56	66300	255	0	255	255	255	355.277	754.988	0	8.633	1.115	8.576	355.277	754.989	0	346	747	0	19	17	0
233	233	233	53	59415	255	0	255	255	255	323.575	757.700	0	8.141	0.984	8.329	323.575	757.700	0	315	750	0	18	17	0
253	253	253	60	64515	255	0	255	255	255	470.375	759.474	0	8.933	3.014	8.636	470.376	759.475	0	460	751	0	23	20	0
14	14	14	10	3570	255	0	255	255	255	310.571	753.714	0	1.711	0.428	1.682	310.571	753.714	0	309	752	0	4	5	0
55	55	55	22	14025	255	0	255	255	255	572.473	756.782	0	3.720	0.289	3.727	572.473	756.782	0	569	753	0	8	8	0
755	755	755	112	192525	255	0	255	255	255	706.869	774.310	0	14.403	5.363	16.309	706.870	774.311	0	692	754	0	34	40	0
661	661	661	102	168555	255	0	255	255	255	745.752	777.345	0	14.767	4.375	14.236	745.753	777.345	0	731	754	0	28	42	0
100	100	100	36	25500	255	0	255	255	255	199.980	759.960	0	5.352	1.951	5.831	199.980	759.960	0	193	755	0	16	11	0
47	47	47	23	11985	255	0	255	255	255	40.915	762.745	0	3.511	1.056	3.544	40.915	762.745	0	38	758	0	7	11	0
35	35	35	17	8925	255	0	255	255	255	813.229	762.771	0	2.900	0.446	2.877	813.229	762.771	0	810	760	0	8	6	0
77	77	77	27	19635	255	0	255	255	255	495.987	769.610	0	4.507	0.866	4.518	495.987	769.610	0	492	764	0	9	12	0
319	319	319	61	81345	255	0	255	255	255	376.912	773.934	0	9.734	1.598	9.874	376.913	773.934	0	367	765	0	22	19	0
270	270	270	56	68850	255	0	255	255	255	591.644	772.504	0	8.906	1.489	8.605	591.645	772.504	0	581	765	0	23	17	0
71	71	71	24	18105	255	0	255	255	255	355.310	770.479	0	4.326	0.332	4.414	355.310	770.479	0	351	766	0	9	10	0
18	18	18	11	4590	255	0	255	255	255	417.389	770.278	0	1.980	0.399	1.887	417.389	770.278	0	416	768	0	4	6	0
757	757	757	188	193035	255	0	255	255	255	309.770	789.930	0	18.441	8.964	17.427	309.771	789.930	0	274	770	0	64	34	0
539	539	539	141	137445	255	0	255	255	255	437.182	790.481	0	13.888	5.093	13.810	437.183	790.481	0	418	773	0	37	37	0
1538	1538	1538	252	392190	255	0	255	255	255	506.768	808.625	0	25.911	11.853	25.428	506.768	808.629	0	472	774	0	70	76	0
3718	3718	3718	506	948090	255	0	255	255	255	606.434	814.728	0	38.975	20.021	36.546	606.436	814.729	0	542	775	0	145	74	0
340	340	340	59	86700	255	0	255	255	255	405.129	792.741	0	10.211	1.781	10.138	405.130	792.742	0	394	782	0	25	22	0
283	283	283	57	72165	255	0	255	255	255	538.580	794.117	0	9.062	1.194	9.227	538.581	794.116	0	529	783	0	19	23	0
96	96	96	34	24480	255	0	255	255	255	129.271	795.698	0	5.185	1.739	5.375	129.271	795.698	0	124	789	0	12	15	0
180	180	180	44	45900	255	0	255	255	255	692.839	796.617	0	7.317	1.518	7.260	692.840	796.617	0	685	790	0	17	15	0
110	110	110	36	28050	255	0	255	255	255	238.845	796.018	0	5.552	1.700	5.658	238.845	796.018	0	231	792	0	16	9	0
19	19	19	13	4845	255	0	255	255	255	120.263	803.263	0	2.027	0.555	2.148	120.263	803.263	0	119	801	0	4	6	0
77	77	77	30	19635	255	0	255	255	255	269.208	804.727	0	4.575	1.344	4.620	269.208	804.727	0	263	801	0	13	8	0
12	12	12	9	3060	255	0	255	255	255	187.167	802.917	0	1.529	0.423	1.484	187.167	802.917	0	185	802	0	5	3	0
312	312	312	80	79560	255	0	255	255	255	377.449	814.010	0	9.571	3.861	10.345	377.449	814.009	0	367	802	0	21	27	0
52	52	52	21	13260	255	0	255	255	255	70.615	806.615	0	3.622	0.318	3.657	70.615	806.615	0	67	803	0	8	8	0
43	43	43	25	10965	255	0	255	255	255	250.767	806.442	0	3.562	1.639	3.793	250.767	806.442	0	245	803	0	12	7	0
58	58	58	22	14790	255	0	255	255	255	159.034	810.534	0	3.853	0.296	3.932	159.034	810.534	0	155	807	0	9	8	0
94	94	94	28	23970	255	0	255	255	255	668.032	811.617	0	5.047	0.366	5.045	668.032	811.617	0	663	807	0	11	11	0
1550	1550	1550	222	395250	255	0	255	255	255	471.959	835.241	0	22.788	10.187	24.087	471.960	835.235	0	435	810	0	67	51	0
123	123	123	40	31365	255	0	255	255	255	203.423	818.073	0	6.011	1.915	6.414	203.423	818.073	0	195	813	0	17	11	0
85	85	85	35	21675	255	0	255	255	255	150.341	821.918	0	4.764	1.574	4.929	150.341	821.917	0	145	815	0	12	13	0
95	95	95	31	24225	255	0	255	255	255	397.232	827.379	0	5.245	1.197	5.477	397.232	827.379	0	392	822	0	12	12	0
342	342	342	64	87210	255	0	255	255	255	93.547	837.965	0	9.973	1.502	10.106	93.547	837.964	0	81	829	0	25	21	0
66	66	66	26	16830	255	0	255	255	255	327.864	835.985	0	4.150	0.666	4.062	327.864	835.985	0	324	831	0	8	11	0
173	173	173	46	44115	255	0	255	255	255	302.110	845.468	0	6.987	1.417	7.405	302.110	845.468	0	296	837	0	16	18	0
164	164	164	65	41820	255	0	255	255	255	111.067	848.969	0	7.129	3.235	7.067	111.067	848.969	0	104	838	0	14	25	0
405	405	405	66	103275	255	0	255	255	255	410.728	849.059	0	10.887	0.834	10.947	410.729	849.060	0	398	838	0	25	23	0
94	94	94	34	23970	255	0	255	255	255	347.160	848.564	0	5.134	1.603	5.331	347.160	848.564	0	343	841	0	9	15	0
53	53	53	21	13515	255	0	255	255	255	43.170	846.585	0	3.762	0.673	3.853	43.170	846.585	0	39	843	0	9	8	0
195	195	195	47	49725	255	0	255	255	255	370.056	854.938	0	7.466	1.175	7.318	370.057	854.938	0	362	847	0	18	16	0
253	253	253	59	64515	255	0	255	255	255	556.229	855.842	0	9.191	3.014	8.951	556.230	855.842	0	544	849	0	26	15	0
55	55	55	22	14025	255	0	255	255	255	132.000	852.818	0	3.729	0.471	3.758	132.000	852.818	0	128	850	0	9	7	0
201	201	201	53	51255	255	0	255	255	255	341.343	861.806	0	8.378	2.737	7.669	341.343	861.806	0	333	850	0	19	21	0
33	33	33	16	8415	255	0	255	255	255	143.424	854.818	0	2.828	0.346	2.768	143.424	854.818	0	140	852	0	7	7	0
55	55	55	21	14025	255	0	255	255	255	233.545	855.527	0	3.764	0.383	3.765	233.545	855.527	0	230	852	0	8	9	0
425	425	425	79	108375	255	0	255	255	255	519.581	863.249	0	11.458	3.239	12.019	519.582	863.251	0	505	854	0	31	23	0
238	238	238	62	60690	255	0	255	255	255	294.605	865.521	0	8.049	2.339	8.673	294.605	865.521	0	284	857	0	22	19	0
200	200	200	49	51000	255	0	255	255	255	453.405	863.975	0	7.590	1.503	7.016	453.405	863.975	0	445	857	0	19	15	0
122	122	122	45	31110	255	0	255	255	255	380.664	868.295	0	6.192	2.290	5.915	380.664	868.295	0	370	864	0	20	10	0
97	97	97	35	24735	255	0	255	255	255	203.577	870.402	0	5.221	1.896	5.576	203.577	870.403	0	196	866	0	16	9	0
1759	1759	1759	326	448545	255	0	255	255	255	367.728	900.842	0	27.048	10.873	27.731	367.729	900.850	0	320	869	0	92	55	0
186	186	186	49	47430	255	0	255	255	255	415.000	875.495	0	7.266	1.366	7.158	415.000	875.495	0	406	869	0	20	15	0
109	109	109	37	27795	255	0	255	255	255	240.404	875.514	0	5.644	2.075	6.422	240.404	875.514	0	233	870	0	16	12	0
495	495	495	106	126225	255	0	255	255	255	442.059	887.030	0	13.405	6.576	13.602	442.060	887.030	0	420	874	0	44	27	0
10	10	10	9	2550	255	0	255	255	255	55.300	877.100	0	1.403	0.591	1.304	55.300	877.100	0	53	876	0	5	3	0
113	113	113	32	28815	255	0	255	255	255	498.080	882.327	0	5.555	0.449	5.500	498.080	882.328	0	493	876	0	11	13	0
13	13	13	10	3315	255	0	255	255	255	379.615	878.538	0	1.603	0.368	1.586	379.615	878.538	0	378	877	0	4	4	0
32	32	32	18	8160	255	0	255	255	255	49.250	881.844	0	2.804	0.648	2.815	49.250	881.844	0	46	879	0	7	6	0
31	31	31	16	7905	255	0	255	255	255	352.065	883.484	0	2.861	0.966	2.910	352.065	883.484	0	349	880	0	7	8	0
714	714	714	116	182070	255	0	255	255	255	476.535	899.919	0	14.284	3.971	14.973	476.536	899.919	0	460	881	0	35	36	0
86	86	86	33	21930	255	0	255	255	255	205.628	887.756	0	4.935	1.821	5.425	205.628	887.756	0	200	882	0	13	13	0
158	158	158	52	40290	255	0	255	255	255	150.316	892.203	0	7.062	2.634	7.486	150.316	892.203	0	142	886	0	21	14	0
130	130	130	38	33150	255	0	255	255	255	176.508	897.469	0	6.056	1.284	6.268	176.508	897.469	0	170	890	0	15	15	0
66	66	66	25	16830	255	0	255	255	255	216.591	894.788	0	4.184	0.832	4.489	216.591	894.788	0	212	890	0	10	10	0
140	140	140	42	35700	255	0	255	255	255	108.193	898.621	0	6.380	2.002	6.790	108.193	898.622	0	100	892	0	17	14	0
70	70	70	23	17850	255	0	255	255	255	261.329	896.457	0	4.334	0.336	4.369	261.329	896.457	0	257	892	0	10	10	0
59	59	59	24	15045	255	0	255	255	255	312.458	900.847	0	3.877	0.470	3.940	312.458	900.847	0	309	897	0	8	9	0
120	120	120	39	30600	255	0	255	255	255	243.375	906.142	0	5.795	1.882	5.924	243.375	906.142	0	236	901	0	16	11	0
64	64	64	27	16320	255	0	255	255	255	287.281	904.609	0	4.284	1.330	4.324	287.281	904.609	0	282	901	0	12	9	0
98	98	98	39	24990	255	0	255	255	255	436.969	911.265	0	5.398	2.359	5.461	436.969	911.265	0	429	907	0	17	10	0
159	159	159	41	40545	255	0	255	255	255	142.101	917.453	0	6.710	1.214	6.836	142.101	917.453	0	136	910	0	15	16	0
232	232	232	54	59160	255	0	255	255	255	461.233	924.944	0	8.290	1.812	7.688	461.233	924.944	0	451	916	0	21	18	0
344	344	344	73	87720	255	0	255	255	255	85.288	926.131	0	10.156	2.981	10.326	85.288	926.130	0	72	917	0	27	21	0
60	60	60	24	15300	255	0	255	255	255	62.317	922.150	0	3.920	0.480	3.910	62.317	922.150	0	58	918	0	10	9	0
3945	3945	3945	614	1005975	255	0	255	255	255	549.538	983.502	0	51.871	26.492	51.353	549.538	983.505	0	482	918	0	149	142	0
138	138	138	38	35190	255	0	255	255	255	310.072	925.000	0	6.180	0.920	6.324	310.072	925.000	0	304	919	0	14	13	0
281	281	281	59	71655	255	0	255	255	255	266.082	927.786	0	9.268	1.851	8.925	266.082	927.787	0	253	920	0	25	17	0
117	117	117	38	29835	255	0	255	255	255	440.444	923.735	0	5.740	1.693	5.945	440.444	923.735	0	433	920	0	16	9	0
230	230	230	53	58650	255	0	255	255	255	413.591	937.296	0	8.078	1.018	8.072	413.592	937.295	0	405	929	0	18	17	0
74	74	74	35	18870	255	0	255	255	255	151.581	937.662	0	4.752	2.227	4.895	151.581	937.662	0	144	934	0	16	8	0
196	196	196	44	49980	255	0	255	255	255	195.566	941.265	0	7.529	1.211	7.614	195.566	941.266	0	186	935	0	20	15	0
54	54	54	21	13770	255	0	255	255	255	111.481	939.426	0	3.730	0.475	3.733	111.481	939.426	0	107	936	0	10	8	0
62	62	62	29	15810	255	0	255	255	255	368.177	948.048	0	4.099	1.671	4.123	368.177	948.048	0	364	942	0	10	12	0
62	62	62	35	15810	255	0	255	255	255	123.742	949.452	0	4.138	1.488	4.459	123.742	949.452	0	120	943	0	8	13	0
276	276	276	64	70380	255	0	255	255	255	438.174	954.159	0	9.123	2.276	8.985	438.175	954.159	0	428	943	0	21	23	0
220	220	220	56	56100	255	0	255	255	255	349.577	955.886	0	8.201	2.432	8.322	349.577	955.886	0	343	946	0	14	23	0
66	66	66	25	16830	255	0	255	255	255	471.348	949.742	0	4.159	0.588	4.200	471.348	949.742	0	467	946	0	10	8	0
341	341	341	72	86955	255	0	255	255	255	307.267	960.150	0	9.909	2.361	10.341	307.268	960.150	0	298	948	0	20	25	0
424	424	424	96	108120	255	0	255	255	255	590.139	958.217	0	13.208	6.038	13.448	590.140	958.217	0	567	950	0	43	20	0
250	250	250	56	63750	255	0	255	255	255	171.756	957.192	0	8.741	2.326	8.580	171.756	957.192	0	160	951	0	25	15	0
199	199	199	53	50745	255	0	255	255	255	381.176	964.030	0	7.495	2.205	8.068	381.176	964.031	0	375	953	0	15	22	0
70	70	70	31	17850	255	0	255	255	255	95.971	961.829	0	4.387	1.802	4.876	95.971	961.829	0	89	959	0	14	7	0
224	224	224	50	57120	255	0	255	255	255	464.165	970.478	0	8.139	1.585	7.679	464.166	970.478	0	456	960	0	16	22	0
1135	1135	1135	164	289425	255	0	255	255	255	664.651	980.166	0	22.940	10.760	22.826	664.653	980.166	0	625	963	0	76	37	0
420	420	420	110	107100	255	0	255	255	255	247.957	977.683	0	15.162	7.875	14.767	247.958	977.684	0	217	968	0	50	19	0
107	107	107	36	27285	255	0	255	255	255	515.383	981.252	0	5.512	1.949	5.767	515.383	981.252	0	511	974	0	10	16	0
367	367	367	83	93585	255	0	255	255	255	451.373	991.526	0	10.546	3.292	10.600	451.374	991.526	0	440	975	0	23	30	0
21	21	21	13	5355	255	0	255	255	255	598.190	980.952	0	2.166	0.338	2.114	598.190	980.952	0	596	979	0	6	5	0
145	145	145	39	36975	255	0	255	255	255	312.910	984.731	0	6.351	1.145	6.608	312.910	984.731	0	305	980	0	16	12	0
128	128	128	37	32640	255	0	255	255	255	176.750	988.055	0	5.962	1.167	6.245	176.750	988.055	0	171	981	0	12	15	0
185	185	185	41	47175	255	0	255	255	255	528.805	990.324	0	7.293	0.879	7.574	528.806	990.325	0	521	982	0	16	17	0
107	107	107	35	27285	255	0	255	255	255	344.794	991.935	0	5.437	1.403	5.621	344.794	991.934	0	338	987	0	15	10	0
1366	1366	1366	188	348330	255	0	255	255	255	760.369	1003.424	0	23.527	8.794	23.539	760.370	1003.412	0	727	987	0	73	40	0
92	92	92	31	23460	255	0	255	255	255	209.620	994.598	0	5.197	1.403	5.613	209.620	994.598	0	204	989	0	12	12	0
159	159	159	39	40545	255	0	255	255	255	277.843	996.000	0	6.755	1.263	6.780	277.843	996.000	0	269	989	0	18	13	0
158	158	158	46	40290	255	0	255	255	255	130.241	995.703	0	7.015	2.041	6.253	130.241	995.702	0	120	990	0	21	12	0
80	80	80	32	20400	255	0	255	255	255	47.675	995.562	0	4.739	1.706	4.953	47.675	995.562	0	41	992	0	14	8	0
636	636	636	127	162180	255	0	255	255	255	652.542	1002.319	0	15.551	6.875	15.000	652.544	1002.319	0	623	992	0	52	22	0
149	149	149	41	37995	255	0	255	255	255	426.584	998.919	0	6.584	1.484	6.697	426.584	998.919	0	418	993	0	18	12	0
26	26	26	21	6630	255	0	255	255	255	489.115	996.308	0	2.874	1.383	2.901	489.115	996.308	0	484	995	0	10	5	0
166	166	166	58	42330	255	0	255	255	255	242.825	1001.235	0	8.217	3.824	7.866	242.825	1001.235	0	229	996	0	29	13	0
84	84	84	34	21420	255	0	255	255	255	218.095	1003.607	0	4.985	2.175	5.207	218.095	1003.607	0	210	1000	0	17	9	0
116	116	116	36	29580	255	0	255	255	255	342.845	1009.517	0	5.784	1.593	6.088	342.845	1009.517	0	335	1004	0	16	12	0
734	734	734	138	187170	255	0	255	255	255	524.071	1017.728	0	16.493	6.497	16.261	524.072	1017.728	0	493	1004	0	53	29	0
412	412	412	84	105060	255	0	255	255	255	478.024	1018.197	0	11.504	3.211	11.063	478.025	1018.196	0	462	1005	0	29	28	0
498	498	498	76	126990	255	0	255	255	255	820.050	1017.084	0	12.219	1.125	12.039	820.052	1017.084	0	806	1005	0	29	25	0
63	63	63	24	16065	255	0	255	255	255	719.667	1009.968	0	4.036	0.418	4.031	719.667	1009.968	0	715	1006	0	10	9	0
439	439	439	84	111945	255	0	255	255	255	691.642	1023.952	0	12.537	4.116	12.861	691.643	1023.952	0	677	1010	0	31	32	0
61	61	61	23	15555	255	0	255	255	255	369.180	1016.377	0	3.951	0.307	3.971	369.180	1016.377	0	365	1013	0	9	8	0
37	37	37	17	9435	255	0	255	255	255	76.622	1017.324	0	3.007	0.467	2.937	76.622	1017.324	0	73	1015	0	8	6	0
96	96	96	32	24480	255	0	255	255	255	173.750	1018.688	0	5.230	1.247	5.324	173.750	1018.688	0	168	1015	0	14	10	0
109	109	109	38	27795	255	0	255	255	255	199.349	1019.927	0	5.593	1.877	5.989	199.349	1019.927	0	192	1016	0	16	9	0
372	372	372	79	94860	255	0	255	255	255	323.675	1023.417	0	11.490	4.502	11.088	323.676	1023.418	0	305	1016	0	37	16	0
321	321	321	88	81855	255	0	255	255	255	558.670	1028.770	0	10.398	4.193	10.502	558.671	1028.768	0	543	1018	0	32	22	0
132	132	132	45	33660	255	0	255	255	255	447.583	1023.644	0	6.644	2.102	5.907	447.583	1023.644	0	438	1019	0	21	11	0
421	421	421	99	107355	255	0	255	255	255	404.021	1030.591	0	12.651	5.514	13.200	404.022	1030.590	0	385	1020	0	40	20	0
381	381	381	75	97155	255	0	255	255	255	731.360	1033.323	0	10.773	2.618	10.707	731.361	1033.323	0	718	1021	0	25	25	0
253	253	253	57	64515	255	0	255	255	255	874.901	1028.751	0	8.843	2.185	8.543	874.902	1028.750	0	861	1021	0	25	16	0
186	186	186	47	47430	255	0	255	255	255	250.339	1029.323	0	7.358	1.720	7.179	250.339	1029.323	0	241	1024	0	20	12	0
140	140	140	37	35700	255	0	255	255	255	363.100	1029.236	0	6.257	0.959	6.157	363.100	1029.236	0	356	1024	0	16	11	0
155	155	155	46	39525	255	0	255	255	255	97.594	1031.039	0	6.723	2.363	6.568	97.594	1031.039	0	88	1025	0	20	12	0
49	49	49	22	12495	255	0	255	255	255	78.388	1029.857	0	3.535	0.862	3.704	78.388	1029.857	0	75	1026	0	8	9	0
149	149	149	47	37995	255	0	255	255	255	291.215	1030.564	0	6.867	2.312	6.723	291.215	1030.564	0	280	1026	0	22	10	0
43	43	43	19	10965	255	0	255	255	255	127.558	1029.860	0	3.260	0.414	3.247	127.558	1029.860	0	124	1027	0	8	7	0
197	197	197	55	50235	255	0	255	255	255	214.670	1035.944	0	7.886	2.535	7.613	214.670	1035.944	0	202	1029	0	23	14	0
76	76	76	28	19380	255	0	255	255	255	50.895	1034.763	0	4.778	1.381	5.105	50.895	1034.763	0	46	1030	0	11	11	0
503	503	503	98	128265	255	0	255	255	255	451.078	1039.994	0	13.749	5.671	13.404	451.079	1039.995	0	428	1030	0	46	20	0
191	191	191	45	48705	255	0	255	255	255	500.162	1037.791	0	7.990	2.454	8.143	500.163	1037.791	0	490	1030	0	22	17	0
288	288	288	69	73440	255	0	255	255	255	778.156	1039.812	0	9.725	3.408	10.253	778.157	1039.812	0	764	1032	0	28	15	0
119	119	119	39	30345	255	0	255	255	255	827.521	1038.370	0	6.054	1.833	5.932	827.522	1038.370	0	819	1033	0	18	12	0
118	118	118	38	30090	255	0	255	255	255	184.449	1041.788	0	5.825	1.819	5.948	184.449	1041.788	0	177	1038	0	17	9	0
23	23	23	13	5865	255	0	255	255	255	481.043	1043.391	0	2.295	0.334	2.392	481.043	1043.391	0	479	1041	0	5	6	0
90	90	90	33	22950	255	0	255	255	255	58.778	1048.256	0	5.206	1.812	5.338	58.778	1048.255	0	52	1044	0	15	10	0
141	141	141	44	35955	255	0	255	255	255	536.929	1052.553	0	6.512	2.047	6.570	536.929	1052.554	0	528	1046	0	20	13	0
23	23	23	15	5865	255	0	255	255	255	130.783	1048.696	0	2.233	0.501	2.238	130.783	1048.696	0	128	1047	0	6	5	0
30	30	30	16	7650	255	0	255	255	255	76.767	1052.467	0	2.658	0.299	2.659	76.767	1052.467	0	74	1050	0	6	6	0
