Volume (pixel^3)	Surface (pixel^2)	Nb of obj. voxels	Nb of surf. voxels	IntDen	Mean	StdDev	Median	Min	Max	X	Y	Z	Mean dist. to surf. (pixel)	SD dist. to surf. (pixel)	Median dist. to surf. (pixel)	XM	YM	ZM	BX	BY	BZ	B-width	B-height	B-depth
587	587	587	426	149685	255	0	255	255	255	8.083	99.782	0	53.426	31.006	53.222	8.083	99.782	0	7	0	0	3	212	0
29	29	29	15	7395	255	0	255	255	255	1398.414	4.586	0	2.736	0.701	2.619	1398.414	4.586	0	1396	1	0	7	7	0
1869	1869	1869	1189	476595	255	0	255	255	255	1394.233	368.363	0	153.178	90.793	152.746	1394.215	368.364	0	1352	9	0	54	639	0
37	37	37	19	9435	255	0	255	255	255	28.622	61.811	0	3.013	0.862	3.212	28.622	61.811	0	25	59	0	9	7	0
77	77	77	27	19635	255	0	255	255	255	41.299	65.273	0	4.502	0.529	4.466	41.299	65.273	0	36	61	0	11	10	0
105	105	105	32	26775	255	0	255	255	255	230.114	163.048	0	5.383	0.971	5.603	230.114	163.048	0	224	158	0	13	11	0
10	10	10	9	2550	255	0	255	255	255	290.200	196.100	0	1.306	0.370	1.204	290.200	196.100	0	289	195	0	4	3	0
30	30	30	16	7650	255	0	255	255	255	187.500	201.600	0	2.637	0.250	2.609	187.500	201.600	0	185	199	0	6	6	0
62	62	62	26	15810	255	0	255	255	255	591.500	229.597	0	4.172	1.360	4.302	591.500	229.597	0	586	226	0	12	8	0
16	16	16	10	4080	255	0	255	255	255	377.500	235.500	0	1.883	0.415	1.581	377.500	235.500	0	375	234	0	6	4	0
15	15	15	12	3825	255	0	255	255	255	293.000	238.000	0	1.717	0.489	1.707	293.000	238.000	0	292	236	0	3	5	0
44	44	44	44	11220	255	0	255	255	255	6.000	261.500	0	11.000	6.418	11.000	6.000	261.500	0	6	240	0	1	44	0
10	10	10	8	2550	255	0	255	255	255	324.200	242.000	0	1.341	0.278	1.281	324.200	242.000	0	323	241	0	4	3	0
10	10	10	8	2550	255	0	255	255	255	639.500	241.800	0	1.364	0.301	1.407	639.500	241.800	0	638	241	0	4	3	0
21	21	21	13	5355	255	0	255	255	255	660.143	249.667	0	2.147	0.315	2.169	660.143	249.667	0	658	248	0	5	5	0
135	135	135	53	34425	255	0	255	255	255	400.200	264.067	0	6.425	3.094	6.581	400.200	264.067	0	388	259	0	22	11	0
15	15	15	12	3825	255	0	255	255	255	380.400	261.067	0	1.815	0.642	1.721	380.400	261.067	0	378	260	0	6	3	0
147	147	147	42	37485	255	0	255	255	255	624.313	268.871	0	6.672	1.595	6.137	624.313	268.871	0	615	263	0	20	13	0
79	79	79	33	20145	255	0	255	255	255	596.165	270.949	0	4.691	1.655	4.944	596.165	270.949	0	593	265	0	7	14	0
20	20	20	13	5100	255	0	255	255	255	670.650	273.900	0	2.108	0.596	2.008	670.650	273.900	0	668	271	0	5	7	0
17	17	17	13	4335	255	0	255	255	255	394.765	273.588	0	1.956	0.589	1.860	394.765	273.588	0	392	272	0	6	4	0
26	26	26	15	6630	255	0	255	255	255	411.577	278.038	0	2.562	0.931	2.607	411.577	278.038	0	409	275	0	7	7	0
23	23	23	17	5865	255	0	255	255	255	400.261	278.174	0	2.406	0.921	2.407	400.261	278.174	0	397	277	0	8	4	0
281	281	281	76	71655	255	0	255	255	255	497.516	291.313	0	9.040	2.223	9.646	497.517	291.313	0	486	280	0	24	22	0
43	43	43	19	10965	255	0	255	255	255	862.233	285.140	0	3.273	0.508	3.236	862.233	285.140	0	858	282	0	9	7	0
36	36	36	19	9180	255	0	255	255	255	349.500	284.917	0	2.930	0.642	3.150	349.500	284.917	0	346	283	0	8	5	0
96	96	96	34	24480	255	0	255	255	255	898.375	292.021	0	5.231	1.343	5.398	898.375	292.021	0	891	288	0	15	9	0
118	118	118	41	30090	255	0	255	255	255	856.331	296.237	0	6.133	2.019	5.605	856.331	296.237	0	846	291	0	19	11	0
121	121	121	34	30855	255	0	255	255	255	129.859	300.901	0	5.792	0.734	5.881	129.859	300.901	0	124	295	0	14	12	0
63	63	63	33	16065	255	0	255	255	255	542.603	298.746	0	4.339	1.692	4.704	542.603	298.746	0	536	295	0	14	9	0
90	90	90	33	22950	255	0	255	255	255	480.856	302.033	0	4.967	1.485	5.410	480.856	302.033	0	476	296	0	11	13	0
22	22	22	13	5610	255	0	255	255	255	912.091	298.091	0	2.201	0.208	2.199	912.091	298.091	0	910	296	0	5	5	0
45	45	45	23	11475	255	0	255	255	255	570.756	300.689	0	3.458	0.902	3.232	570.756	300.689	0	566	298	0	10	6	0
135	135	135	59	34425	255	0	255	255	255	954.452	303.793	0	7.764	3.777	7.549	954.453	303.793	0	941	299	0	28	11	0
48	48	48	48	12240	255	0	255	255	255	6.000	325.500	0	12.000	6.995	12.000	6.000	325.500	0	6	302	0	1	48	0
26	26	26	16	6630	255	0	255	255	255	887.000	305.500	0	2.572	0.822	2.377	887.000	305.500	0	884	303	0	7	6	0
123	123	123	42	31365	255	0	255	255	255	389.911	310.967	0	5.876	1.363	5.694	389.911	310.967	0	383	305	0	14	14	0
21	21	21	13	5355	255	0	255	255	255	604.619	307.762	0	2.148	0.515	2.393	604.619	307.762	0	602	306	0	6	5	0
225	225	225	71	57375	255	0	255	255	255	590.182	314.360	0	9.822	4.593	9.837	590.183	314.360	0	572	309	0	32	13	0
60	60	60	29	15300	255	0	255	255	255	522.550	318.867	0	4.055	1.520	4.130	522.550	318.867	0	518	313	0	10	12	0
468	468	468	109	119340	255	0	255	255	255	642.752	322.667	0	14.170	6.273	13.514	642.753	322.667	0	620	313	0	49	18	0
21	21	21	14	5355	255	0	255	255	255	896.905	315.714	0	2.219	0.914	2.201	896.905	315.714	0	894	313	0	7	6	0
24	24	24	13	6120	255	0	255	255	255	924.208	315.583	0	2.352	0.354	2.391	924.208	315.583	0	922	313	0	6	6	0
37	37	37	20	9435	255	0	255	255	255	1002.676	314.919	0	3.099	0.908	3.067	1002.676	314.919	0	998	313	0	10	5	0
17	17	17	16	4335	255	0	255	255	255	484.059	317.118	0	2.697	1.307	3.066	484.059	317.118	0	480	316	0	9	4	0
52	52	52	36	13260	255	0	255	255	255	406.038	323.981	0	4.674	2.250	4.193	406.038	323.981	0	399	320	0	16	10	0
21	21	21	15	5355	255	0	255	255	255	491.667	322.190	0	2.203	0.752	2.248	491.667	322.190	0	488	320	0	7	5	0
61	61	61	24	15555	255	0	255	255	255	72.016	327.377	0	3.963	0.448	3.999	72.016	327.377	0	68	323	0	9	9	0
75	75	75	32	19125	255	0	255	255	255	564.467	329.013	0	4.586	1.678	4.772	564.467	329.013	0	558	326	0	14	7	0
40	40	40	18	10200	255	0	255	255	255	1062.900	329.025	0	3.160	0.548	3.128	1062.900	329.025	0	1059	326	0	9	7	0
412	412	412	94	105060	255	0	255	255	255	689.265	335.345	0	10.613	4.559	10.011	689.266	335.345	0	672	327	0	37	18	0
15	15	15	13	3825	255	0	255	255	255	526.733	332.200	0	2.027	0.763	2.201	526.733	332.200	0	524	330	0	6	5	0
51	51	51	26	13005	255	0	255	255	255	972.824	332.490	0	3.906	1.290	3.609	972.824	332.490	0	966	330	0	13	7	0
27	27	27	15	6885	255	0	255	255	255	308.148	334.000	0	2.542	0.568	2.370	308.148	334.000	0	305	332	0	7	5	0
72	72	72	30	18360	255	0	255	255	255	345.361	338.986	0	4.443	1.166	4.261	345.361	338.986	0	339	334	0	14	9	0
14	14	14	10	3570	255	0	255	255	255	582.500	335.500	0	1.689	0.228	1.581	582.500	335.500	0	581	334	0	4	4	0
10	10	10	8	2550	255	0	255	255	255	661.800	336.000	0	1.341	0.278	1.281	661.800	336.000	0	660	335	0	4	3	0
27	27	27	14	6885	255	0	255	255	255	516.000	338.000	0	2.528	0.438	2.236	516.000	338.000	0	513	336	0	7	5	0
78	78	78	30	19890	255	0	255	255	255	1086.321	341.090	0	4.550	1.030	4.619	1086.321	341.090	0	1081	336	0	10	12	0
14	14	14	10	3570	255	0	255	255	255	509.500	340.714	0	1.666	0.217	1.661	509.500	340.714	0	508	339	0	4	4	0
75	75	75	40	19125	255	0	255	255	255	734.920	343.480	0	5.144	2.115	5.144	734.920	343.480	0	728	339	0	17	9	0
154	154	154	44	39270	255	0	255	255	255	381.643	346.123	0	6.718	2.262	7.182	381.643	346.123	0	373	340	0	20	12	0
37	37	37	19	9435	255	0	255	255	255	448.811	342.486	0	3.043	0.539	2.857	448.811	342.486	0	445	340	0	8	6	0
21	21	21	13	5355	255	0	255	255	255	1114.810	343.286	0	2.175	0.514	2.220	1114.810	343.286	0	1113	341	0	5	6	0
1408	1408	1408	329	359040	255	0	255	255	255	603.636	359.057	0	27.515	13.596	26.355	603.638	359.057	0	553	342	0	100	33	0
153	153	153	43	39015	255	0	255	255	255	472.007	347.810	0	6.683	1.791	6.620	472.007	347.810	0	462	343	0	19	12	0
350	350	350	75	89250	255	0	255	255	255	1143.437	353.586	0	10.157	2.353	9.891	1143.438	353.586	0	1129	343	0	29	21	0
167	167	167	50	42585	255	0	255	255	255	498.515	350.689	0	7.466	2.638	7.377	498.515	350.689	0	488	345	0	21	14	0
179	179	179	53	45645	255	0	255	255	255	680.542	354.989	0	7.436	2.777	6.958	680.543	354.989	0	671	346	0	21	16	0
139	139	139	64	35445	255	0	255	255	255	747.338	352.640	0	7.915	3.647	8.233	747.339	352.640	0	734	346	0	27	12	0
311	311	311	72	79305	255	0	255	255	255	785.711	354.228	0	10.168	3.550	10.233	785.712	354.228	0	771	348	0	32	14	0
83	83	83	32	21165	255	0	255	255	255	73.012	355.747	0	4.707	1.317	5.082	73.012	355.747	0	66	351	0	14	10	0
14	14	14	10	3570	255	0	255	255	255	484.500	353.000	0	1.796	0.497	1.803	484.500	353.000	0	483	351	0	4	5	0
167	167	167	61	42585	255	0	255	255	255	535.204	356.934	0	8.253	3.744	8.460	535.204	356.934	0	521	351	0	27	12	0
211	211	211	67	53805	255	0	255	255	255	415.730	358.545	0	8.925	4.192	9.389	415.730	358.545	0	403	352	0	30	13	0
31	31	31	16	7905	255	0	255	255	255	712.419	354.710	0	2.719	0.444	2.718	712.419	354.710	0	709	352	0	7	6	0
19	19	19	13	4845	255	0	255	255	255	630.263	355.684	0	2.061	0.601	2.105	630.263	355.684	0	628	354	0	6	4	0
162	162	162	53	41310	255	0	255	255	255	827.926	359.556	0	7.507	3.270	7.522	827.927	359.556	0	816	354	0	25	12	0
209	209	209	64	53295	255	0	255	255	255	1022.263	362.325	0	7.346	2.079	7.725	1022.264	362.326	0	1012	354	0	19	18	0
33	33	33	17	8415	255	0	255	255	255	1118.727	359.091	0	2.777	0.485	2.922	1118.727	359.091	0	1116	356	0	6	7	0
50	50	50	26	12750	255	0	255	255	255	1197.760	363.260	0	3.899	1.759	4.038	1197.760	363.260	0	1192	360	0	13	8	0
38	38	38	18	9690	255	0	255	255	255	766.763	363.237	0	3.035	0.539	2.947	766.763	363.237	0	763	361	0	9	6	0
607	607	607	142	154785	255	0	255	255	255	688.100	373.970	0	15.194	6.845	15.953	688.101	373.970	0	666	362	0	52	23	0
34	34	34	23	8670	255	0	255	255	255	813.382	364.324	0	2.798	0.924	2.831	813.382	364.324	0	809	362	0	9	6	0
174	174	174	62	44370	255	0	255	255	255	1088.621	369.787	0	6.973	2.639	6.405	1088.622	369.787	0	1078	362	0	22	15	0
212	212	212	77	54060	255	0	255	255	255	268.307	371.868	0	7.524	2.985	7.611	268.307	371.868	0	257	363	0	22	20	0
55	55	55	23	14025	255	0	255	255	255	441.345	365.691	0	3.780	0.787	3.592	441.345	365.691	0	436	363	0	11	7	0
13	13	13	9	3315	255	0	255	255	255	843.231	364.769	0	1.620	0.430	1.741	843.231	364.769	0	842	363	0	4	5	0
15	15	15	11	3825	255	0	255	255	255	1171.667	364.733	0	1.770	0.627	1.821	1171.667	364.733	0	1169	363	0	6	4	0
358	358	358	104	91290	255	0	255	255	255	762.698	379.679	0	11.976	5.903	12.513	762.699	379.679	0	747	365	0	36	30	0
165	165	165	39	42075	255	0	255	255	255	1056.430	372.255	0	6.868	0.814	6.798	1056.431	372.255	0	1050	365	0	15	16	0
36	36	36	19	9180	255	0	255	255	255	357.778	369.500	0	2.937	0.441	2.822	357.778	369.500	0	355	367	0	7	6	0
39	39	39	18	9945	255	0	255	255	255	831.949	371.359	0	3.069	0.312	3.095	831.949	371.359	0	829	368	0	7	7	0
146	146	146	47	37230	255	0	255	255	255	727.260	378.014	0	6.729	2.242	6.988	727.261	378.014	0	719	370	0	17	18	0
399	399	399	106	101745	255	0	255	255	255	863.456	385.995	0	11.979	6.090	12.544	863.457	385.995	0	850	370	0	25	38	0
178	178	178	46	45390	255	0	255	255	255	1201.191	379.017	0	7.187	1.272	7.257	1201.192	379.017	0	1195	370	0	16	18	0
90	90	90	49	22950	255	0	255	255	255	396.833	377.911	0	4.908	1.954	5.197	396.833	377.911	0	391	371	0	13	14	0
36	36	36	21	9180	255	0	255	255	255	1252.972	373.556	0	3.084	1.207	3.262	1252.972	373.556	0	1248	371	0	10	6	0
955	955	955	186	243525	255	0	255	255	255	898.862	391.169	0	15.624	6.730	17.204	898.862	391.170	0	879	372	0	43	40	0
86	86	86	31	21930	255	0	255	255	255	448.372	376.209	0	4.857	1.400	4.899	448.372	376.209	0	442	373	0	14	8	0
53	53	53	22	13515	255	0	255	255	255	656.170	376.679	0	3.685	0.559	3.808	656.170	376.679	0	652	373	0	9	8	0
447	447	447	101	113985	255	0	255	255	255	798.362	385.993	0	11.677	4.303	11.809	798.364	385.994	0	781	373	0	35	26	0
132	132	132	38	33660	255	0	255	255	255	1267.651	379.000	0	6.090	1.646	6.134	1267.652	379.000	0	1259	375	0	18	10	0
15	15	15	10	3825	255	0	255	255	255	232.933	379.267	0	1.802	0.366	1.843	232.933	379.267	0	231	378	0	5	4	0
386	386	386	114	98430	255	0	255	255	255	989.430	392.873	0	10.870	3.779	11.489	989.431	392.873	0	973	379	0	32	26	0
19	19	19	12	4845	255	0	255	255	255	460.737	384.053	0	2.121	0.591	2.076	460.737	384.053	0	458	382	0	6	5	0
405	405	405	78	103275	255	0	255	255	255	832.854	391.170	0	11.564	3.379	11.363	832.856	391.170	0	819	382	0	34	19	0
36	36	36	21	9180	255	0	255	255	255	1102.444	385.667	0	3.140	1.026	3.051	1102.444	385.667	0	1097	384	0	10	5	0
67	67	67	35	17085	255	0	255	255	255	1221.149	388.716	0	4.319	1.358	4.211	1221.150	388.716	0	1214	384	0	15	9	0
58	58	58	27	14790	255	0	255	255	255	1298.224	387.224	0	4.027	1.537	3.969	1298.224	387.224	0	1292	384	0	13	7	0
12	12	12	9	3060	255	0	255	255	255	226.583	386.750	0	1.521	0.319	1.603	226.583	386.750	0	225	385	0	4	4	0
62	62	62	23	15810	255	0	255	255	255	486.935	390.371	0	4.033	0.524	4.113	486.935	390.371	0	483	386	0	9	9	0
97	97	97	43	24735	255	0	255	255	255	750.588	389.804	0	5.750	2.734	5.714	750.588	389.804	0	741	386	0	20	8	0
37	37	37	24	9435	255	0	255	255	255	1116.811	391.811	0	3.046	1.212	3.193	1116.811	391.811	0	1114	387	0	7	10	0
61	61	61	23	15555	255	0	255	255	255	497.590	392.770	0	3.963	0.347	4.003	497.590	392.770	0	493	389	0	9	9	0
10	10	10	9	2550	255	0	255	255	255	231.100	392.700	0	1.403	0.591	1.304	231.100	392.700	0	230	391	0	3	5	0
35	35	35	19	8925	255	0	255	255	255	287.971	393.857	0	3.015	0.953	2.912	287.971	393.857	0	284	392	0	10	5	0
87	87	87	38	22185	255	0	255	255	255	441.954	397.034	0	4.366	1.579	4.713	441.954	397.034	0	436	393	0	13	11	0
70	70	70	28	17850	255	0	255	255	255	312.557	399.071	0	4.479	1.369	4.638	312.557	399.071	0	307	394	0	12	10	0
88	88	88	46	22440	255	0	255	255	255	1226.500	400.136	0	4.804	1.994	4.861	1226.500	400.136	0	1221	395	0	14	13	0
39	39	39	28	9945	255	0	255	255	255	1168.821	402.179	0	3.435	1.391	3.478	1168.821	402.179	0	1164	396	0	9	11	0
11	11	11	9	2805	255	0	255	255	255	382.909	400.636	0	1.418	0.316	1.367	382.909	400.636	0	382	399	0	3	4	0
320	320	320	87	81600	255	0	255	255	255	1018.612	408.541	0	10.939	5.887	11.395	1018.614	408.541	0	1001	399	0	38	19	0
148	148	148	42	37740	255	0	255	255	255	1267.446	407.872	0	6.478	1.043	6.476	1267.447	407.872	0	1260	400	0	16	16	0
30	30	30	17	7650	255	0	255	255	255	294.667	404.567	0	2.659	0.469	2.652	294.667	404.567	0	292	402	0	6	6	0
51	51	51	26	13005	255	0	255	255	255	327.686	406.804	0	4.178	1.944	4.384	327.686	406.804	0	323	402	0	11	11	0
56	56	56	36	14280	255	0	255	255	255	1069.982	407.500	0	4.683	2.270	4.962	1069.982	407.500	0	1065	402	0	13	13	0
92	92	92	45	23460	255	0	255	255	255	411.076	408.978	0	5.228	1.613	5.074	411.076	408.978	0	405	403	0	15	12	0
205	205	205	60	52275	255	0	255	255	255	514.649	410.590	0	8.349	3.425	8.282	514.649	410.590	0	501	405	0	27	13	0
22	22	22	15	5610	255	0	255	255	255	238.682	409.955	0	2.312	0.779	2.507	238.682	409.955	0	236	408	0	7	5	0
29	29	29	18	7395	255	0	255	255	255	1317.069	411.138	0	2.503	0.679	2.733	1317.069	411.138	0	1315	408	0	6	7	0
113	113	113	43	28815	255	0	255	255	255	251.434	414.186	0	5.342	1.286	5.394	251.434	414.186	0	245	409	0	15	12	0
13	13	13	11	3315	255	0	255	255	255	231.308	411.308	0	1.677	0.619	1.480	231.308	411.308	0	229	410	0	6	3	0
228	228	228	72	58140	255	0	255	255	255	375.798	426.908	0	9.242	4.135	9.193	375.799	426.908	0	363	414	0	28	24	0
75	75	75	34	19125	255	0	255	255	255	1178.573	419.627	0	4.596	2.245	4.950	1178.574	419.627	0	1171	416	0	16	8	0
27	27	27	18	6885	255	0	255	255	255	1240.148	420.000	0	2.532	0.857	2.548	1240.148	420.000	0	1237	416	0	6	8	0
11	11	11	11	2805	255	0	255	255	255	390.818	422.727	0	1.600	0.753	1.737	390.818	422.727	0	390	420	0	3	6	0
39	39	39	20	9945	255	0	255	255	255	1212.436	422.359	0	3.117	0.836	3.025	1212.436	422.359	0	1208	420	0	9	6	0
25	25	25	14	6375	255	0	255	255	255	476.800	425.240	0	2.382	0.322	2.353	476.800	425.240	0	475	423	0	5	6	0
226	226	226	69	57630	255	0	255	255	255	1157.004	436.633	0	9.120	3.789	9.745	1157.005	436.633	0	1147	423	0	23	24	0
389	389	389	95	99195	255	0	255	255	255	547.087	436.941	0	10.949	5.297	11.417	547.089	436.941	0	528	425	0	36	24	0
557	557	557	162	142035	255	0	255	255	255	1307.519	453.605	0	14.720	5.257	15.389	1307.520	453.605	0	1287	429	0	36	42	0
134	134	134	41	34170	255	0	255	255	255	501.403	439.440	0	6.192	1.888	6.591	501.403	439.440	0	495	431	0	13	17	0
20	20	20	12	5100	255	0	255	255	255	1106.100	433.050	0	2.090	0.221	2.136	1106.100	433.050	0	1104	431	0	5	5	0
210	210	210	52	53550	255	0	255	255	255	1183.357	437.790	0	7.950	2.081	8.334	1183.358	437.791	0	1172	431	0	22	13	0
10	10	10	9	2550	255	0	255	255	255	519.500	433.400	0	1.339	0.518	1.487	519.500	433.400	0	518	432	0	4	4	0
28	28	28	16	7140	255	0	255	255	255	129.321	438.893	0	2.546	0.646	2.612	129.321	438.893	0	127	436	0	5	7	0
97	97	97	37	24735	255	0	255	255	255	212.536	440.928	0	5.298	1.133	5.162	212.536	440.928	0	205	436	0	15	12	0
102	102	102	39	26010	255	0	255	255	255	481.559	443.353	0	5.324	1.943	5.575	481.559	443.353	0	477	436	0	10	16	0
404	404	404	86	103020	255	0	255	255	255	1249.205	450.384	0	11.152	3.207	10.743	1249.207	450.384	0	1231	438	0	33	24	0
129	129	129	42	32895	255	0	255	255	255	396.946	443.961	0	6.293	2.168	6.312	396.946	443.961	0	389	439	0	19	11	0
129	129	129	41	32895	255	0	255	255	255	1212.155	444.643	0	6.464	2.239	6.594	1212.156	444.643	0	1203	439	0	19	12	0
221	221	221	58	56355	255	0	255	255	255	1369.756	448.941	0	7.832	1.479	8.037	1369.756	448.941	0	1361	439	0	17	19	0
58	58	58	28	14790	255	0	255	255	255	277.052	444.638	0	3.910	1.397	4.536	277.052	444.638	0	272	442	0	11	8	0
132	132	132	38	33660	255	0	255	255	255	417.114	450.856	0	6.153	1.630	6.268	417.114	450.856	0	409	446	0	17	11	0
83	83	83	30	21165	255	0	255	255	255	513.217	450.892	0	4.700	0.820	4.958	513.217	450.892	0	509	446	0	10	11	0
126	126	126	36	32130	255	0	255	255	255	573.635	454.310	0	5.968	1.100	6.366	573.635	454.310	0	566	448	0	16	14	0
135	135	135	42	34425	255	0	255	255	255	601.111	457.274	0	6.350	2.303	6.811	601.111	457.274	0	593	451	0	16	15	0
23	23	23	19	5865	255	0	255	255	255	1343.783	456.174	0	2.488	1.216	2.834	1343.783	456.174	0	1342	453	0	5	8	0
170	170	170	41	43350	255	0	255	255	255	487.788	462.135	0	6.910	0.882	6.982	487.789	462.135	0	482	454	0	13	17	0
103	103	103	37	26265	255	0	255	255	255	1277.903	462.291	0	5.664	1.527	5.258	1277.904	462.291	0	1269	457	0	17	11	0
55	55	55	27	14025	255	0	255	255	255	507.000	464.327	0	3.823	1.310	4.182	507.000	464.327	0	504	459	0	7	11	0
77	77	77	29	19635	255	0	255	255	255	530.961	467.143	0	4.545	1.460	4.947	530.961	467.143	0	527	461	0	9	13	0
139	139	139	40	35445	255	0	255	255	255	466.626	468.453	0	6.452	1.804	6.543	466.626	468.453	0	458	463	0	18	12	0
45	45	45	29	11475	255	0	255	255	255	1333.444	467.800	0	3.990	1.923	3.886	1333.444	467.800	0	1326	465	0	13	7	0
225	225	225	62	57375	255	0	255	255	255	615.391	476.978	0	8.058	1.834	7.884	615.392	476.978	0	605	467	0	22	19	0
156	156	156	56	39780	255	0	255	255	255	578.981	478.167	0	6.029	2.532	6.664	578.981	478.167	0	574	468	0	13	19	0
404	404	404	88	103020	255	0	255	255	255	552.005	483.799	0	11.460	4.471	12.119	552.006	483.800	0	538	469	0	30	28	0
67	67	67	33	17085	255	0	255	255	255	1333.522	474.910	0	4.615	2.166	4.868	1333.523	474.910	0	1326	472	0	17	6	0
261	261	261	74	66555	255	0	255	255	255	1363.885	479.207	0	9.185	4.345	9.728	1363.886	479.207	0	1348	472	0	32	15	0
426	426	426	101	108630	255	0	255	255	255	510.810	484.857	0	13.132	6.036	13.906	510.811	484.857	0	487	474	0	42	25	0
66	66	66	27	16830	255	0	255	255	255	178.015	480.409	0	4.193	0.716	4.227	178.015	480.409	0	173	476	0	10	10	0
70	70	70	36	17850	255	0	255	255	255	111.929	484.214	0	4.774	2.175	5.132	111.929	484.214	0	104	480	0	15	8	0
28	28	28	17	7140	255	0	255	255	255	137.036	485.429	0	2.575	0.760	2.640	137.036	485.429	0	134	483	0	7	6	0
102	102	102	36	26010	255	0	255	255	255	166.402	491.245	0	5.774	1.861	5.818	166.402	491.245	0	160	484	0	13	16	0
154	154	154	52	39270	255	0	255	255	255	295.195	492.610	0	6.827	1.579	7.088	295.195	492.610	0	286	484	0	17	17	0
109	109	109	36	27795	255	0	255	255	255	536.239	492.404	0	5.582	1.479	5.690	536.239	492.404	0	530	486	0	14	13	0
438	438	438	432	111690	255	0	255	255	255	4.546	605.000	0	54.067	31.305	54.002	4.546	605.000	0	3	493	0	5	221	0
20	20	20	12	5100	255	0	255	255	255	336.950	495.250	0	2.119	0.289	2.077	336.950	495.250	0	335	493	0	5	5	0
77	77	77	28	19635	255	0	255	255	255	579.532	496.857	0	4.504	0.938	4.609	579.532	496.857	0	574	493	0	12	9	0
30	30	30	21	7650	255	0	255	255	255	231.167	496.667	0	3.196	1.506	3.131	231.167	496.667	0	225	495	0	11	5	0
14	14	14	10	3570	255	0	255	255	255	176.500	497.500	0	1.689	0.228	1.581	176.500	497.500	0	175	496	0	4	4	0
10	10	10	9	2550	255	0	255	255	255	605.400	498.200	0	1.397	0.530	1.342	605.400	498.200	0	604	496	0	3	5	0
725	725	725	207	184875	255	0	255	255	255	603.072	517.444	0	17.129	7.563	15.613	603.073	517.443	0	569	498	0	62	36	0
55	55	55	22	14025	255	0	255	255	255	339.436	505.236	0	3.738	0.340	3.727	339.436	505.236	0	336	501	0	8	9	0
111	111	111	43	28305	255	0	255	255	255	152.874	509.811	0	5.847	2.219	6.387	152.874	509.811	0	148	503	0	11	18	0
95	95	95	41	24225	255	0	255	255	255	312.747	508.011	0	5.148	1.678	5.210	312.747	508.011	0	305	503	0	13	13	0
66	66	66	27	16830	255	0	255	255	255	679.167	506.955	0	4.251	1.089	4.296	679.167	506.955	0	674	503	0	12	9	0
88	88	88	31	22440	255	0	255	255	255	169.466	510.523	0	5.008	1.035	4.769	169.466	510.523	0	163	506	0	12	11	0
1674	1674	1674	369	426870	255	0	255	255	255	674.126	548.435	0	31.030	14.755	31.598	674.128	548.434	0	634	509	0	88	85	0
428	428	428	101	109140	255	0	255	255	255	133.519	521.472	0	11.181	3.981	11.327	133.519	521.472	0	117	510	0	33	23	0
205	205	205	62	52275	255	0	255	255	255	196.663	527.166	0	8.407	3.256	8.066	196.663	527.166	0	190	513	0	17	26	0
54	54	54	21	13770	255	0	255	255	255	257.537	521.204	0	3.794	0.651	3.824	257.537	521.204	0	253	517	0	10	9	0
51	51	51	25	13005	255	0	255	255	255	688.706	522.137	0	3.770	1.397	3.669	688.706	522.137	0	685	517	0	7	12	0
18	18	18	13	4590	255	0	255	255	255	84.333	522.722	0	1.969	0.558	1.847	84.333	522.722	0	82	521	0	6	4	0
81	81	81	38	20655	255	0	255	255	255	282.741	527.247	0	4.666	1.835	5.016	282.741	527.247	0	277	521	0	13	13	0
480	480	480	118	122400	255	0	255	255	255	729.865	535.808	0	14.662	7.492	15.680	729.866	535.809	0	710	521	0	44	34	0
216	216	216	61	55080	255	0	255	255	255	227.551	536.944	0	8.559	2.626	7.699	227.551	536.944	0	215	529	0	23	19	0
666	666	666	166	169830	255	0	255	255	255	130.417	556.730	0	16.266	8.120	15.583	130.418	556.730	0	111	530	0	33	55	0
36	36	36	19	9180	255	0	255	255	255	634.806	540.861	0	3.010	0.781	3.028	634.806	540.861	0	631	538	0	9	6	0
53	53	53	31	13515	255	0	255	255	255	312.396	543.830	0	3.931	1.792	4.213	312.396	543.830	0	308	539	0	11	11	0
40	40	40	21	10200	255	0	255	255	255	356.975	544.775	0	3.104	0.496	3.074	356.975	544.775	0	354	542	0	7	7	0
82	82	82	29	20910	255	0	255	255	255	710.561	550.707	0	4.694	0.873	4.623	710.561	550.707	0	705	545	0	11	11	0
706	706	706	158	180030	255	0	255	255	255	304.350	569.514	0	13.745	5.220	14.321	304.351	569.515	0	289	551	0	34	38	0
374	374	374	89	95370	255	0	255	255	255	777.976	569.056	0	12.468	6.029	12.492	777.977	569.056	0	759	554	0	36	32	0
13	13	13	9	3315	255	0	255	255	255	53.231	557.154	0	1.639	0.348	1.687	53.231	557.154	0	52	555	0	4	5	0
43	43	43	26	10965	255	0	255	255	255	358.907	562.953	0	3.166	0.893	3.193	358.907	562.953	0	355	560	0	9	8	0
124	124	124	55	31620	255	0	255	255	255	727.371	566.089	0	6.247	2.273	6.372	727.371	566.089	0	720	560	0	19	14	0
12	12	12	11	3060	255	0	255	255	255	740.917	562.250	0	1.662	0.686	1.654	740.917	562.250	0	740	560	0	3	6	0
44	44	44	21	11220	255	0	255	255	255	52.523	563.773	0	3.336	0.993	3.606	52.523	563.773	0	48	561	0	10	7	0
73	73	73	30	18615	255	0	255	255	255	234.726	565.575	0	4.589	1.243	4.594	234.726	565.575	0	230	561	0	10	12	0
28	28	28	16	7140	255	0	255	255	255	328.821	564.179	0	2.640	0.554	2.477	328.821	564.179	0	326	561	0	6	8	0
33	33	33	17	8415	255	0	255	255	255	383.182	566.273	0	2.791	0.333	2.831	383.182	566.273	0	380	563	0	7	7	0
30	30	30	17	7650	255	0	255	255	255	398.733	567.833	0	2.700	0.609	2.549	398.733	567.833	0	397	564	0	5	8	0
131	131	131	36	33405	255	0	255	255	255	162.458	570.359	0	6.119	0.945	5.872	162.458	570.359	0	154	565	0	16	12	0
82	82	82	35	20910	255	0	255	255	255	750.329	583.707	0	5.254	1.761	5.106	750.329	583.707	0	746	578	0	9	16	0
189	189	189	65	48195	255	0	255	255	255	271.889	592.730	0	8.779	3.798	8.271	271.889	592.730	0	262	579	0	18	26	0
140	140	140	43	35700	255	0	255	255	255	734.543	589.914	0	6.513	1.964	6.563	734.543	589.914	0	729	581	0	12	19	0
24	24	24	16	6120	255	0	255	255	255	77.083	585.417	0	2.498	0.804	2.469	77.083	585.417	0	75	583	0	5	8	0
260	260	260	78	66300	255	0	255	255	255	405.246	595.400	0	10.359	4.461	9.839	405.247	595.400	0	394	583	0	24	30	0
277	277	277	67	70635	255	0	255	255	255	811.238	598.466	0	10.071	3.826	9.926	811.239	598.466	0	802	585	0	23	27	0
184	184	184	47	46920	255	0	255	255	255	424.054	597.386	0	7.409	1.744	7.189	424.055	597.386	0	417	589	0	16	17	0
1175	1175	1175	212	299625	255	0	255	255	255	775.334	609.729	0	17.868	5.131	17.832	775.334	609.726	0	748	589	0	54	39	0
289	289	289	79	73695	255	0	255	255	255	186.221	608.329	0	10.638	3.921	9.497	186.221	608.328	0	175	591	0	21	33	0
117	117	117	34	29835	255	0	255	255	255	156.564	596.470	0	5.747	0.921	5.725	156.564	596.470	0	151	592	0	14	12	0
24	24	24	15	6120	255	0	255	255	255	295.125	594.958	0	2.321	0.784	2.367	295.125	594.958	0	292	593	0	7	5	0
198	198	198	65	50490	255	0	255	255	255	270.929	612.157	0	8.898	4.254	8.557	270.929	612.157	0	259	600	0	24	24	0
43	43	43	23	10965	255	0	255	255	255	100.116	605.791	0	3.303	1.193	3.502	100.116	605.791	0	98	602	0	7	10	0
202	202	202	54	51510	255	0	255	255	255	441.054	618.416	0	8.183	2.559	7.757	441.055	618.416	0	434	608	0	15	24	0
50	50	50	28	12750	255	0	255	255	255	161.120	615.780	0	3.723	1.672	4.090	161.120	615.780	0	157	611	0	9	12	0
340	340	340	72	86700	255	0	255	255	255	212.891	625.774	0	10.824	2.728	10.168	212.891	625.773	0	196	613	0	29	22	0
17	17	17	12	4335	255	0	255	255	255	296.059	615.412	0	1.898	0.395	1.915	296.059	615.412	0	294	614	0	5	4	0
1549	1549	1549	244	394995	255	0	255	255	255	827.795	646.648	0	24.689	11.745	25.686	827.794	646.648	0	794	616	0	71	70	0
116	116	116	34	29580	255	0	255	255	255	85.216	623.276	0	5.863	1.439	5.913	85.216	623.276	0	78	618	0	14	13	0
14	14	14	10	3570	255	0	255	255	255	307.500	626.500	0	1.689	0.228	1.581	307.500	626.500	0	306	625	0	4	4	0
100	100	100	31	25500	255	0	255	255	255	234.460	631.640	0	5.301	1.060	5.577	234.460	631.640	0	228	626	0	14	12	0
323	323	323	77	82365	255	0	255	255	255	859.226	642.053	0	10.779	4.892	11.474	859.227	642.053	0	847	626	0	26	30	0
48	48	48	25	12240	255	0	255	255	255	121.333	632.125	0	3.641	1.517	3.703	121.333	632.125	0	119	627	0	6	12	0
89	89	89	32	22695	255	0	255	255	255	160.854	633.315	0	4.935	0.818	4.883	160.854	633.315	0	155	628	0	11	12	0
50	50	50	24	12750	255	0	255	255	255	230.140	639.740	0	3.730	1.146	3.965	230.140	639.740	0	225	635	0	10	10	0
24	24	24	14	6120	255	0	255	255	255	342.375	637.667	0	2.357	0.600	2.389	342.375	637.667	0	339	635	0	7	6	0
247	247	247	60	62985	255	0	255	255	255	314.506	643.595	0	8.654	2.649	9.301	314.506	643.595	0	301	636	0	25	16	0
62	62	62	22	15810	255	0	255	255	255	73.306	646.968	0	4.031	0.359	4.026	73.306	646.968	0	69	642	0	9	10	0
116	116	116	33	29580	255	0	255	255	255	473.103	648.448	0	5.868	1.361	6.273	473.103	648.448	0	467	642	0	13	14	0
95	95	95	47	24225	255	0	255	255	255	430.884	648.821	0	4.662	1.827	4.801	430.884	648.821	0	424	643	0	15	11	0
68	68	68	25	17340	255	0	255	255	255	118.235	648.676	0	4.221	0.596	4.289	118.235	648.676	0	114	644	0	10	10	0
100	100	100	44	25500	255	0	255	255	255	248.190	651.330	0	5.934	2.585	6.023	248.190	651.330	0	239	647	0	20	11	0
727	727	727	567	185385	255	0	255	255	255	1402.649	866.420	0	83.338	57.200	73.438	1402.642	866.420	0	1400	649	0	6	394	0
581	581	581	116	148155	255	0	255	255	255	206.355	667.281	0	12.505	3.412	13.041	206.355	667.281	0	194	651	0	28	35	0
12	12	12	9	3060	255	0	255	255	255	370.083	657.333	0	1.535	0.328	1.618	370.083	657.333	0	369	656	0	4	4	0
309	309	309	85	78795	255	0	255	255	255	175.463	668.392	0	9.045	2.907	9.882	175.463	668.392	0	165	658	0	23	25	0
1826	1826	1826	364	465630	255	0	255	255	255	288.456	698.145	0	27.095	13.163	26.503	288.457	698.139	0	246	659	0	85	75	0
40	40	40	25	10200	255	0	255	255	255	397.150	664.800	0	3.486	1.319	3.371	397.150	664.800	0	391	662	0	11	6	0
291	291	291	60	74205	255	0	255	255	255	485.536	672.124	0	9.382	2.075	9.074	485.537	672.124	0	476	662	0	21	21	0
172	172	172	47	43860	255	0	255	255	255	334.831	669.977	0	7.132	1.781	7.072	334.831	669.977	0	324	665	0	21	13	0
192	192	192	47	48960	255	0	255	255	255	871.828	673.630	0	7.453	1.221	7.302	871.829	673.630	0	863	665	0	17	18	0
34	34	34	17	8670	255	0	255	255	255	889.588	672.324	0	2.888	0.613	2.815	889.588	672.324	0	886	670	0	8	6	0
80	80	80	33	20400	255	0	255	255	255	229.825	677.812	0	4.589	1.175	4.745	229.825	677.812	0	225	672	0	11	11	0
50	50	50	20	12750	255	0	255	255	255	73.040	679.500	0	3.567	0.339	3.565	73.040	679.500	0	69	676	0	8	8	0
483	483	483	116	123165	255	0	255	255	255	908.366	704.491	0	14.866	7.533	15.469	908.367	704.490	0	893	677	0	30	45	0
75	75	75	28	19125	255	0	255	255	255	344.067	682.480	0	4.524	0.736	4.500	344.067	682.480	0	340	678	0	10	10	0
78	78	78	28	19890	255	0	255	255	255	186.974	685.590	0	4.619	0.686	4.522	186.974	685.590	0	183	681	0	9	11	0
110	110	110	35	28050	255	0	255	255	255	358.509	687.391	0	5.585	1.305	5.621	358.509	687.391	0	351	682	0	15	12	0
123	123	123	38	31365	255	0	255	255	255	378.537	688.707	0	5.802	0.833	5.826	378.537	688.707	0	372	683	0	13	13	0
50	50	50	21	12750	255	0	255	255	255	231.460	688.760	0	3.550	0.325	3.554	231.460	688.760	0	228	685	0	8	8	0
138	138	138	40	35190	255	0	255	255	255	869.841	695.478	0	6.308	1.238	6.185	869.841	695.478	0	862	689	0	15	16	0
26	26	26	14	6630	255	0	255	255	255	508.000	692.500	0	2.430	0.255	2.500	508.000	692.500	0	506	690	0	5	6	0
267	267	267	55	68085	255	0	255	255	255	210.933	699.015	0	8.981	2.132	9.220	210.933	699.015	0	199	691	0	23	18	0
44	44	44	19	11220	255	0	255	255	255	244.409	696.000	0	3.314	0.314	3.314	244.409	696.000	0	241	693	0	8	7	0
47	47	47	26	11985	255	0	255	255	255	394.404	695.553	0	3.622	1.251	3.528	394.404	695.553	0	389	693	0	12	7	0
20	20	20	14	5100	255	0	255	255	255	491.150	694.650	0	2.388	1.012	2.234	491.150	694.650	0	487	693	0	8	4	0
781	781	781	164	199155	255	0	255	255	255	248.558	722.706	0	17.989	7.674	19.314	248.559	722.707	0	223	698	0	49	47	0
23	23	23	13	5865	255	0	255	255	255	84.609	701.783	0	2.287	0.313	2.299	84.609	701.783	0	82	700	0	6	5	0
302	302	302	77	77010	255	0	255	255	255	523.172	715.719	0	9.273	2.324	9.764	523.173	715.718	0	515	706	0	21	24	0
250	250	250	58	63750	255	0	255	255	255	469.344	721.532	0	8.458	1.474	8.505	469.345	721.532	0	458	712	0	22	19	0
13	13	13	10	3315	255	0	255	255	255	248.385	714.538	0	1.603	0.368	1.586	248.385	714.538	0	247	713	0	4	4	0
43	43	43	25	10965	255	0	255	255	255	880.209	717.674	0	3.687	1.635	3.777	880.209	717.674	0	876	713	0	10	10	0
1245	1245	1245	215	317475	255	0	255	255	255	292.601	748.259	0	20.668	7.459	19.044	292.602	748.260	0	270	715	0	45	66	0
907	907	907	180	231285	255	0	255	255	255	565.054	750.202	0	20.637	10.435	20.247	565.056	750.202	0	533	719	0	57	55	0
10	10	10	7	2550	255	0	255	255	255	487.300	722.300	0	1.438	0.255	1.476	487.300	722.300	0	486	721	0	4	4	0
87	87	87	28	22185	255	0	255	255	255	397.034	728.115	0	5.064	1.365	5.131	397.034	728.115	0	391	723	0	13	12	0
49	49	49	23	12495	255	0	255	255	255	77.673	730.857	0	3.660	0.890	3.517	77.673	730.857	0	74	726	0	10	9	0
19828	19828	19828	3231	5056140	255	0	255	255	255	525.322	895.960	0	280.575	220.585	192.833	525.322	895.826	0	308	728	0	1094	317	0
342	342	342	95	87210	255	0	255	255	255	426.980	745.985	0	10.945	5.451	11.421	426.980	745.985	0	413	731	0	32	30	0
17	17	17	11	4335	255	0	255	255	255	73.941	738.235	0	1.912	0.384	2.000	73.941	738.235	0	72	736	0	5	5	0
254	254	254	56	64770	255	0	255	255	255	537.024	753.827	0	8.923	2.118	9.038	537.025	753.827	0	525	744	0	24	19	0
180	180	180	53	45900	255	0	255	255	255	943.011	759.422	0	7.875	2.936	7.645	943.012	759.422	0	936	748	0	17	22	0
462	462	462	89	117810	255	0	255	255	255	498.147	760.355	0	11.942	2.614	11.596	498.149	760.354	0	481	751	0	33	20	0
97	97	97	44	24735	255	0	255	255	255	102.124	770.381	0	5.401	2.471	5.982	102.124	770.382	0	96	764	0	13	16	0
1032	1032	1032	187	263160	255	0	255	255	255	482.322	786.382	0	21.582	8.729	20.716	482.323	786.382	0	449	767	0	65	47	0
86	86	86	33	21930	255	0	255	255	255	545.291	772.198	0	4.870	1.253	5.294	545.291	772.198	0	540	768	0	12	9	0
332	332	332	106	84660	255	0	255	255	255	583.940	788.578	0	11.171	4.357	10.823	583.941	788.578	0	564	780	0	37	17	0
259	259	259	55	66045	255	0	255	255	255	615.432	794.355	0	8.713	1.904	8.980	615.433	794.355	0	605	785	0	21	20	0
82	82	82	27	20910	255	0	255	255	255	109.524	792.915	0	4.809	0.941	4.658	109.524	792.915	0	104	788	0	12	11	0
413	413	413	71	105315	255	0	255	255	255	530.731	806.584	0	11.381	2.277	11.711	530.732	806.582	0	518	792	0	27	28	0
15	15	15	11	3825	255	0	255	255	255	568.333	800.333	0	1.742	0.324	1.700	568.333	800.333	0	566	799	0	5	4	0
102	102	102	32	26010	255	0	255	255	255	111.931	810.127	0	5.343	1.067	5.377	111.931	810.128	0	106	805	0	14	11	0
235	235	235	53	59925	255	0	255	255	255	627.047	816.294	0	8.197	0.943	8.252	627.048	816.293	0	618	807	0	20	19	0
54	54	54	21	13770	255	0	255	255	255	961.444	810.611	0	3.750	0.507	3.654	961.444	810.611	0	957	807	0	9	8	0
462	462	462	95	117810	255	0	255	255	255	654.939	830.232	0	11.477	5.035	12.636	654.941	830.231	0	641	816	0	30	31	0
60	60	60	22	15300	255	0	255	255	255	122.850	822.983	0	3.956	0.481	4.046	122.850	822.983	0	118	819	0	10	9	0
141	141	141	44	35955	255	0	255	255	255	569.993	826.482	0	6.363	1.461	6.019	569.993	826.482	0	561	821	0	19	12	0
136	136	136	36	34680	255	0	255	255	255	541.088	830.471	0	6.289	1.188	6.667	541.088	830.471	0	534	824	0	15	14	0
177	177	177	44	45135	255	0	255	255	255	607.825	846.401	0	7.260	1.523	6.842	607.826	846.401	0	598	840	0	20	15	0
55	55	55	30	14025	255	0	255	255	255	581.818	846.873	0	3.820	1.625	4.230	581.818	846.873	0	578	841	0	9	12	0
12	12	12	9	3060	255	0	255	255	255	637.083	846.333	0	1.623	0.503	1.669	637.083	846.333	0	636	844	0	4	5	0
94	94	94	31	23970	255	0	255	255	255	648.330	850.872	0	5.012	0.926	5.107	648.330	850.872	0	642	846	0	13	11	0
33	33	33	16	8415	255	0	255	255	255	137.576	860.758	0	2.815	0.285	2.765	137.576	860.758	0	135	858	0	6	7	0
251	251	251	72	64005	255	0	255	255	255	585.446	870.701	0	9.737	4.500	9.890	585.447	870.701	0	573	858	0	26	26	0
137	137	137	38	34935	255	0	255	255	255	695.314	865.131	0	6.357	1.627	6.484	695.314	865.131	0	688	858	0	15	15	0
14	14	14	9	3570	255	0	255	255	255	121.786	866.357	0	1.731	0.274	1.821	121.786	866.357	0	120	865	0	5	4	0
321	321	321	85	81855	255	0	255	255	255	668.417	880.112	0	9.361	3.160	9.791	668.419	880.113	0	657	866	0	22	26	0
99	99	99	33	25245	255	0	255	255	255	151.111	878.354	0	5.312	1.498	5.351	151.111	878.354	0	144	874	0	14	11	0
199	199	199	52	50745	255	0	255	255	255	642.703	885.487	0	7.580	1.524	7.506	642.704	885.488	0	635	876	0	16	19	0
375	375	375	68	95625	255	0	255	255	255	126.315	891.456	0	10.445	1.059	10.575	126.315	891.457	0	116	879	0	22	25	0
40	40	40	24	10200	255	0	255	255	255	692.625	884.050	0	3.426	1.604	3.580	692.625	884.050	0	688	880	0	11	9	0
39	39	39	19	9945	255	0	255	255	255	722.385	891.667	0	3.092	0.508	3.101	722.385	891.667	0	719	889	0	8	6	0
51	51	51	21	13005	255	0	255	255	255	72.784	894.157	0	3.586	0.336	3.605	72.784	894.157	0	69	891	0	8	8	0
470	470	470	114	119850	255	0	255	255	255	633.017	911.964	0	15.515	7.960	16.466	633.018	911.964	0	606	894	0	49	35	0
40	40	40	19	10200	255	0	255	255	255	743.825	899.425	0	3.102	0.401	3.164	743.825	899.425	0	740	897	0	8	6	0
35	35	35	17	8925	255	0	255	255	255	165.743	901.771	0	2.898	0.455	2.849	165.743	901.771	0	163	898	0	6	8	0
64	64	64	28	16320	255	0	255	255	255	730.172	904.641	0	4.209	1.396	4.301	730.172	904.641	0	727	899	0	8	13	0
131	131	131	59	33405	255	0	255	255	255	86.328	913.496	0	8.055	4.267	7.688	86.328	913.496	0	79	902	0	17	26	0
100	100	100	35	25500	255	0	255	255	255	146.530	911.100	0	5.332	1.306	4.929	146.530	911.100	0	141	905	0	13	13	0
829	829	829	697	211395	255	0	255	255	255	77.043	1018.194	0	76.864	34.096	77.547	77.043	1018.191	0	0	909	0	225	132	0
52	52	52	20	13260	255	0	255	255	255	167.673	914.462	0	3.718	0.540	3.705	167.673	914.462	0	164	911	0	9	8	0
189	189	189	67	48195	255	0	255	255	255	690.852	922.815	0	7.472	2.520	7.287	690.853	922.815	0	683	912	0	17	21	0
16	16	16	11	4080	255	0	255	255	255	702.438	918.375	0	1.851	0.577	1.683	702.438	918.375	0	701	916	0	4	6	0
160	160	160	40	40800	255	0	255	255	255	665.138	929.025	0	6.716	1.053	6.586	665.138	929.025	0	657	921	0	15	15	0
402	402	402	110	102510	255	0	255	255	255	764.754	935.776	0	10.211	4.254	10.904	764.755	935.775	0	748	924	0	33	27	0
15	15	15	12	3825	255	0	255	255	255	120.733	930.333	0	1.842	0.666	1.793	120.733	930.333	0	119	928	0	4	6	0
300	300	300	92	76500	255	0	255	255	255	172.387	939.117	0	11.136	4.278	10.813	172.387	939.117	0	154	929	0	33	19	0
10	10	10	8	2550	255	0	255	255	255	164.000	931.500	0	1.385	0.307	1.309	164.000	931.500	0	163	930	0	3	4	0
49	49	49	20	12495	255	0	255	255	255	726.122	934.694	0	3.548	0.405	3.461	726.122	934.694	0	722	931	0	9	8	0
52	52	52	23	13260	255	0	255	255	255	104.019	938.019	0	3.736	0.940	3.611	104.019	938.019	0	99	935	0	10	8	0
11	11	11	10	2805	255	0	255	255	255	140.000	943.000	0	1.530	0.536	1.414	140.000	943.000	0	139	941	0	3	5	0
120	120	120	46	30600	255	0	255	255	255	133.475	951.000	0	5.887	1.817	5.597	133.475	951.000	0	128	942	0	12	17	0
363	363	363	102	92565	255	0	255	255	255	804.017	959.873	0	11.380	5.110	12.630	804.018	959.873	0	789	945	0	33	30	0
337	337	337	88	85935	255	0	255	255	255	704.789	958.457	0	10.507	4.460	10.294	704.790	958.457	0	687	949	0	35	20	0
33	33	33	17	8415	255	0	255	255	255	788.758	962.970	0	2.817	0.594	2.923	788.758	962.970	0	785	961	0	8	5	0
47	47	47	30	11985	255	0	255	255	255	734.000	966.362	0	3.793	1.541	4.006	734.000	966.362	0	729	962	0	13	8	0
18	18	18	11	4590	255	0	255	255	255	750.056	968.889	0	1.991	0.315	2.112	750.056	968.889	0	748	967	0	5	5	0
10	10	10	8	2550	255	0	255	255	255	749.800	975.900	0	1.419	0.462	1.282	749.800	975.900	0	749	974	0	3	5	0
238	238	238	56	60690	255	0	255	255	255	838.508	986.613	0	8.951	2.632	8.419	838.509	986.613	0	831	975	0	16	25	0
74	74	74	33	18870	255	0	255	255	255	763.568	982.595	0	4.510	0.982	4.630	763.568	982.594	0	759	977	0	11	11	0
86	86	86	29	21930	255	0	255	255	255	144.314	988.012	0	4.823	0.781	4.794	144.314	988.012	0	140	982	0	10	13	0
445	445	445	95	113475	255	0	255	255	255	743.178	997.748	0	13.409	5.792	13.461	743.178	997.748	0	723	983	0	39	29	0
43	43	43	24	10965	255	0	255	255	255	807.930	987.512	0	3.637	1.515	3.580	807.930	987.512	0	805	983	0	6	12	0
12	12	12	10	3060	255	0	255	255	255	217.167	991.500	0	1.594	0.547	1.509	217.167	991.500	0	216	989	0	3	6	0
19	19	19	12	4845	255	0	255	255	255	851.789	994.000	0	2.020	0.258	2.050	851.789	994.000	0	850	992	0	5	5	0
168	168	168	64	42840	255	0	255	255	255	242.113	1001.762	0	8.152	3.813	7.771	242.113	1001.762	0	230	993	0	24	19	0
457	457	457	97	116535	255	0	255	255	255	777.221	1005.967	0	11.844	4.146	12.690	777.222	1005.968	0	763	993	0	30	33	0
62	62	62	24	15810	255	0	255	255	255	193.532	1004.694	0	3.996	0.749	4.145	193.532	1004.694	0	189	1001	0	10	9	0
13	13	13	10	3315	255	0	255	255	255	164.308	1003.000	0	1.575	0.432	1.646	164.308	1003.000	0	162	1002	0	5	3	0
150	150	150	45	38250	255	0	255	255	255	176.307	1011.747	0	6.767	1.967	6.630	176.307	1011.747	0	170	1002	0	13	20	0
140	140	140	67	35700	255	0	255	255	255	845.714	1015.621	0	5.916	2.292	5.940	845.715	1015.621	0	836	1009	0	20	15	0
130	130	130	41	33150	255	0	255	255	255	873.400	1017.108	0	6.311	1.517	6.401	873.401	1017.108	0	866	1011	0	17	13	0
40	40	40	19	10200	255	0	255	255	255	885.225	1025.375	0	3.251	0.780	3.216	885.225	1025.375	0	883	1021	0	6	9	0
