Volume (pixel^3)	Surface (pixel^2)	Nb of obj. voxels	Nb of surf. voxels	IntDen	Mean	StdDev	Median	Min	Max	X	Y	Z	Mean dist. to surf. (pixel)	SD dist. to surf. (pixel)	Median dist. to surf. (pixel)	XM	YM	ZM	BX	BY	BZ	B-width	B-height	B-depth
5473	5473	5473	3003	1395615	255	0	255	255	255	731.131	9.949	0	357.975	213.383	356.144	731.123	9.949	0	0	0	0	1456	37	0
10791	10791	10791	7109	2751705	255	0	255	255	255	721.631	772.634	0	678.552	200.819	725.891	721.633	772.694	0	0	4	0	1456	1080	0
832	832	832	119	212160	255	0	255	255	255	679.014	41.643	0	17.424	6.339	15.941	679.016	41.643	0	664	18	0	30	54	0
88	88	88	28	22440	255	0	255	255	255	709.034	23.557	0	4.882	0.622	4.869	709.034	23.557	0	705	19	0	10	12	0
175	175	175	47	44625	255	0	255	255	255	514.863	33.914	0	7.192	2.236	7.401	514.863	33.914	0	508	24	0	14	20	0
45	45	45	20	11475	255	0	255	255	255	532.156	27.800	0	3.351	0.373	3.331	532.156	27.800	0	529	24	0	7	8	0
34	34	34	16	8670	255	0	255	255	255	601.088	26.971	0	2.865	0.327	2.942	601.088	26.971	0	598	24	0	7	7	0
25	25	25	14	6375	255	0	255	255	255	663.560	25.800	0	2.404	0.354	2.415	663.560	25.800	0	661	24	0	6	5	0
187	187	187	53	47685	255	0	255	255	255	478.412	41.561	0	7.456	2.236	8.184	478.412	41.561	0	470	31	0	16	20	0
165	165	165	41	42075	255	0	255	255	255	435.424	40.242	0	6.991	1.609	7.194	435.424	40.242	0	427	34	0	18	14	0
91	91	91	29	23205	255	0	255	255	255	645.758	38.890	0	4.920	0.449	4.896	645.758	38.890	0	641	34	0	11	11	0
166	166	166	51	42330	255	0	255	255	255	269.964	41.470	0	7.319	2.667	7.626	269.964	41.470	0	259	35	0	21	14	0
60	60	60	23	15300	255	0	255	255	255	161.217	42.050	0	3.924	0.335	3.956	161.217	42.050	0	157	38	0	9	9	0
32	32	32	16	8160	255	0	255	255	255	453.812	41.500	0	2.760	0.586	2.710	453.812	41.500	0	452	38	0	5	8	0
152	152	152	40	38760	255	0	255	255	255	552.099	46.454	0	6.506	0.626	6.560	552.099	46.454	0	545	40	0	14	14	0
575	575	575	103	146625	255	0	255	255	255	704.365	60.831	0	13.239	2.786	13.270	704.367	60.831	0	689	43	0	29	34	0
49	49	49	21	12495	255	0	255	255	255	187.327	50.633	0	3.528	0.487	3.597	187.327	50.633	0	184	47	0	8	8	0
76	76	76	25	19380	255	0	255	255	255	517.618	51.316	0	4.494	0.266	4.520	517.618	51.316	0	513	47	0	10	10	0
191	191	191	43	48705	255	0	255	255	255	290.194	54.743	0	7.460	1.200	7.091	290.194	54.743	0	280	48	0	20	14	0
132	132	132	38	33660	255	0	255	255	255	604.220	60.386	0	6.273	1.732	6.322	604.220	60.386	0	597	53	0	14	16	0
77	77	77	26	19635	255	0	255	255	255	629.208	58.753	0	4.523	0.457	4.486	629.208	58.753	0	625	54	0	9	11	0
67	67	67	24	17085	255	0	255	255	255	111.940	63.776	0	4.195	0.334	4.179	111.940	63.776	0	107	60	0	10	9	0
92	92	92	32	23460	255	0	255	255	255	499.728	66.576	0	5.145	1.506	5.372	499.728	66.576	0	495	60	0	10	14	0
218	218	218	49	55590	255	0	255	255	255	746.528	68.179	0	7.979	1.656	7.745	746.529	68.179	0	736	62	0	21	14	0
20	20	20	12	5100	255	0	255	255	255	253.250	66.050	0	2.119	0.289	2.077	253.250	66.050	0	251	64	0	5	5	0
136	136	136	37	34680	255	0	255	255	255	314.449	73.441	0	6.112	0.450	6.113	314.449	73.441	0	309	67	0	12	14	0
236	236	236	60	60180	255	0	255	255	255	655.326	81.890	0	8.549	3.152	8.979	655.327	81.890	0	644	72	0	23	19	0
373	373	373	73	95115	255	0	255	255	255	683.078	91.515	0	10.675	3.529	11.737	683.079	91.515	0	675	77	0	17	30	0
68	68	68	24	17340	255	0	255	255	255	117.074	81.882	0	4.209	0.272	4.217	117.074	81.882	0	113	78	0	10	9	0
180	180	180	43	45900	255	0	255	255	255	159.967	84.917	0	7.114	0.960	7.161	159.967	84.917	0	152	78	0	16	16	0
102	102	102	31	26010	255	0	255	255	255	533.363	83.304	0	5.240	0.354	5.316	533.363	83.304	0	528	78	0	12	11	0
138	138	138	40	35190	255	0	255	255	255	245.522	83.594	0	6.228	1.469	6.520	245.522	83.594	0	238	79	0	16	11	0
128	128	128	35	32640	255	0	255	255	255	552.773	87.094	0	6.009	0.949	6.227	552.774	87.094	0	546	81	0	14	13	0
53	53	53	21	13515	255	0	255	255	255	727.717	86.208	0	3.668	0.280	3.723	727.717	86.208	0	724	82	0	8	9	0
96	96	96	28	24480	255	0	255	255	255	479.979	88.635	0	5.141	0.376	5.110	479.979	88.635	0	475	83	0	12	12	0
73	73	73	25	18615	255	0	255	255	255	130.342	89.164	0	4.394	0.325	4.383	130.342	89.164	0	126	85	0	10	10	0
153	153	153	42	39015	255	0	255	255	255	313.091	92.758	0	6.795	1.787	7.281	313.091	92.758	0	306	85	0	15	17	0
128	128	128	37	32640	255	0	255	255	255	188.430	91.719	0	5.997	1.392	6.375	188.430	91.719	0	181	86	0	16	12	0
388	388	388	84	98940	255	0	255	255	255	602.675	99.281	0	11.346	3.388	10.640	602.676	99.281	0	588	86	0	27	28	0
79	79	79	27	20145	255	0	255	255	255	740.076	99.582	0	4.575	0.565	4.624	740.076	99.582	0	735	96	0	11	9	0
69	69	69	24	17595	255	0	255	255	255	553.652	105.580	0	4.251	0.312	4.348	553.652	105.580	0	549	101	0	10	10	0
178	178	178	47	45390	255	0	255	255	255	452.421	113.719	0	7.231	2.208	7.724	452.422	113.719	0	444	106	0	18	16	0
53	53	53	21	13515	255	0	255	255	255	561.321	116.585	0	3.663	0.264	3.662	561.321	116.585	0	558	113	0	8	8	0
103	103	103	30	26265	255	0	255	255	255	759.485	117.854	0	5.282	0.332	5.348	759.486	117.854	0	754	113	0	12	11	0
130	130	130	37	33150	255	0	255	255	255	332.400	120.000	0	6.138	1.393	6.478	332.400	120.000	0	325	114	0	16	13	0
85	85	85	28	21675	255	0	255	255	255	410.482	118.847	0	4.754	0.333	4.711	410.482	118.847	0	406	114	0	10	11	0
172	172	172	41	43860	255	0	255	255	255	732.483	120.721	0	6.960	0.537	6.883	732.483	120.721	0	726	114	0	15	15	0
139	139	139	39	35445	255	0	255	255	255	106.640	122.957	0	6.429	1.661	6.488	106.640	122.957	0	99	117	0	16	13	0
301	301	301	59	76755	255	0	255	255	255	688.429	130.751	0	9.422	1.888	9.508	688.430	130.751	0	677	123	0	24	16	0
82	82	82	27	20910	255	0	255	255	255	296.402	129.427	0	4.662	0.258	4.633	296.402	129.427	0	292	125	0	10	10	0
87	87	87	28	22185	255	0	255	255	255	518.667	133.287	0	4.828	0.329	4.800	518.667	133.287	0	514	129	0	11	10	0
435	435	435	73	110925	255	0	255	255	255	647.490	141.616	0	11.320	2.015	11.460	647.491	141.616	0	634	129	0	28	23	0
167	167	167	44	42585	255	0	255	255	255	467.126	135.473	0	6.866	1.455	7.306	467.126	135.473	0	459	130	0	18	12	0
93	93	93	31	23715	255	0	255	255	255	47.516	136.785	0	5.168	1.462	5.520	47.516	136.785	0	41	131	0	14	12	0
67	67	67	24	17085	255	0	255	255	255	144.522	137.448	0	4.169	0.356	4.281	144.522	137.448	0	140	133	0	10	10	0
167	167	167	46	42585	255	0	255	255	255	321.910	143.509	0	6.877	2.306	7.490	321.910	143.509	0	315	134	0	15	19	0
288	288	288	55	73440	255	0	255	255	255	123.458	145.375	0	9.252	1.347	9.061	123.458	145.375	0	113	137	0	22	18	0
99	99	99	30	25245	255	0	255	255	255	533.323	142.737	0	5.176	0.403	5.258	533.323	142.737	0	528	138	0	12	11	0
99	99	99	29	25245	255	0	255	255	255	448.788	145.182	0	5.184	0.310	5.215	448.788	145.182	0	443	140	0	12	11	0
153	153	153	38	39015	255	0	255	255	255	478.935	149.556	0	6.564	0.925	6.753	478.935	149.556	0	471	144	0	17	13	0
34	34	34	17	8670	255	0	255	255	255	77.794	149.088	0	2.875	0.629	2.999	77.794	149.088	0	75	146	0	7	7	0
104	104	104	32	26520	255	0	255	255	255	220.115	156.240	0	5.313	0.585	5.311	220.115	156.240	0	215	151	0	12	12	0
131	131	131	35	33405	255	0	255	255	255	427.038	159.550	0	6.031	0.568	6.063	427.038	159.550	0	421	153	0	13	14	0
358	358	358	77	91290	255	0	255	255	255	257.863	165.858	0	10.144	3.535	10.622	257.864	165.858	0	248	155	0	24	26	0
27	27	27	15	6885	255	0	255	255	255	168.778	159.519	0	2.485	0.328	2.528	168.778	159.519	0	166	157	0	6	6	0
166	166	166	42	42330	255	0	255	255	255	555.084	165.000	0	6.827	1.098	7.136	555.085	165.000	0	547	159	0	17	14	0
224	224	224	48	57120	255	0	255	255	255	580.857	170.920	0	8.113	1.250	7.787	580.858	170.920	0	573	161	0	16	21	0
577	577	577	101	147135	255	0	255	255	255	623.747	177.574	0	13.489	4.655	14.259	623.748	177.574	0	604	162	0	36	30	0
61	61	61	23	15555	255	0	255	255	255	605.574	167.820	0	3.951	0.315	4.000	605.574	167.820	0	602	164	0	8	9	0
143	143	143	41	36465	255	0	255	255	255	510.168	173.580	0	6.582	2.108	7.017	510.168	173.580	0	502	167	0	17	14	0
97	97	97	32	24735	255	0	255	255	255	466.454	174.433	0	5.098	1.108	5.327	466.454	174.433	0	460	170	0	14	9	0
57	57	57	28	14535	255	0	255	255	255	529.614	178.561	0	3.977	1.471	4.236	529.614	178.561	0	527	173	0	6	12	0
194	194	194	59	49470	255	0	255	255	255	379.263	184.954	0	7.276	2.627	7.765	379.263	184.954	0	370	177	0	20	17	0
129	129	129	36	32895	255	0	255	255	255	294.783	192.496	0	5.979	0.620	5.953	294.783	192.496	0	289	187	0	13	13	0
396	396	396	80	100980	255	0	255	255	255	487.197	200.407	0	11.781	4.521	11.713	487.198	200.407	0	469	190	0	35	21	0
256	256	256	51	65280	255	0	255	255	255	724.758	200.699	0	8.683	1.452	9.126	724.759	200.699	0	715	192	0	21	19	0
404	404	404	66	103020	255	0	255	255	255	144.025	204.787	0	10.903	1.317	10.987	144.025	204.787	0	135	193	0	20	25	0
109	109	109	31	27795	255	0	255	255	255	241.312	198.422	0	5.491	0.655	5.620	241.312	198.422	0	235	193	0	13	12	0
95	95	95	28	24225	255	0	255	255	255	332.347	199.200	0	5.102	0.483	5.226	332.347	199.200	0	327	194	0	12	12	0
203	203	203	45	51765	255	0	255	255	255	589.133	205.517	0	7.599	0.879	7.564	589.134	205.517	0	580	199	0	19	15	0
448	448	448	73	114240	255	0	255	255	255	634.958	213.516	0	11.906	2.938	12.053	634.959	213.516	0	621	200	0	28	28	0
108	108	108	31	27540	255	0	255	255	255	440.694	209.139	0	5.420	0.284	5.380	440.694	209.139	0	435	204	0	12	12	0
169	169	169	45	43095	255	0	255	255	255	608.396	213.828	0	7.342	2.491	7.197	608.397	213.828	0	601	204	0	16	21	0
76	76	76	26	19380	255	0	255	255	255	764.053	213.500	0	4.457	0.288	4.576	764.053	213.500	0	760	209	0	9	10	0
124	124	124	34	31620	255	0	255	255	255	666.040	214.887	0	5.847	0.715	5.747	666.041	214.887	0	659	210	0	15	11	0
726	726	726	115	185130	255	0	255	255	255	732.318	224.315	0	16.187	5.917	15.744	732.320	224.315	0	709	211	0	52	25	0
153	153	153	37	39015	255	0	255	255	255	164.588	220.641	0	6.668	0.955	6.667	164.588	220.641	0	158	214	0	14	15	0
306	306	306	60	78030	255	0	255	255	255	490.552	225.092	0	9.563	1.701	8.978	490.553	225.091	0	482	214	0	18	23	0
31	31	31	16	7905	255	0	255	255	255	418.258	217.903	0	2.689	0.344	2.735	418.258	217.903	0	416	215	0	6	7	0
135	135	135	41	34425	255	0	255	255	255	460.081	225.244	0	6.273	1.813	6.162	460.081	225.244	0	456	216	0	9	19	0
157	157	157	38	40035	255	0	255	255	255	771.968	225.051	0	6.657	0.578	6.696	771.969	225.051	0	764	219	0	16	14	0
317	317	317	84	80835	255	0	255	255	255	407.776	236.628	0	9.543	4.157	10.643	407.777	236.628	0	395	225	0	26	25	0
98	98	98	32	24990	255	0	255	255	255	360.745	230.602	0	5.172	1.236	5.402	360.745	230.602	0	354	226	0	14	10	0
28	28	28	16	7140	255	0	255	255	255	556.000	230.500	0	2.526	0.355	2.500	556.000	230.500	0	554	228	0	5	6	0
157	157	157	39	40035	255	0	255	255	255	805.529	236.854	0	6.612	0.478	6.629	805.529	236.854	0	799	231	0	15	13	0
114	114	114	32	29070	255	0	255	255	255	510.404	239.053	0	5.589	0.397	5.553	510.404	239.053	0	505	233	0	12	13	0
297	297	297	63	75735	255	0	255	255	255	238.074	246.737	0	9.531	2.553	9.620	238.074	246.737	0	227	237	0	24	20	0
125	125	125	34	31875	255	0	255	255	255	202.408	247.456	0	5.868	0.648	5.785	202.408	247.456	0	197	241	0	12	14	0
228	228	228	51	58140	255	0	255	255	255	789.364	247.825	0	8.097	1.407	8.019	789.365	247.825	0	779	241	0	21	16	0
11	11	11	10	2805	255	0	255	255	255	179.091	245.455	0	1.595	0.750	1.806	179.091	245.455	0	177	244	0	5	4	0
143	143	143	36	36465	255	0	255	255	255	380.133	251.224	0	6.341	0.757	6.470	380.133	251.224	0	373	245	0	15	14	0
238	238	238	54	60690	255	0	255	255	255	331.790	256.471	0	8.358	1.803	8.532	331.790	256.471	0	325	247	0	15	22	0
157	157	157	46	40035	255	0	255	255	255	674.656	254.911	0	6.764	1.813	6.668	674.657	254.911	0	667	248	0	15	17	0
546	546	546	105	139230	255	0	255	255	255	556.760	264.308	0	11.447	4.579	12.416	556.761	264.308	0	541	249	0	34	27	0
518	518	518	119	132090	255	0	255	255	255	753.842	269.216	0	14.422	7.337	13.464	753.843	269.216	0	731	251	0	41	39	0
506	506	506	105	129030	255	0	255	255	255	832.508	269.016	0	12.907	5.165	13.879	832.509	269.016	0	819	252	0	26	40	0
94	94	94	29	23970	255	0	255	255	255	446.096	263.564	0	5.017	0.343	5.022	446.096	263.564	0	441	259	0	11	10	0
94	94	94	36	23970	255	0	255	255	255	184.798	265.213	0	5.310	1.466	5.279	184.798	265.213	0	180	260	0	10	14	0
191	191	191	46	48705	255	0	255	255	255	265.937	270.005	0	7.759	2.303	8.081	265.937	270.005	0	256	262	0	20	17	0
84	84	84	28	21420	255	0	255	255	255	415.607	266.560	0	4.703	0.309	4.658	415.607	266.560	0	411	262	0	10	10	0
324	324	324	70	82620	255	0	255	255	255	467.519	276.667	0	10.496	3.762	10.125	467.519	276.667	0	456	263	0	23	30	0
220	220	220	65	56100	255	0	255	255	255	586.895	272.777	0	7.987	3.859	8.438	586.896	272.777	0	576	263	0	23	21	0
574	574	574	84	146370	255	0	255	255	255	657.409	279.446	0	13.046	2.433	13.535	657.411	279.446	0	644	264	0	29	31	0
114	114	114	33	29070	255	0	255	255	255	703.982	272.193	0	5.728	1.160	6.100	703.983	272.193	0	698	266	0	13	13	0
102	102	102	30	26010	255	0	255	255	255	787.971	272.186	0	5.250	0.258	5.194	787.971	272.186	0	783	267	0	11	11	0
42	42	42	19	10710	255	0	255	255	255	860.405	272.643	0	3.202	0.462	3.367	860.405	272.643	0	858	269	0	6	8	0
149	149	149	43	37995	255	0	255	255	255	369.993	281.349	0	6.531	1.790	6.824	369.993	281.349	0	365	273	0	11	18	0
390	390	390	76	99450	255	0	255	255	255	877.300	289.477	0	10.692	2.810	11.063	877.301	289.477	0	864	275	0	24	27	0
95	95	95	29	24225	255	0	255	255	255	455.632	284.389	0	5.067	0.355	4.988	455.632	284.389	0	450	279	0	12	11	0
87	87	87	27	22185	255	0	255	255	255	674.276	285.736	0	4.832	0.281	4.834	674.276	285.736	0	669	281	0	11	11	0
256	256	256	54	65280	255	0	255	255	255	739.324	289.145	0	8.598	1.175	8.734	739.325	289.145	0	730	281	0	19	19	0
491	491	491	83	125205	255	0	255	255	255	798.183	297.238	0	12.366	2.947	12.227	798.185	297.239	0	783	285	0	32	26	0
86	86	86	27	21930	255	0	255	255	255	424.314	290.372	0	4.791	0.266	4.728	424.314	290.372	0	419	286	0	11	10	0
252	252	252	52	64260	255	0	255	255	255	907.274	295.290	0	8.754	1.574	8.392	907.275	295.290	0	897	287	0	19	19	0
212	212	212	46	54060	255	0	255	255	255	299.057	296.722	0	7.831	1.280	8.143	299.057	296.722	0	290	289	0	19	16	0
73	73	73	26	18615	255	0	255	255	255	399.863	293.247	0	4.377	0.370	4.320	399.863	293.247	0	396	289	0	9	10	0
100	100	100	29	25500	255	0	255	255	255	450.140	305.690	0	5.235	0.437	5.186	450.140	305.690	0	445	300	0	11	12	0
98	98	98	29	24990	255	0	255	255	255	513.704	306.122	0	5.176	0.576	5.171	513.704	306.122	0	508	301	0	12	11	0
621	621	621	90	158355	255	0	255	255	255	927.494	317.213	0	13.859	2.256	13.991	927.495	317.213	0	913	301	0	32	33	0
74	74	74	26	18870	255	0	255	255	255	848.311	306.270	0	4.405	0.376	4.380	848.311	306.270	0	844	302	0	10	9	0
111	111	111	33	28305	255	0	255	255	255	618.973	307.631	0	5.505	0.667	5.503	618.973	307.631	0	613	303	0	14	11	0
261	261	261	53	66555	255	0	255	255	255	530.425	315.709	0	8.655	0.751	8.628	530.426	315.709	0	521	307	0	19	19	0
122	122	122	37	31110	255	0	255	255	255	765.631	315.074	0	5.812	1.361	6.090	765.632	315.074	0	761	308	0	10	15	0
87	87	87	28	22185	255	0	255	255	255	483.471	316.322	0	4.809	0.300	4.790	483.471	316.322	0	479	311	0	10	11	0
304	304	304	58	77520	255	0	255	255	255	698.717	319.266	0	9.646	2.134	9.127	698.718	319.266	0	687	311	0	25	18	0
324	324	324	57	82620	255	0	255	255	255	342.528	323.296	0	9.773	1.527	9.690	342.529	323.296	0	332	312	0	20	24	0
110	110	110	33	28050	255	0	255	255	255	787.109	318.382	0	5.472	0.501	5.448	787.109	318.382	0	782	313	0	11	12	0
252	252	252	53	64260	255	0	255	255	255	590.762	324.909	0	8.648	1.346	8.550	590.763	324.909	0	582	314	0	17	22	0
159	159	159	41	40545	255	0	255	255	255	677.686	322.384	0	6.706	1.135	6.749	677.686	322.384	0	670	317	0	17	12	0
205	205	205	54	52275	255	0	255	255	255	734.761	323.502	0	7.998	2.912	8.480	734.762	323.502	0	723	317	0	24	14	0
50	50	50	22	12750	255	0	255	255	255	403.520	322.080	0	3.603	0.694	3.756	403.520	322.080	0	400	318	0	8	9	0
169	169	169	39	43095	255	0	255	255	255	469.728	326.284	0	6.964	0.837	6.943	469.728	326.284	0	462	319	0	15	16	0
358	358	358	59	91290	255	0	255	255	255	959.899	329.176	0	10.354	1.531	10.066	959.901	329.176	0	948	320	0	25	19	0
453	453	453	70	115515	255	0	255	255	255	497.638	335.192	0	11.791	2.205	12.505	497.639	335.192	0	485	323	0	27	26	0
31	31	31	17	7905	255	0	255	255	255	211.387	328.000	0	2.924	0.914	3.025	211.387	328.000	0	209	324	0	6	9	0
847	847	847	161	215985	255	0	255	255	255	870.588	336.545	0	20.442	9.791	20.189	870.590	336.546	0	835	326	0	72	22	0
192	192	192	44	48960	255	0	255	255	255	558.172	332.708	0	7.400	1.270	7.534	558.173	332.708	0	549	327	0	19	13	0
634	634	634	90	161670	255	0	255	255	255	795.057	346.875	0	13.904	2.179	13.795	795.058	346.875	0	777	333	0	33	31	0
145	145	145	37	36975	255	0	255	255	255	746.821	343.786	0	6.367	0.492	6.297	746.821	343.786	0	741	337	0	13	14	0
123	123	123	34	31365	255	0	255	255	255	989.935	343.211	0	5.905	1.006	5.984	989.936	343.211	0	983	338	0	14	12	0
48	48	48	20	12240	255	0	255	255	255	406.792	343.500	0	3.461	0.312	3.524	406.792	343.500	0	404	340	0	7	8	0
333	333	333	59	84915	255	0	255	255	255	949.225	350.784	0	10.162	2.144	10.597	949.226	350.784	0	938	340	0	22	24	0
538	538	538	76	137190	255	0	255	255	255	593.755	353.887	0	12.963	2.369	12.850	593.756	353.887	0	578	341	0	30	27	0
194	194	194	43	49470	255	0	255	255	255	356.938	353.990	0	7.498	0.983	7.273	356.938	353.990	0	349	347	0	17	15	0
1023	1023	1023	108	260865	255	0	255	255	255	1014.350	369.405	0	17.675	2.166	17.718	1014.352	369.404	0	996	349	0	35	42	0
114	114	114	32	29070	255	0	255	255	255	912.711	357.982	0	5.588	0.312	5.585	912.711	357.982	0	907	352	0	12	13	0
194	194	194	44	49470	255	0	255	255	255	834.531	359.376	0	7.399	0.813	7.473	834.532	359.376	0	826	353	0	18	14	0
120	120	120	35	30600	255	0	255	255	255	294.583	364.692	0	5.849	0.912	5.721	294.583	364.692	0	288	359	0	13	13	0
105	105	105	32	26775	255	0	255	255	255	550.133	363.886	0	5.322	0.655	5.272	550.133	363.886	0	544	359	0	13	11	0
493	493	493	94	125715	255	0	255	255	255	498.034	374.509	0	11.557	3.063	12.018	498.036	374.509	0	487	360	0	24	30	0
81	81	81	32	20655	255	0	255	255	255	817.284	368.667	0	4.862	1.445	4.781	817.284	368.667	0	812	364	0	13	11	0
290	290	290	54	73950	255	0	255	255	255	412.990	375.072	0	9.227	1.102	9.334	412.990	375.073	0	403	366	0	21	20	0
214	214	214	45	54570	255	0	255	255	255	532.869	377.720	0	7.872	0.970	7.754	532.870	377.720	0	525	368	0	16	20	0
561	561	561	83	143055	255	0	255	255	255	865.191	377.829	0	13.179	3.132	13.112	865.192	377.829	0	848	368	0	36	22	0
99	99	99	30	25245	255	0	255	255	255	393.667	373.576	0	5.164	0.405	5.151	393.667	373.576	0	388	369	0	12	11	0
109	109	109	33	27795	255	0	255	255	255	277.670	379.633	0	5.431	0.846	5.704	277.670	379.633	0	273	373	0	10	14	0
134	134	134	38	34170	255	0	255	255	255	339.828	378.582	0	6.116	1.414	6.397	339.828	378.582	0	332	373	0	16	12	0
92	92	92	28	23460	255	0	255	255	255	448.739	377.500	0	4.969	0.296	4.955	448.739	377.500	0	444	373	0	11	10	0
159	159	159	41	40545	255	0	255	255	255	252.170	381.403	0	6.803	1.429	7.000	252.170	381.403	0	246	374	0	13	17	0
152	152	152	41	38760	255	0	255	255	255	908.408	381.480	0	6.563	1.312	6.553	908.409	381.480	0	903	374	0	11	17	0
274	274	274	55	69870	255	0	255	255	255	1052.259	382.745	0	8.938	1.842	8.962	1052.260	382.745	0	1041	376	0	24	14	0
515	515	515	77	131325	255	0	255	255	255	967.155	390.971	0	12.368	1.737	12.926	967.157	390.971	0	957	377	0	22	29	0
1451	1451	1451	200	370005	255	0	255	255	255	920.773	405.928	0	20.239	7.462	20.821	920.772	405.927	0	886	383	0	62	50	0
477	477	477	99	121635	255	0	255	255	255	350.809	402.166	0	12.312	4.625	13.201	350.810	402.166	0	341	384	0	21	37	0
328	328	328	58	83640	255	0	255	255	255	585.491	394.518	0	9.981	1.799	9.634	585.492	394.518	0	575	385	0	23	21	0
433	433	433	84	110415	255	0	255	255	255	245.268	403.649	0	11.510	2.946	11.597	245.269	403.649	0	236	388	0	23	33	0
168	168	168	42	42840	255	0	255	255	255	400.327	398.685	0	6.868	1.328	7.225	400.327	398.685	0	394	390	0	13	18	0
125	125	125	33	31875	255	0	255	255	255	1081.664	397.104	0	5.896	0.667	5.925	1081.665	397.104	0	1075	392	0	14	12	0
521	521	521	81	132855	255	0	255	255	255	1051.294	409.274	0	12.942	3.114	12.462	1051.296	409.274	0	1041	393	0	23	36	0
46	46	46	20	11730	255	0	255	255	255	512.457	397.457	0	3.402	0.500	3.499	512.457	397.457	0	509	394	0	8	8	0
91	91	91	32	23205	255	0	255	255	255	632.055	398.429	0	5.126	1.190	5.021	632.055	398.429	0	625	395	0	14	9	0
164	164	164	39	41820	255	0	255	255	255	1007.915	403.201	0	6.779	0.499	6.869	1007.915	403.201	0	1001	396	0	14	15	0
90	90	90	29	22950	255	0	255	255	255	300.556	401.733	0	4.896	0.341	4.874	300.556	401.733	0	296	397	0	10	11	0
358	358	358	64	91290	255	0	255	255	255	988.545	414.377	0	10.339	1.828	10.111	988.546	414.377	0	980	401	0	20	26	0
161	161	161	39	41055	255	0	255	255	255	536.758	408.261	0	6.727	0.796	6.763	536.758	408.261	0	529	402	0	16	14	0
241	241	241	59	61455	255	0	255	255	255	1093.212	422.091	0	8.530	3.191	9.094	1093.213	422.091	0	1084	411	0	20	23	0
889	889	889	133	226695	255	0	255	255	255	964.434	436.355	0	18.075	7.222	17.805	964.436	436.356	0	944	413	0	43	48	0
1025	1025	1025	164	261375	255	0	255	255	255	265.115	436.879	0	17.101	5.590	18.145	265.116	436.879	0	239	416	0	48	42	0
278	278	278	62	70890	255	0	255	255	255	1116.795	424.903	0	9.230	2.003	9.208	1116.796	424.903	0	1107	416	0	19	22	0
50	50	50	22	12750	255	0	255	255	255	302.000	421.360	0	3.511	0.325	3.462	302.000	421.360	0	299	418	0	7	8	0
34	34	34	16	8670	255	0	255	255	255	412.706	420.500	0	2.859	0.263	2.783	412.706	420.500	0	410	418	0	7	6	0
78	78	78	26	19890	255	0	255	255	255	438.615	426.872	0	4.534	0.266	4.578	438.615	426.872	0	434	422	0	10	10	0
92	92	92	29	23460	255	0	255	255	255	593.359	430.891	0	4.970	0.412	4.933	593.359	430.891	0	588	426	0	12	11	0
66	66	66	23	16830	255	0	255	255	255	573.136	431.136	0	4.158	0.221	4.226	573.136	431.136	0	569	427	0	9	9	0
1101	1101	1101	211	280755	255	0	255	255	255	404.901	462.205	0	20.561	8.996	20.796	404.902	462.206	0	386	428	0	44	70	0
392	392	392	78	99960	255	0	255	255	255	1146.117	443.360	0	11.429	4.370	11.094	1146.118	443.360	0	1129	430	0	30	28	0
161	161	161	44	41055	255	0	255	255	255	312.112	441.186	0	6.769	1.613	7.123	312.112	441.186	0	307	433	0	12	18	0
49	49	49	21	12495	255	0	255	255	255	997.041	436.755	0	3.530	0.507	3.440	997.041	436.755	0	993	433	0	9	8	0
76	76	76	25	19380	255	0	255	255	255	430.737	439.303	0	4.489	0.283	4.484	430.737	439.303	0	426	435	0	10	10	0
58	58	58	22	14790	255	0	255	255	255	560.052	438.207	0	3.868	0.419	3.932	560.052	438.207	0	556	435	0	9	8	0
302	302	302	62	77010	255	0	255	255	255	328.692	448.272	0	9.532	2.582	10.250	328.693	448.272	0	317	438	0	24	21	0
248	248	248	58	63240	255	0	255	255	255	360.996	447.073	0	8.941	3.446	9.426	360.996	447.073	0	349	438	0	25	19	0
87	87	87	27	22185	255	0	255	255	255	654.655	444.782	0	4.830	0.307	4.826	654.655	444.782	0	650	440	0	10	11	0
179	179	179	45	45645	255	0	255	255	255	588.620	451.251	0	7.125	1.479	7.227	588.621	451.251	0	583	442	0	12	19	0
532	532	532	88	135660	255	0	255	255	255	1006.977	457.231	0	12.657	3.093	13.359	1006.979	457.231	0	995	442	0	23	32	0
253	253	253	54	64515	255	0	255	255	255	1103.545	449.154	0	8.633	2.046	9.032	1103.547	449.154	0	1093	442	0	22	16	0
973	973	973	167	248115	255	0	255	255	255	1057.409	458.760	0	20.135	8.740	20.420	1057.411	458.759	0	1022	445	0	66	29	0
77	77	77	27	19635	255	0	255	255	255	230.532	452.623	0	4.511	0.492	4.548	230.532	452.623	0	226	448	0	11	10	0
691	691	691	124	176205	255	0	255	255	255	1180.258	471.165	0	15.287	6.921	15.245	1180.259	471.164	0	1162	449	0	35	48	0
74	74	74	26	18870	255	0	255	255	255	498.622	458.108	0	4.395	0.294	4.432	498.622	458.108	0	494	454	0	10	9	0
747	747	747	107	190485	255	0	255	255	255	468.076	472.104	0	15.698	4.129	15.040	468.078	472.105	0	450	457	0	41	33	0
273	273	273	58	69615	255	0	255	255	255	633.546	468.458	0	8.943	2.373	8.624	633.547	468.458	0	625	457	0	20	22	0
487	487	487	86	124185	255	0	255	255	255	1108.337	474.125	0	12.512	4.029	12.363	1108.337	474.125	0	1093	462	0	34	25	0
79	79	79	27	20145	255	0	255	255	255	288.215	470.620	0	4.557	0.310	4.567	288.215	470.620	0	284	466	0	10	10	0
723	723	723	106	184365	255	0	255	255	255	363.354	481.925	0	14.409	3.924	15.172	363.355	481.925	0	342	466	0	40	31	0
318	318	318	64	81090	255	0	255	255	255	314.563	485.374	0	9.967	2.941	9.705	314.563	485.374	0	307	471	0	16	29	0
55	55	55	23	14025	255	0	255	255	255	576.164	475.345	0	3.821	0.829	3.852	576.164	475.345	0	572	472	0	10	8	0
211	211	211	47	53805	255	0	255	255	255	668.877	481.417	0	7.770	1.115	7.993	668.878	481.417	0	663	472	0	14	19	0
46	46	46	21	11730	255	0	255	255	255	1036.261	478.891	0	3.463	0.647	3.329	1036.261	478.891	0	1032	476	0	9	7	0
309	309	309	63	78795	255	0	255	255	255	1058.149	488.259	0	9.851	2.859	9.195	1058.150	488.259	0	1048	476	0	21	26	0
201	201	201	43	51255	255	0	255	255	255	1141.826	486.154	0	7.571	0.644	7.477	1141.827	486.154	0	1135	478	0	15	18	0
73	73	73	27	18615	255	0	255	255	255	1082.493	483.123	0	4.385	0.436	4.495	1082.493	483.123	0	1078	479	0	10	9	0
868	868	868	163	221340	255	0	255	255	255	1218.718	497.668	0	15.588	6.424	15.373	1218.718	497.668	0	1200	479	0	45	40	0
36	36	36	16	9180	255	0	255	255	255	593.972	485.500	0	3.000	0.367	3.041	593.972	485.500	0	591	482	0	7	8	0
86	86	86	29	21930	255	0	255	255	255	648.349	489.244	0	4.799	0.528	4.769	648.349	489.244	0	643	484	0	11	11	0
548	548	548	93	139740	255	0	255	255	255	264.743	501.235	0	13.090	4.149	12.937	264.744	501.236	0	249	485	0	30	34	0
2343	2343	2343	344	597465	255	0	255	255	255	1140.294	524.670	0	31.240	15.022	31.311	1140.304	524.673	0	1086	488	0	101	79	0
57	57	57	22	14535	255	0	255	255	255	240.351	496.070	0	3.817	0.301	3.867	240.351	496.070	0	237	492	0	8	9	0
43	43	43	20	10965	255	0	255	255	255	378.302	496.907	0	3.261	0.547	3.330	378.302	496.907	0	375	493	0	7	8	0
174	174	174	41	44370	255	0	255	255	255	452.839	500.874	0	6.999	0.608	7.115	452.839	500.874	0	446	494	0	15	15	0
49	49	49	26	12495	255	0	255	255	255	295.449	503.224	0	3.849	1.553	3.786	295.449	503.224	0	293	497	0	6	13	0
97	97	97	31	24735	255	0	255	255	255	575.753	502.546	0	5.154	0.754	4.998	575.753	502.546	0	570	498	0	12	11	0
116	116	116	34	29580	255	0	255	255	255	1078.448	502.810	0	5.693	0.829	5.483	1078.449	502.810	0	1072	498	0	14	11	0
195	195	195	47	49725	255	0	255	255	255	593.595	507.487	0	7.453	1.338	7.618	593.595	507.487	0	588	499	0	13	19	0
91	91	91	30	23205	255	0	255	255	255	387.813	505.121	0	5.103	1.107	5.187	387.813	505.121	0	382	500	0	12	12	0
9351	9351	9351	918	2384505	255	0	255	255	255	311.379	607.720	0	62.309	28.078	63.171	311.377	607.752	0	258	501	0	111	209	0
69	69	69	24	17595	255	0	255	255	255	1182.927	505.696	0	4.288	0.511	4.135	1182.928	505.696	0	1179	501	0	9	11	0
105	105	105	31	26775	255	0	255	255	255	219.019	509.143	0	5.339	0.522	5.246	219.019	509.143	0	214	503	0	11	13	0
16	16	16	11	4080	255	0	255	255	255	361.062	506.312	0	1.825	0.366	1.963	361.062	506.312	0	359	505	0	5	4	0
247	247	247	57	62985	255	0	255	255	255	678.178	518.417	0	8.472	2.039	8.663	678.179	518.417	0	669	507	0	16	23	0
255	255	255	53	65025	255	0	255	255	255	487.580	516.184	0	8.572	1.175	8.662	487.581	516.184	0	479	508	0	19	17	0
485	485	485	70	123675	255	0	255	255	255	1253.872	525.676	0	12.254	2.144	12.744	1253.874	525.676	0	1241	512	0	27	29	0
456	456	456	82	116280	255	0	255	255	255	254.147	539.123	0	12.455	4.108	12.054	254.148	539.123	0	245	521	0	19	37	0
14	14	14	11	3570	255	0	255	255	255	604.500	527.714	0	1.719	0.494	1.661	604.500	527.714	0	603	526	0	4	5	0
447	447	447	69	113985	255	0	255	255	255	1202.114	540.671	0	11.475	0.977	11.524	1202.116	540.671	0	1191	529	0	24	25	0
196	196	196	44	49980	255	0	255	255	255	201.571	541.510	0	7.481	0.993	7.551	201.571	541.510	0	195	533	0	15	18	0
609	609	609	110	155295	255	0	255	255	255	358.706	542.227	0	13.766	6.080	14.849	358.707	542.227	0	338	533	0	43	19	0
56	56	56	21	14280	255	0	255	255	255	644.393	540.232	0	3.800	0.259	3.802	644.393	540.232	0	641	536	0	8	9	0
253	253	253	53	64515	255	0	255	255	255	273.123	546.020	0	8.605	1.448	8.141	273.123	546.020	0	264	537	0	19	19	0
1740	1740	1740	284	443700	255	0	255	255	255	1275.199	568.244	0	27.830	13.065	29.933	1275.200	568.244	0	1227	538	0	86	64	0
1032	1032	1032	174	263160	255	0	255	255	255	610.761	572.777	0	20.753	9.232	20.222	610.762	572.777	0	589	540	0	47	66	0
85	85	85	28	21675	255	0	255	255	255	673.553	546.529	0	4.736	0.265	4.718	673.553	546.529	0	669	542	0	10	10	0
96	96	96	31	24480	255	0	255	255	255	1243.896	548.292	0	5.211	1.061	5.293	1243.897	548.292	0	1239	542	0	11	13	0
90	90	90	28	22950	255	0	255	255	255	1220.933	549.844	0	4.915	0.309	4.962	1220.934	549.844	0	1216	545	0	11	11	0
434	434	434	85	110670	255	0	255	255	255	527.203	560.818	0	11.795	3.806	11.332	527.204	560.818	0	509	550	0	32	24	0
92	92	92	28	23460	255	0	255	255	255	202.272	563.370	0	4.976	0.294	4.934	202.272	563.370	0	197	558	0	11	11	0
173	173	173	46	44115	255	0	255	255	255	1220.405	567.936	0	7.104	2.105	7.237	1220.405	567.936	0	1213	559	0	15	19	0
57	57	57	22	14535	255	0	255	255	255	693.474	566.316	0	3.824	0.398	3.718	693.474	566.316	0	690	562	0	8	9	0
234	234	234	51	59670	255	0	255	255	255	567.633	573.568	0	8.423	2.261	9.341	567.633	573.568	0	559	563	0	18	22	0
471	471	471	79	120105	255	0	255	255	255	1332.690	575.476	0	12.318	3.349	12.397	1332.692	575.476	0	1318	564	0	33	23	0
131	131	131	38	33405	255	0	255	255	255	1197.939	571.763	0	6.235	1.815	6.706	1197.940	571.763	0	1190	565	0	16	14	0
14	14	14	10	3570	255	0	255	255	255	279.500	567.500	0	1.689	0.228	1.581	279.500	567.500	0	278	566	0	4	4	0
114	114	114	34	29070	255	0	255	255	255	508.123	577.202	0	5.562	0.749	5.781	508.123	577.202	0	502	572	0	13	11	0
122	122	122	34	31110	255	0	255	255	255	196.754	578.762	0	5.780	0.544	5.758	196.754	578.762	0	190	574	0	14	11	0
13	13	13	11	3315	255	0	255	255	255	652.385	578.231	0	1.620	0.577	1.632	652.385	578.231	0	651	576	0	4	5	0
78	78	78	31	19890	255	0	255	255	255	698.910	582.654	0	4.617	1.537	4.785	698.910	582.654	0	696	576	0	7	14	0
90	90	90	29	22950	255	0	255	255	255	1210.833	585.344	0	5.010	1.188	5.208	1210.834	585.344	0	1205	580	0	13	12	0
465	465	465	106	118575	255	0	255	255	255	1322.809	601.183	0	13.843	6.002	13.090	1322.809	601.183	0	1302	590	0	45	21	0
128	128	128	41	32640	255	0	255	255	255	272.258	596.562	0	6.146	2.035	6.282	272.258	596.562	0	264	592	0	19	10	0
819	819	819	159	208845	255	0	255	255	255	1273.906	612.485	0	14.403	6.007	14.666	1273.908	612.484	0	1255	592	0	40	41	0
375	375	375	66	95625	255	0	255	255	255	556.304	612.173	0	10.483	1.641	10.755	556.305	612.173	0	544	603	0	25	19	0
67	67	67	24	17085	255	0	255	255	255	708.418	609.149	0	4.187	0.368	4.167	708.418	609.149	0	704	605	0	10	9	0
283	283	283	63	72165	255	0	255	255	255	1386.689	616.456	0	9.764	3.326	8.851	1386.690	616.456	0	1375	605	0	24	24	0
374	374	374	79	95370	255	0	255	255	255	654.324	624.508	0	11.544	4.296	11.614	654.325	624.508	0	643	606	0	22	34	0
41	41	41	19	10455	255	0	255	255	255	241.854	611.146	0	3.158	0.240	3.150	241.854	611.146	0	239	608	0	7	7	0
79	79	79	28	20145	255	0	255	255	255	1365.456	612.633	0	4.548	0.874	4.743	1365.456	612.633	0	1360	609	0	12	8	0
301	301	301	59	76755	255	0	255	255	255	615.953	619.611	0	9.583	2.209	9.842	615.955	619.612	0	604	610	0	24	20	0
60	60	60	23	15300	255	0	255	255	255	208.083	621.883	0	3.926	0.468	4.085	208.083	621.883	0	204	618	0	9	9	0
399	399	399	69	101745	255	0	255	255	255	223.441	631.499	0	10.926	1.810	10.736	223.442	631.499	0	212	619	0	23	24	0
194	194	194	52	49470	255	0	255	255	255	1298.943	634.990	0	7.619	2.731	7.968	1298.944	634.990	0	1294	624	0	11	23	0
779	779	779	107	198645	255	0	255	255	255	1326.674	643.608	0	15.644	3.820	15.770	1326.676	643.608	0	1311	626	0	34	39	0
1702	1702	1702	240	434010	255	0	255	255	255	705.378	667.760	0	25.466	11.279	26.149	705.379	667.760	0	688	630	0	40	79	0
117	117	117	38	29835	255	0	255	255	255	1383.624	638.402	0	5.748	1.769	6.019	1383.625	638.402	0	1379	631	0	10	17	0
332	332	332	61	84660	255	0	255	255	255	1357.608	641.985	0	9.950	1.549	9.511	1357.610	641.985	0	1346	634	0	25	18	0
94	94	94	29	23970	255	0	255	255	255	1413.904	639.787	0	5.036	0.514	5.100	1413.905	639.787	0	1408	635	0	12	10	0
442	442	442	75	112710	255	0	255	255	255	164.136	652.584	0	11.448	2.068	12.053	164.136	652.583	0	154	640	0	23	28	0
404	404	404	73	103020	255	0	255	255	255	1403.052	655.547	0	11.084	2.364	11.033	1403.054	655.547	0	1392	644	0	23	27	0
92	92	92	31	23460	255	0	255	255	255	584.207	655.272	0	4.956	1.058	5.104	584.207	655.272	0	580	649	0	9	13	0
294	294	294	63	74970	255	0	255	255	255	664.136	668.520	0	9.355	2.897	9.932	664.137	668.520	0	655	656	0	19	26	0
1273	1273	1273	216	324615	255	0	255	255	255	1369.372	682.077	0	20.420	9.536	20.263	1369.373	682.078	0	1337	661	0	62	54	0
353	353	353	67	90015	255	0	255	255	255	603.530	670.360	0	10.399	2.883	10.487	603.531	670.360	0	589	662	0	29	18	0
111	111	111	34	28305	255	0	255	255	255	634.315	671.541	0	5.509	0.748	5.545	634.315	671.540	0	628	666	0	13	11	0
68	68	68	24	17340	255	0	255	255	255	107.838	679.206	0	4.217	0.300	4.228	107.838	679.206	0	104	675	0	9	10	0
254	254	254	51	64770	255	0	255	255	255	731.543	686.343	0	8.752	1.882	9.214	731.544	686.342	0	723	676	0	18	22	0
416	416	416	93	106080	255	0	255	255	255	152.846	691.712	0	11.843	5.142	12.285	152.846	691.711	0	135	679	0	34	28	0
386	386	386	98	98430	255	0	255	255	255	1411.723	707.093	0	12.934	5.882	11.931	1411.724	707.093	0	1403	684	0	18	45	0
78	78	78	26	19890	255	0	255	255	255	1395.987	690.897	0	4.560	0.574	4.473	1395.988	690.897	0	1392	685	0	9	12	0
118	118	118	32	30090	255	0	255	255	255	674.110	691.610	0	5.724	0.393	5.696	674.110	691.610	0	668	686	0	13	12	0
331	331	331	60	84405	255	0	255	255	255	194.492	701.888	0	9.957	1.507	9.589	194.492	701.888	0	184	692	0	23	21	0
517	517	517	84	131835	255	0	255	255	255	729.012	717.915	0	12.362	3.012	12.511	729.013	717.915	0	715	702	0	26	30	0
194	194	194	44	49470	255	0	255	255	255	622.376	711.036	0	7.533	1.476	7.836	622.377	711.036	0	614	703	0	18	17	0
90	90	90	30	22950	255	0	255	255	255	259.478	712.511	0	4.904	0.678	4.847	259.478	712.511	0	255	707	0	10	12	0
146	146	146	42	37230	255	0	255	255	255	165.979	720.055	0	6.926	2.236	7.071	165.979	720.055	0	158	713	0	18	15	0
4118	4118	4118	395	1050090	255	0	255	255	255	247.946	770.680	0	36.668	16.677	34.443	247.947	770.669	0	198	714	0	94	110	0
163	163	163	44	41565	255	0	255	255	255	92.227	728.865	0	6.905	1.885	7.082	92.227	728.865	0	85	721	0	16	17	0
11	11	11	9	2805	255	0	255	255	255	224.455	723.000	0	1.459	0.364	1.455	224.455	723.000	0	223	722	0	4	4	0
117	117	117	36	29835	255	0	255	255	255	143.436	735.077	0	5.708	1.263	5.717	143.436	735.077	0	136	731	0	16	9	0
106	106	106	34	27030	255	0	255	255	255	750.481	736.906	0	5.391	0.753	5.184	750.481	736.906	0	745	731	0	12	13	0
131	131	131	34	33405	255	0	255	255	255	637.282	740.641	0	6.065	0.690	6.047	637.283	740.641	0	630	734	0	15	14	0
28	28	28	15	7140	255	0	255	255	255	667.179	737.607	0	2.589	0.495	2.613	667.179	737.607	0	664	735	0	7	6	0
46	46	46	20	11730	255	0	255	255	255	74.696	746.348	0	3.377	0.308	3.394	74.696	746.348	0	71	743	0	8	8	0
253	253	253	54	64515	255	0	255	255	255	752.937	754.522	0	8.603	1.814	9.179	752.938	754.522	0	745	745	0	17	21	0
22	22	22	15	5610	255	0	255	255	255	770.682	749.409	0	2.303	0.978	2.430	770.682	749.409	0	769	746	0	5	8	0
190	190	190	46	48450	255	0	255	255	255	170.632	758.905	0	7.416	1.837	7.637	170.632	758.905	0	164	749	0	14	20	0
936	936	936	155	238680	255	0	255	255	255	713.318	764.931	0	17.111	5.987	15.709	713.320	764.932	0	689	749	0	53	37	0
152	152	152	43	38760	255	0	255	255	255	97.776	763.625	0	6.892	2.170	7.233	97.776	763.625	0	89	757	0	18	15	0
50	50	50	21	12750	255	0	255	255	255	72.380	772.100	0	3.526	0.338	3.498	72.380	772.100	0	69	769	0	8	7	0
156	156	156	41	39780	255	0	255	255	255	159.122	780.859	0	6.828	1.807	6.950	159.122	780.859	0	153	772	0	13	19	0
70	70	70	25	17850	255	0	255	255	255	762.414	780.014	0	4.280	0.283	4.256	762.414	780.014	0	758	776	0	10	9	0
13	13	13	10	3315	255	0	255	255	255	789.769	778.923	0	1.669	0.447	1.655	789.769	778.923	0	788	777	0	4	5	0
243	243	243	53	61965	255	0	255	255	255	90.547	788.486	0	8.382	1.250	8.310	90.547	788.486	0	82	780	0	18	18	0
83	83	83	29	21165	255	0	255	255	255	801.578	795.831	0	4.846	1.411	5.186	801.578	795.831	0	796	790	0	12	12	0
26	26	26	16	6630	255	0	255	255	255	685.692	799.462	0	2.434	0.589	2.425	685.692	799.462	0	683	797	0	6	6	0
146	146	146	37	37230	255	0	255	255	255	772.116	807.089	0	6.426	0.713	6.402	772.117	807.089	0	765	800	0	14	15	0
22	22	22	14	5610	255	0	255	255	255	691.273	804.500	0	2.181	0.467	2.288	691.273	804.500	0	689	803	0	6	4	0
504	504	504	81	128520	255	0	255	255	255	731.560	816.181	0	12.575	3.125	11.809	731.561	816.181	0	716	803	0	32	27	0
158	158	158	40	40290	255	0	255	255	255	44.671	824.956	0	6.667	1.151	6.628	44.671	824.956	0	39	816	0	13	18	0
156	156	156	47	39780	255	0	255	255	255	175.641	823.590	0	6.896	1.883	6.686	175.641	823.590	0	169	816	0	16	17	0
67	67	67	27	17085	255	0	255	255	255	701.791	821.358	0	4.218	0.647	4.224	701.791	821.358	0	698	817	0	9	10	0
215	215	215	53	54825	255	0	255	255	255	828.777	830.949	0	8.006	1.871	7.753	828.778	830.949	0	821	822	0	18	18	0
401	401	401	69	102255	255	0	255	255	255	138.357	843.676	0	10.962	2.104	11.016	138.357	843.676	0	129	828	0	20	29	0
156	156	156	40	39780	255	0	255	255	255	207.513	843.109	0	6.615	0.872	6.737	207.513	843.109	0	200	837	0	16	13	0
98	98	98	31	24990	255	0	255	255	255	747.010	842.092	0	5.135	0.538	5.092	747.010	842.092	0	742	837	0	11	12	0
41	41	41	19	10455	255	0	255	255	255	786.927	843.122	0	3.188	0.543	3.123	786.927	843.122	0	784	840	0	7	8	0
46	46	46	20	11730	255	0	255	255	255	161.674	850.348	0	3.375	0.319	3.402	161.674	850.348	0	158	847	0	8	8	0
58	58	58	24	14790	255	0	255	255	255	180.397	852.431	0	4.038	1.027	3.810	180.397	852.431	0	176	848	0	10	9	0
178	178	178	43	45390	255	0	255	255	255	835.320	857.539	0	7.127	0.971	7.222	835.321	857.539	0	829	850	0	16	16	0
105	105	105	30	26775	255	0	255	255	255	853.800	865.543	0	5.381	0.628	5.396	853.800	865.543	0	849	859	0	11	14	0
392	392	392	87	99960	255	0	255	255	255	126.056	877.737	0	11.291	4.800	12.079	126.056	877.737	0	113	861	0	29	31	0
627	627	627	91	159885	255	0	255	255	255	869.931	886.035	0	14.028	3.535	13.957	869.932	886.036	0	860	866	0	22	38	0
57	57	57	22	14535	255	0	255	255	255	832.807	880.807	0	3.834	0.361	3.874	832.807	880.807	0	829	877	0	9	9	0
150	150	150	38	38250	255	0	255	255	255	848.027	889.167	0	6.565	0.964	6.550	848.027	889.166	0	842	881	0	14	16	0
45	45	45	22	11475	255	0	255	255	255	812.822	908.756	0	3.414	0.942	3.463	812.822	908.756	0	808	906	0	10	6	0
100	100	100	31	25500	255	0	255	255	255	867.530	911.450	0	5.182	0.430	5.150	867.530	911.450	0	863	906	0	11	12	0
274	274	274	57	69870	255	0	255	255	255	103.044	920.369	0	9.625	2.917	9.152	103.044	920.369	0	92	909	0	23	24	0
64	64	64	24	16320	255	0	255	255	255	177.469	915.828	0	4.080	0.559	4.075	177.469	915.828	0	173	912	0	10	8	0
256	256	256	49	65280	255	0	255	255	255	796.742	925.527	0	8.608	0.503	8.620	796.743	925.528	0	788	917	0	19	18	0
93	93	93	30	23715	255	0	255	255	255	906.849	930.355	0	5.042	0.758	5.120	906.850	930.355	0	901	925	0	12	11	0
372	372	372	76	94860	255	0	255	255	255	912.997	946.395	0	10.338	3.427	10.689	912.998	946.395	0	902	934	0	24	27	0
197	197	197	44	50235	255	0	255	255	255	159.614	943.919	0	7.500	1.211	7.535	159.614	943.918	0	153	935	0	14	19	0
441	441	441	69	112455	255	0	255	255	255	129.410	972.587	0	11.429	0.944	11.330	129.410	972.588	0	117	962	0	26	22	0
416	416	416	81	106080	255	0	255	255	255	970.889	985.683	0	11.731	3.942	11.106	970.890	985.684	0	958	970	0	30	28	0
455	455	455	82	116025	255	0	255	255	255	84.402	980.152	0	12.196	3.717	12.346	84.402	980.153	0	66	971	0	35	18	0
12	12	12	9	3060	255	0	255	255	255	861.250	973.417	0	1.521	0.319	1.603	861.250	973.417	0	860	972	0	4	4	0
114	114	114	33	29070	255	0	255	255	255	871.307	983.781	0	5.597	0.989	5.731	871.308	983.781	0	866	977	0	12	14	0
1692	1692	1692	229	431460	255	0	255	255	255	932.882	1007.090	0	26.861	12.863	24.662	932.880	1007.095	0	887	979	0	83	64	0
316	316	316	73	80580	255	0	255	255	255	59.117	1004.684	0	10.756	4.060	10.684	59.117	1004.683	0	46	991	0	25	29	0
203	203	203	56	51765	255	0	255	255	255	1008.256	1015.975	0	7.949	3.223	8.205	1008.257	1015.975	0	999	1005	0	19	22	0
116	116	116	38	29580	255	0	255	255	255	84.147	1012.853	0	5.758	1.786	6.358	84.147	1012.853	0	78	1006	0	13	15	0
34	34	34	17	8670	255	0	255	255	255	884.647	1011.088	0	2.860	0.487	2.800	884.647	1011.088	0	881	1009	0	8	6	0
111	111	111	33	28305	255	0	255	255	255	990.577	1016.180	0	5.496	0.495	5.426	990.577	1016.180	0	985	1011	0	12	11	0
223	223	223	68	56865	255	0	255	255	255	113.561	1025.211	0	9.281	4.339	8.878	113.561	1025.211	0	102	1013	0	25	24	0
90	90	90	30	22950	255	0	255	255	255	904.100	1020.944	0	5.141	1.372	5.386	904.100	1020.944	0	898	1016	0	13	11	0
193	193	193	43	49215	255	0	255	255	255	45.166	1038.637	0	7.438	1.162	7.453	45.166	1038.638	0	38	1030	0	15	19	0
243	243	243	49	61965	255	0	255	255	255	1036.733	1044.008	0	8.480	1.523	8.191	1036.734	1044.008	0	1026	1037	0	22	15	0
39	39	39	17	9945	255	0	255	255	255	911.872	1041.128	0	3.110	0.199	3.085	911.872	1041.128	0	909	1038	0	7	7	0
