Volume (pixel^3)	Surface (pixel^2)	Nb of obj. voxels	Nb of surf. voxels	IntDen	Mean	StdDev	Median	Min	Max	X	Y	Z	Mean dist. to surf. (pixel)	SD dist. to surf. (pixel)	Median dist. to surf. (pixel)	XM	YM	ZM	BX	BY	BZ	B-width	B-height	B-depth
16511	16511	16511	10253	4210305	255	0	255	255	255	793.674	576.278	0	716.538	110.683	731.395	793.657	576.259	0	0	0	0	1486	1100	0
63	63	63	24	16065	255	0	255	255	255	152.429	56.190	0	4.048	0.648	4.083	152.429	56.190	0	148	53	0	10	8	0
61	61	61	23	15555	255	0	255	255	255	140.590	59.344	0	3.969	0.426	3.918	140.590	59.344	0	136	56	0	10	8	0
100	100	100	34	25500	255	0	255	255	255	98.760	73.640	0	5.420	1.680	5.802	98.760	73.640	0	92	68	0	14	13	0
94	94	94	30	23970	255	0	255	255	255	187.181	87.723	0	5.189	0.935	5.280	187.181	87.723	0	182	82	0	11	12	0
102	102	102	33	26010	255	0	255	255	255	126.402	103.098	0	5.380	1.167	5.512	126.402	103.098	0	121	97	0	12	13	0
51	51	51	21	13005	255	0	255	255	255	112.647	110.667	0	3.584	0.247	3.608	112.647	110.667	0	109	107	0	8	8	0
151	151	151	51	38505	255	0	255	255	255	132.325	132.543	0	6.922	2.665	6.510	132.325	132.543	0	124	124	0	17	19	0
38	38	38	24	9690	255	0	255	255	255	1458.211	138.947	0	3.242	1.170	3.316	1458.211	138.947	0	1455	134	0	10	9	0
78	78	78	28	19890	255	0	255	255	255	194.910	141.500	0	4.538	0.680	4.655	194.910	141.500	0	190	138	0	11	8	0
68	68	68	24	17340	255	0	255	255	255	1435.765	144.235	0	4.210	0.281	4.249	1435.765	144.235	0	1432	140	0	9	9	0
17085	17085	17085	1292	4356675	255	0	255	255	255	1316.562	242.321	0	95.426	41.299	94.937	1316.796	242.322	0	1197	148	0	273	239	0
187	187	187	46	47685	255	0	255	255	255	182.337	178.460	0	7.245	1.150	7.419	182.337	178.460	0	175	170	0	16	16	0
80	80	80	27	20400	255	0	255	255	255	120.312	187.462	0	4.596	0.272	4.578	120.312	187.462	0	116	183	0	10	10	0
12	12	12	9	3060	255	0	255	255	255	1452.500	191.667	0	1.543	0.323	1.537	1452.500	191.667	0	1451	190	0	4	4	0
67	67	67	24	17085	255	0	255	255	255	223.000	195.119	0	4.167	0.224	4.156	223.000	195.119	0	219	191	0	9	9	0
102	102	102	30	26010	255	0	255	255	255	154.108	217.588	0	5.249	0.307	5.297	154.108	217.588	0	149	212	0	12	12	0
202	202	202	47	51510	255	0	255	255	255	280.767	224.183	0	7.810	1.899	8.129	280.767	224.183	0	271	217	0	19	16	0
1542	1542	1542	198	393210	255	0	255	255	255	992.526	264.472	0	24.376	8.988	24.535	992.524	264.472	0	974	237	0	40	74	0
251	251	251	52	64005	255	0	255	255	255	260.566	253.414	0	8.553	1.356	8.584	260.566	253.414	0	252	243	0	18	22	0
90	90	90	31	22950	255	0	255	255	255	189.889	266.967	0	4.972	1.213	5.155	189.889	266.967	0	185	261	0	11	13	0
71	71	71	26	18105	255	0	255	255	255	215.000	270.817	0	4.285	0.314	4.301	215.000	270.817	0	211	267	0	9	9	0
93	93	93	29	23715	255	0	255	255	255	329.129	279.817	0	4.985	0.394	5.013	329.129	279.817	0	324	275	0	11	11	0
48	48	48	20	12240	255	0	255	255	255	138.208	279.062	0	3.469	0.353	3.419	138.208	279.062	0	134	276	0	9	7	0
171	171	171	41	43605	255	0	255	255	255	311.450	289.789	0	6.938	0.523	6.812	311.450	289.789	0	304	283	0	16	14	0
141	141	141	40	35955	255	0	255	255	255	1199.057	294.752	0	6.362	1.291	6.072	1199.057	294.752	0	1194	286	0	11	17	0
243	243	243	52	61965	255	0	255	255	255	229.547	308.798	0	8.401	1.070	8.309	229.547	308.798	0	221	300	0	20	18	0
342	342	342	63	87210	255	0	255	255	255	89.789	310.424	0	10.125	1.845	9.457	89.789	310.424	0	77	301	0	27	19	0
389	389	389	69	99195	255	0	255	255	255	385.458	320.406	0	10.964	2.595	10.801	385.459	320.406	0	376	307	0	18	30	0
69	69	69	30	17595	255	0	255	255	255	1202.493	312.000	0	4.388	1.596	4.610	1202.493	312.000	0	1196	309	0	14	7	0
259	259	259	52	66045	255	0	255	255	255	271.548	322.448	0	8.789	1.323	8.563	271.548	322.448	0	263	312	0	18	22	0
1020	1020	1020	159	260100	255	0	255	255	255	1147.598	346.375	0	19.843	6.630	19.300	1147.597	346.374	0	1122	317	0	48	53	0
82	82	82	27	20910	255	0	255	255	255	197.110	324.329	0	4.665	0.292	4.719	197.110	324.329	0	192	320	0	11	10	0
149	149	149	42	37995	255	0	255	255	255	114.168	337.081	0	6.494	1.703	6.710	114.168	337.081	0	106	332	0	18	11	0
320	320	320	58	81600	255	0	255	255	255	316.584	359.862	0	9.741	1.330	9.709	316.585	359.863	0	307	349	0	21	23	0
26	26	26	23	6630	255	0	255	255	255	451.462	356.269	0	2.762	1.211	2.770	451.462	356.269	0	448	353	0	8	8	0
79	79	79	26	20145	255	0	255	255	255	1170.823	363.494	0	4.589	0.415	4.566	1170.823	363.494	0	1166	358	0	10	11	0
282	282	282	60	71910	255	0	255	255	255	1183.450	370.528	0	9.117	2.166	9.405	1183.451	370.528	0	1174	360	0	21	22	0
335	335	335	65	85425	255	0	255	255	255	1384.030	375.863	0	10.010	2.477	10.107	1384.031	375.863	0	1374	365	0	24	20	0
71	71	71	25	18105	255	0	255	255	255	342.944	371.155	0	4.300	0.319	4.287	342.944	371.155	0	339	367	0	10	9	0
143	143	143	40	36465	255	0	255	255	255	107.490	381.573	0	6.457	1.620	6.820	107.490	381.573	0	100	375	0	16	14	0
56	56	56	22	14280	255	0	255	255	255	1119.339	382.464	0	3.782	0.451	3.695	1119.339	382.464	0	1115	379	0	9	8	0
184	184	184	44	46920	255	0	255	255	255	1291.788	386.652	0	7.189	0.554	7.217	1291.789	386.652	0	1285	379	0	15	15	0
118	118	118	34	30090	255	0	255	255	255	1335.093	387.220	0	5.717	0.625	5.766	1335.094	387.220	0	1330	381	0	12	13	0
4608	4608	4608	567	1175040	255	0	255	255	255	1138.737	444.170	0	45.063	21.604	43.728	1138.700	444.173	0	1082	382	0	120	140	0
186	186	186	41	47430	255	0	255	255	255	1358.661	389.495	0	7.273	0.641	7.238	1358.662	389.495	0	1351	382	0	15	17	0
732	732	732	112	186660	255	0	255	255	255	1099.365	404.240	0	15.096	4.693	15.313	1099.365	404.240	0	1084	384	0	28	43	0
136	136	136	39	34680	255	0	255	255	255	1406.846	390.213	0	6.255	2.086	6.948	1406.846	390.213	0	1398	384	0	18	13	0
184	184	184	45	46920	255	0	255	255	255	369.478	391.299	0	7.282	1.199	7.653	369.478	391.299	0	361	385	0	19	15	0
68	68	68	25	17340	255	0	255	255	255	460.000	389.118	0	4.253	0.533	4.160	460.000	389.118	0	455	385	0	11	10	0
73	73	73	25	18615	255	0	255	255	255	99.699	395.726	0	4.400	0.387	4.342	99.699	395.726	0	95	392	0	11	9	0
74	74	74	34	18870	255	0	255	255	255	1261.689	401.581	0	5.263	2.330	5.310	1261.690	401.581	0	1255	395	0	12	15	0
152	152	152	43	38760	255	0	255	255	255	146.217	403.434	0	6.590	2.079	7.103	146.217	403.434	0	137	398	0	19	12	0
491	491	491	83	125205	255	0	255	255	255	1319.053	407.898	0	12.427	2.588	11.790	1319.054	407.898	0	1304	398	0	34	22	0
132	132	132	37	33660	255	0	255	255	255	1076.470	410.182	0	6.101	0.829	6.001	1076.470	410.182	0	1070	404	0	14	13	0
61	61	61	23	15555	255	0	255	255	255	1418.295	415.574	0	3.989	0.416	3.960	1418.295	415.574	0	1414	412	0	10	8	0
215	215	215	48	54825	255	0	255	255	255	1391.642	424.619	0	7.848	1.167	7.765	1391.643	424.619	0	1384	415	0	15	20	0
194	194	194	45	49470	255	0	255	255	255	387.242	426.119	0	7.482	1.297	7.841	387.242	426.118	0	379	419	0	18	16	0
310	310	310	72	79050	255	0	255	255	255	1050.923	435.206	0	9.780	3.550	9.443	1050.923	435.207	0	1042	422	0	20	29	0
320	320	320	57	81600	255	0	255	255	255	91.534	435.681	0	9.841	1.657	10.333	91.534	435.681	0	81	424	0	22	24	0
80	80	80	27	20400	255	0	255	255	255	501.688	428.225	0	4.624	0.768	4.615	501.688	428.225	0	496	424	0	12	9	0
229	229	229	50	58395	255	0	255	255	255	1294.742	435.956	0	8.248	1.601	7.648	1294.743	435.956	0	1288	425	0	15	23	0
94	94	94	32	23970	255	0	255	255	255	345.777	431.734	0	5.166	1.420	5.302	345.777	431.734	0	339	427	0	14	10	0
124	124	124	35	31620	255	0	255	255	255	156.992	437.153	0	5.907	1.267	6.102	156.992	437.153	0	150	431	0	15	13	0
313	313	313	56	79815	255	0	255	255	255	547.444	439.764	0	9.570	1.203	9.465	547.445	439.764	0	536	431	0	23	18	0
152	152	152	42	38760	255	0	255	255	255	1465.868	437.112	0	6.643	1.620	7.115	1465.869	437.112	0	1457	431	0	18	13	0
57	57	57	22	14535	255	0	255	255	255	419.070	437.754	0	3.835	0.334	3.859	419.070	437.754	0	415	434	0	9	8	0
211	211	211	48	53805	255	0	255	255	255	1099.687	443.014	0	7.813	1.118	7.943	1099.688	443.014	0	1091	434	0	17	18	0
131	131	131	35	33405	255	0	255	255	255	593.618	443.046	0	6.036	0.610	6.080	593.619	443.046	0	587	437	0	14	13	0
108	108	108	34	27540	255	0	255	255	255	203.935	441.583	0	5.414	1.279	5.667	203.935	441.583	0	197	438	0	15	9	0
193	193	193	46	49215	255	0	255	255	255	1068.819	447.482	0	7.476	1.575	7.750	1068.820	447.482	0	1062	438	0	14	20	0
64	64	64	26	16320	255	0	255	255	255	1216.781	441.391	0	4.186	0.956	4.027	1216.781	441.391	0	1212	438	0	11	8	0
893	893	893	150	227715	255	0	255	255	255	954.216	458.451	0	18.354	7.181	17.617	954.217	458.452	0	926	439	0	56	37	0
236	236	236	58	60180	255	0	255	255	255	389.064	449.449	0	8.771	2.843	9.235	389.064	449.449	0	376	441	0	25	16	0
91	91	91	30	23205	255	0	255	255	255	444.044	446.154	0	5.001	1.118	4.970	444.044	446.154	0	438	442	0	14	9	0
79	79	79	28	20145	255	0	255	255	255	1241.405	446.747	0	4.597	0.899	4.650	1241.406	446.747	0	1236	443	0	12	8	0
75	75	75	26	19125	255	0	255	255	255	1333.347	447.227	0	4.435	0.286	4.440	1333.347	447.227	0	1329	443	0	10	10	0
275	275	275	63	70125	255	0	255	255	255	1032.695	452.633	0	9.175	2.559	9.225	1032.696	452.633	0	1019	444	0	26	16	0
50	50	50	20	12750	255	0	255	255	255	1266.540	447.400	0	3.556	0.235	3.585	1266.540	447.400	0	1263	444	0	8	8	0
257	257	257	52	65535	255	0	255	255	255	1422.117	454.615	0	8.694	1.293	8.255	1422.118	454.615	0	1414	444	0	17	22	0
141	141	141	39	35955	255	0	255	255	255	282.291	458.879	0	6.457	1.619	7.157	282.291	458.879	0	275	452	0	16	15	0
114	114	114	32	29070	255	0	255	255	255	1083.991	463.018	0	5.575	0.460	5.657	1083.992	463.018	0	1079	457	0	11	13	0
1008	1008	1008	161	257040	255	0	255	255	255	1376.949	479.812	0	16.007	6.372	16.222	1376.948	479.813	0	1355	460	0	49	38	0
212	212	212	44	54060	255	0	255	255	255	1465.953	467.868	0	7.810	0.570	7.928	1465.954	467.868	0	1457	460	0	18	17	0
156	156	156	39	39780	255	0	255	255	255	1198.231	466.974	0	6.623	0.890	6.569	1198.232	466.974	0	1191	461	0	16	13	0
73	73	73	26	18615	255	0	255	255	255	212.849	466.493	0	4.362	0.425	4.456	212.849	466.493	0	208	462	0	10	10	0
67	67	67	25	17085	255	0	255	255	255	400.284	466.597	0	4.165	0.413	4.186	400.284	466.597	0	396	463	0	10	9	0
298	298	298	56	75990	255	0	255	255	255	1317.174	473.097	0	9.338	1.176	9.163	1317.176	473.097	0	1306	463	0	22	20	0
68	68	68	27	17340	255	0	255	255	255	1036.191	466.985	0	4.253	0.965	4.309	1036.191	466.985	0	1031	464	0	12	7	0
76	76	76	26	19380	255	0	255	255	255	511.197	469.000	0	4.471	0.348	4.386	511.197	469.000	0	507	465	0	10	9	0
1617	1617	1617	248	412335	255	0	255	255	255	972.443	496.846	0	30.053	14.261	29.082	972.444	496.845	0	924	465	0	95	64	0
290	290	290	55	73950	255	0	255	255	255	427.948	478.621	0	9.235	1.403	8.900	427.949	478.621	0	420	468	0	17	23	0
167	167	167	45	42585	255	0	255	255	255	472.760	473.509	0	6.954	2.090	7.205	472.761	473.509	0	463	468	0	20	12	0
37	37	37	19	9435	255	0	255	255	255	1062.108	470.919	0	3.076	0.686	3.109	1062.108	470.919	0	1059	468	0	8	6	0
221	221	221	47	56355	255	0	255	255	255	688.122	478.964	0	8.002	0.870	7.927	688.123	478.964	0	679	472	0	20	15	0
1650	1650	1650	251	420750	255	0	255	255	255	1062.427	526.748	0	26.499	11.729	26.872	1062.430	526.749	0	1041	477	0	42	90	0
166	166	166	42	42330	255	0	255	255	255	1235.012	484.494	0	6.863	0.816	6.801	1235.013	484.494	0	1229	477	0	13	16	0
700	700	700	86	178500	255	0	255	255	255	1264.526	491.134	0	14.909	3.476	15.543	1264.528	491.135	0	1245	477	0	39	30	0
260	260	260	51	66300	255	0	255	255	255	1337.365	485.958	0	8.797	1.703	8.980	1337.367	485.958	0	1327	477	0	22	19	0
162	162	162	41	41310	255	0	255	255	255	336.772	486.031	0	7.014	1.816	7.077	336.772	486.031	0	329	478	0	17	17	0
99	99	99	30	25245	255	0	255	255	255	528.030	483.586	0	5.339	1.231	5.590	528.030	483.586	0	522	478	0	13	12	0
180	180	180	45	45900	255	0	255	255	255	611.906	487.556	0	7.236	1.744	7.325	611.906	487.555	0	602	482	0	21	12	0
178	178	178	43	45390	255	0	255	255	255	1300.230	490.444	0	7.118	0.981	7.236	1300.231	490.444	0	1294	482	0	14	17	0
60	60	60	23	15300	255	0	255	255	255	1417.717	485.967	0	3.967	0.576	4.023	1417.717	485.967	0	1413	482	0	10	9	0
41	41	41	18	10455	255	0	255	255	255	454.000	490.244	0	3.174	0.219	3.169	454.000	490.244	0	451	487	0	7	7	0
255	255	255	58	65025	255	0	255	255	255	503.051	494.784	0	8.769	2.759	9.211	503.052	494.784	0	490	487	0	25	15	0
229	229	229	48	58395	255	0	255	255	255	554.742	496.424	0	8.191	1.279	7.799	554.743	496.423	0	545	489	0	20	16	0
71	71	71	28	18105	255	0	255	255	255	1225.493	496.761	0	4.441	0.887	4.361	1225.493	496.761	0	1220	493	0	13	9	0
137	137	137	57	34935	255	0	255	255	255	1198.628	503.978	0	6.116	1.896	6.238	1198.629	503.978	0	1192	495	0	16	18	0
25	25	25	16	6375	255	0	255	255	255	1215.360	497.360	0	2.396	0.513	2.387	1215.360	497.360	0	1212	495	0	7	6	0
78	78	78	27	19890	255	0	255	255	255	934.680	501.603	0	4.525	0.332	4.541	934.680	501.603	0	930	497	0	10	10	0
317	317	317	76	80835	255	0	255	255	255	1010.871	507.757	0	9.819	4.392	10.542	1010.872	507.757	0	996	499	0	31	21	0
18	18	18	12	4590	255	0	255	255	255	698.944	502.778	0	1.965	0.477	2.040	698.944	502.778	0	697	501	0	5	5	0
21	21	21	15	5355	255	0	255	255	255	1213.667	505.238	0	2.311	0.836	2.345	1213.667	505.238	0	1211	503	0	8	5	0
16	16	16	11	4080	255	0	255	255	255	1223.062	504.625	0	1.829	0.395	1.876	1223.062	504.625	0	1221	503	0	5	5	0
53	53	53	20	13515	255	0	255	255	255	189.755	510.075	0	3.702	0.290	3.764	189.755	510.075	0	186	506	0	8	9	0
137	137	137	38	34935	255	0	255	255	255	377.774	512.635	0	6.411	1.639	6.836	377.774	512.635	0	370	506	0	16	14	0
46	46	46	21	11730	255	0	255	255	255	732.696	512.000	0	3.357	0.459	3.357	732.696	512.000	0	729	509	0	8	7	0
397	397	397	69	101235	255	0	255	255	255	872.358	521.335	0	11.061	2.623	11.521	872.359	521.335	0	859	509	0	26	26	0
123	123	123	36	31365	255	0	255	255	255	1036.577	514.472	0	5.977	1.354	6.244	1036.578	514.472	0	1029	509	0	16	12	0
337	337	337	60	85935	255	0	255	255	255	814.457	524.205	0	9.988	1.580	10.171	814.458	524.205	0	804	511	0	20	25	0
86	86	86	27	21930	255	0	255	255	255	285.058	517.047	0	4.956	0.806	5.058	285.058	517.047	0	280	512	0	11	11	0
190	190	190	43	48450	255	0	255	255	255	898.900	520.337	0	7.380	1.180	7.548	898.901	520.337	0	891	514	0	18	15	0
548	548	548	117	139740	255	0	255	255	255	721.575	535.912	0	12.161	5.015	13.008	721.576	535.912	0	706	521	0	37	33	0
248	248	248	49	63240	255	0	255	255	255	956.573	535.516	0	8.485	0.702	8.603	956.574	535.516	0	948	526	0	18	20	0
196	196	196	45	49980	255	0	255	255	255	599.357	536.214	0	7.501	1.409	7.646	599.358	536.214	0	593	527	0	14	19	0
385	385	385	68	98175	255	0	255	255	255	990.886	540.795	0	10.654	1.534	11.025	990.887	540.795	0	982	530	0	20	23	0
44	44	44	19	11220	255	0	255	255	255	913.114	534.364	0	3.298	0.337	3.318	913.114	534.364	0	910	531	0	7	8	0
76	76	76	26	19380	255	0	255	255	255	1013.118	537.158	0	4.480	0.337	4.413	1013.119	537.158	0	1009	533	0	10	10	0
290	290	290	62	73950	255	0	255	255	255	836.007	544.107	0	9.469	2.467	9.667	836.008	544.107	0	822	534	0	25	21	0
147	147	147	37	37485	255	0	255	255	255	884.578	541.816	0	6.427	0.593	6.538	884.579	541.816	0	878	535	0	14	15	0
165	165	165	43	42075	255	0	255	255	255	510.061	542.430	0	6.825	1.336	6.893	510.061	542.430	0	502	537	0	18	12	0
121	121	121	33	30855	255	0	255	255	255	1030.306	543.810	0	6.001	1.254	6.229	1030.307	543.810	0	1024	537	0	14	14	0
243	243	243	51	61965	255	0	255	255	255	938.391	551.165	0	8.387	1.038	8.393	938.392	551.165	0	929	542	0	19	18	0
81	81	81	27	20655	255	0	255	255	255	582.839	547.704	0	4.623	0.400	4.674	582.839	547.704	0	578	543	0	11	10	0
277	277	277	65	70635	255	0	255	255	255	748.437	557.097	0	9.397	3.050	9.994	748.438	557.098	0	737	550	0	27	15	0
67	67	67	24	17085	255	0	255	255	255	770.567	561.343	0	4.171	0.328	4.242	770.567	561.343	0	766	557	0	10	9	0
105	105	105	30	26775	255	0	255	255	255	317.448	564.981	0	5.344	0.298	5.359	317.448	564.981	0	312	560	0	12	11	0
78	78	78	27	19890	255	0	255	255	255	446.154	565.000	0	4.531	0.378	4.405	446.154	565.000	0	441	561	0	11	9	0
90	90	90	28	22950	255	0	255	255	255	863.889	565.511	0	4.914	0.323	4.902	863.889	565.511	0	859	561	0	11	10	0
141	141	141	41	35955	255	0	255	255	255	820.652	566.433	0	6.322	1.612	6.426	820.653	566.433	0	812	562	0	18	10	0
450	450	450	70	114750	255	0	255	255	255	913.278	579.891	0	11.540	1.301	11.375	913.279	579.891	0	902	566	0	23	28	0
263	263	263	56	67065	255	0	255	255	255	946.411	575.133	0	8.798	2.176	8.783	946.412	575.133	0	935	568	0	23	15	0
198	198	198	43	50490	255	0	255	255	255	376.975	576.808	0	7.565	0.724	7.519	376.975	576.808	0	368	569	0	18	16	0
12	12	12	10	3060	255	0	255	255	255	205.083	570.750	0	1.547	0.500	1.434	205.083	570.750	0	203	570	0	5	3	0
1364	1364	1364	249	347820	255	0	255	255	255	1002.564	594.100	0	21.916	10.761	20.215	1002.563	594.099	0	972	570	0	73	50	0
87	87	87	28	22185	255	0	255	255	255	894.023	576.552	0	4.817	0.354	4.745	894.023	576.552	0	889	572	0	11	10	0
126	126	126	34	32130	255	0	255	255	255	334.698	581.500	0	5.976	1.056	5.927	334.698	581.500	0	328	576	0	15	12	0
233	233	233	61	59415	255	0	255	255	255	488.455	583.712	0	8.817	3.452	8.678	488.456	583.713	0	475	578	0	28	13	0
187	187	187	43	47685	255	0	255	255	255	849.262	587.647	0	7.299	1.129	7.652	849.263	587.647	0	841	580	0	17	16	0
144	144	144	44	36720	255	0	255	255	255	734.354	587.632	0	6.353	2.287	6.870	734.355	587.632	0	725	581	0	19	14	0
160	160	160	44	40800	255	0	255	255	255	814.119	589.194	0	6.819	1.957	7.275	814.120	589.194	0	805	583	0	19	13	0
54	54	54	21	13770	255	0	255	255	255	659.611	592.093	0	3.714	0.285	3.763	659.611	592.093	0	656	588	0	8	9	0
257	257	257	50	65535	255	0	255	255	255	874.405	597.195	0	8.613	0.734	8.798	874.406	597.195	0	865	588	0	19	19	0
157	157	157	45	40035	255	0	255	255	255	928.949	596.694	0	6.643	2.124	7.085	928.950	596.694	0	920	589	0	18	16	0
73	73	73	25	18615	255	0	255	255	255	650.370	602.767	0	4.378	0.350	4.437	650.370	602.767	0	646	599	0	10	9	0
59	59	59	23	15045	255	0	255	255	255	676.237	604.169	0	3.876	0.356	3.897	676.237	604.169	0	672	600	0	9	9	0
171	171	171	42	43605	255	0	255	255	255	904.474	606.158	0	7.009	1.246	6.860	904.475	606.158	0	896	600	0	18	14	0
132	132	132	37	33660	255	0	255	255	255	524.000	607.871	0	6.157	1.323	6.593	524.000	607.871	0	517	602	0	15	13	0
284	284	284	68	72420	255	0	255	255	255	773.356	613.835	0	9.285	3.388	9.763	773.357	613.834	0	761	602	0	25	23	0
60	60	60	23	15300	255	0	255	255	255	694.300	609.483	0	3.924	0.335	3.876	694.300	609.483	0	690	605	0	9	9	0
190	190	190	47	48450	255	0	255	255	255	950.821	611.426	0	7.400	1.302	7.601	950.822	611.426	0	943	605	0	18	15	0
292	292	292	68	74460	255	0	255	255	255	802.771	618.062	0	9.366	2.824	9.228	802.771	618.062	0	794	608	0	22	24	0
195	195	195	43	49725	255	0	255	255	255	427.697	622.646	0	7.548	1.209	7.832	427.698	622.646	0	419	615	0	18	16	0
149	149	149	39	37995	255	0	255	255	255	622.262	623.289	0	6.537	1.317	6.860	622.262	623.289	0	614	617	0	17	14	0
257	257	257	50	65535	255	0	255	255	255	397.117	626.669	0	8.589	0.516	8.683	397.117	626.670	0	388	618	0	19	18	0
70	70	70	24	17850	255	0	255	255	255	832.757	625.029	0	4.291	0.330	4.256	832.757	625.029	0	828	621	0	10	9	0
237	237	237	52	60435	255	0	255	255	255	345.941	632.646	0	8.435	2.032	8.631	345.941	632.645	0	335	625	0	23	16	0
1061	1061	1061	211	270555	255	0	255	255	255	952.353	650.094	0	17.570	6.544	17.387	952.352	650.093	0	925	628	0	52	46	0
427	427	427	96	108885	255	0	255	255	255	858.293	637.073	0	12.434	5.752	13.057	858.294	637.072	0	837	629	0	40	20	0
54	54	54	21	13770	255	0	255	255	255	639.778	634.926	0	3.713	0.390	3.778	639.778	634.926	0	636	631	0	9	9	0
156	156	156	46	39780	255	0	255	255	255	687.923	641.827	0	6.852	2.411	7.283	687.924	641.827	0	680	634	0	17	17	0
237	237	237	51	60435	255	0	255	255	255	903.350	644.443	0	8.411	1.885	8.162	903.352	644.444	0	893	636	0	22	17	0
80	80	80	26	20400	255	0	255	255	255	454.212	643.450	0	4.613	0.295	4.589	454.212	643.450	0	449	639	0	11	10	0
154	154	154	41	39270	255	0	255	255	255	575.078	648.383	0	6.616	1.507	7.400	575.078	648.383	0	568	641	0	15	16	0
78	78	78	27	19890	255	0	255	255	255	467.115	649.654	0	4.563	0.761	4.737	467.115	649.654	0	462	645	0	11	10	0
65	65	65	26	16575	255	0	255	255	255	667.585	648.615	0	4.159	1.115	4.371	667.585	648.615	0	662	645	0	12	8	0
149	149	149	40	37995	255	0	255	255	255	815.081	657.779	0	6.450	0.700	6.511	815.081	657.779	0	809	651	0	14	14	0
3964	3964	3964	467	1010820	255	0	255	255	255	732.822	711.382	0	35.113	17.084	36.011	732.818	711.379	0	683	656	0	99	108	0
395	395	395	89	100725	255	0	255	255	255	839.891	670.615	0	11.278	4.200	12.081	839.892	670.615	0	826	656	0	28	30	0
189	189	189	47	48195	255	0	255	255	255	506.021	663.339	0	7.335	1.348	7.400	506.022	663.339	0	499	657	0	17	15	0
128	128	128	33	32640	255	0	255	255	255	449.461	666.969	0	6.043	0.825	6.225	449.461	666.969	0	443	661	0	14	13	0
297	297	297	73	75735	255	0	255	255	255	726.889	675.683	0	9.895	3.610	10.461	726.890	675.683	0	716	664	0	24	27	0
222	222	222	61	56610	255	0	255	255	255	931.455	672.847	0	7.579	2.826	8.171	931.456	672.847	0	921	664	0	20	20	0
135	135	135	39	34425	255	0	255	255	255	997.326	679.370	0	6.227	1.684	6.532	997.327	679.370	0	989	674	0	17	12	0
123	123	123	34	31365	255	0	255	255	255	400.463	680.146	0	5.832	0.689	5.680	400.463	680.147	0	394	675	0	14	12	0
276	276	276	54	70380	255	0	255	255	255	427.750	686.949	0	9.255	1.928	9.231	427.751	686.949	0	417	677	0	22	21	0
366	366	366	84	93330	255	0	255	255	255	969.773	685.907	0	10.788	4.679	10.802	969.774	685.908	0	951	677	0	35	17	0
66	66	66	24	16830	255	0	255	255	255	597.061	681.849	0	4.132	0.226	4.150	597.061	681.849	0	593	678	0	9	9	0
167	167	167	48	42585	255	0	255	255	255	632.898	686.299	0	6.876	2.565	7.436	632.899	686.299	0	623	680	0	21	14	0
75	75	75	27	19125	255	0	255	255	255	474.360	684.680	0	4.477	0.877	4.529	474.360	684.680	0	469	681	0	12	8	0
79	79	79	26	20145	255	0	255	255	255	889.924	686.240	0	4.592	0.367	4.585	889.924	686.240	0	885	682	0	11	10	0
227	227	227	52	57885	255	0	255	255	255	823.652	691.383	0	8.191	1.304	8.428	823.653	691.383	0	815	683	0	18	20	0
281	281	281	56	71655	255	0	255	255	255	1028.310	693.744	0	9.056	1.653	9.049	1028.310	693.744	0	1019	684	0	18	22	0
129	129	129	38	32895	255	0	255	255	255	847.302	695.473	0	5.973	1.391	6.380	847.303	695.472	0	840	690	0	16	11	0
874	874	874	143	222870	255	0	255	255	255	1004.538	726.728	0	17.676	8.346	17.739	1004.539	726.727	0	987	698	0	34	59	0
100	100	100	31	25500	255	0	255	255	255	559.860	705.600	0	5.177	0.444	5.175	559.860	705.600	0	554	701	0	12	10	0
278	278	278	84	70890	255	0	255	255	255	859.835	717.122	0	9.357	4.209	10.610	859.835	717.122	0	852	701	0	18	30	0
185	185	185	43	47175	255	0	255	255	255	1067.097	709.476	0	7.212	0.668	7.350	1067.098	709.476	0	1059	703	0	17	14	0
178	178	178	44	45390	255	0	255	255	255	582.466	712.882	0	7.198	1.673	7.763	582.467	712.882	0	574	706	0	18	15	0
115	115	115	34	29325	255	0	255	255	255	507.835	713.313	0	5.618	1.010	5.842	507.835	713.313	0	503	707	0	11	14	0
641	641	641	97	163455	255	0	255	255	255	894.516	723.328	0	13.687	3.368	13.715	894.518	723.327	0	878	710	0	32	34	0
23	23	23	17	5865	255	0	255	255	255	819.304	714.261	0	2.590	1.163	2.708	819.304	714.261	0	815	711	0	8	7	0
833	833	833	143	212415	255	0	255	255	255	1116.623	724.399	0	18.867	7.683	18.967	1116.625	724.400	0	1087	711	0	58	37	0
107	107	107	34	27285	255	0	255	255	255	1045.570	718.439	0	5.517	1.236	5.724	1045.571	718.439	0	1040	712	0	13	14	0
92	92	92	29	23460	255	0	255	255	255	473.674	720.380	0	4.954	0.315	4.938	473.674	720.380	0	469	715	0	11	11	0
103	103	103	32	26265	255	0	255	255	255	631.311	721.291	0	5.500	1.563	6.098	631.311	721.291	0	625	715	0	14	13	0
143	143	143	39	36465	255	0	255	255	255	1020.902	722.126	0	6.389	1.527	6.641	1020.903	722.126	0	1013	716	0	17	13	0
4027	4027	4027	434	1026885	255	0	255	255	255	807.937	764.706	0	33.137	11.794	35.446	807.934	764.715	0	767	717	0	87	104	0
16	16	16	12	4080	255	0	255	255	255	829.688	721.562	0	1.855	0.417	1.725	829.688	721.562	0	828	720	0	5	5	0
308	308	308	56	78540	255	0	255	255	255	1071.156	731.435	0	9.462	0.817	9.551	1071.157	731.435	0	1060	722	0	22	20	0
296	296	296	55	75480	255	0	255	255	255	925.963	734.578	0	9.305	1.003	9.249	925.964	734.578	0	917	723	0	19	22	0
145	145	145	41	36975	255	0	255	255	255	980.166	728.200	0	6.403	1.540	6.472	980.166	728.200	0	972	723	0	17	11	0
159	159	159	52	40545	255	0	255	255	255	958.553	734.157	0	6.952	2.810	7.486	958.554	734.157	0	953	724	0	13	21	0
72	72	72	26	18360	255	0	255	255	255	1152.083	728.403	0	4.330	0.293	4.351	1152.084	728.403	0	1148	724	0	9	10	0
303	303	303	57	77265	255	0	255	255	255	1038.152	740.799	0	9.475	1.179	9.203	1038.153	740.799	0	1027	730	0	21	21	0
73	73	73	26	18615	255	0	255	255	255	1182.370	736.521	0	4.381	0.427	4.448	1182.370	736.521	0	1178	732	0	10	10	0
133	133	133	39	33915	255	0	255	255	255	1095.774	743.654	0	6.282	1.934	6.783	1095.775	743.654	0	1089	736	0	15	16	0
586	586	586	109	149430	255	0	255	255	255	1120.979	763.259	0	14.543	6.320	15.039	1120.980	763.260	0	1106	740	0	31	43	0
462	462	462	80	117810	255	0	255	255	255	1209.022	749.872	0	12.069	3.461	12.239	1209.022	749.873	0	1191	740	0	33	23	0
162	162	162	41	41310	255	0	255	255	255	542.889	747.667	0	6.805	1.201	7.266	542.889	747.667	0	535	741	0	17	15	0
82	82	82	35	20910	255	0	255	255	255	862.305	750.329	0	4.655	1.745	4.984	862.305	750.329	0	857	744	0	12	13	0
605	605	605	83	154275	255	0	255	255	255	500.314	761.950	0	13.519	2.320	14.245	500.315	761.949	0	485	747	0	31	32	0
1195	1195	1195	207	304725	255	0	255	255	255	1259.875	769.230	0	17.639	5.998	19.446	1259.879	769.231	0	1237	748	0	47	44	0
144	144	144	38	36720	255	0	255	255	255	969.562	754.799	0	6.362	0.810	6.350	969.563	754.799	0	962	749	0	15	13	0
129	129	129	37	32895	255	0	255	255	255	1164.992	756.612	0	6.161	1.696	6.696	1164.993	756.612	0	1158	750	0	15	14	0
275	275	275	72	70125	255	0	255	255	255	1078.418	761.916	0	9.439	2.866	9.495	1078.419	761.916	0	1064	753	0	25	19	0
753	753	753	133	192015	255	0	255	255	255	1315.260	768.428	0	16.706	5.930	16.080	1315.261	768.427	0	1291	756	0	53	29	0
518	518	518	97	132090	255	0	255	255	255	1046.384	772.251	0	13.240	4.426	13.464	1046.386	772.251	0	1033	757	0	29	34	0
278	278	278	55	70890	255	0	255	255	255	988.856	769.374	0	8.987	1.286	8.557	988.857	769.374	0	981	758	0	17	23	0
148	148	148	37	37740	255	0	255	255	255	940.757	765.865	0	6.424	0.460	6.346	940.758	765.865	0	934	760	0	15	13	0
215	215	215	55	54825	255	0	255	255	255	639.884	769.214	0	8.078	2.413	8.558	639.885	769.214	0	628	763	0	22	15	0
12	12	12	10	3060	255	0	255	255	255	872.500	765.333	0	1.581	0.689	1.638	872.500	765.333	0	871	763	0	4	6	0
25	25	25	14	6375	255	0	255	255	255	1280.240	767.200	0	2.382	0.322	2.353	1280.240	767.200	0	1278	765	0	6	5	0
318	318	318	78	81090	255	0	255	255	255	1159.230	779.283	0	9.935	4.105	10.599	1159.231	779.283	0	1148	766	0	22	30	0
296	296	296	74	75480	255	0	255	255	255	1209.264	781.182	0	9.727	2.684	9.782	1209.264	781.183	0	1201	767	0	20	28	0
479	479	479	112	122145	255	0	255	255	255	918.209	787.010	0	12.793	5.379	13.501	918.209	787.010	0	906	768	0	27	41	0
389	389	389	63	99195	255	0	255	255	255	959.018	779.527	0	10.712	1.045	10.576	959.019	779.528	0	947	769	0	25	22	0
1285	1285	1285	232	327675	255	0	255	255	255	1385.574	786.861	0	24.761	11.924	23.926	1385.576	786.860	0	1339	769	0	92	34	0
274	274	274	60	69870	255	0	255	255	255	850.832	782.109	0	8.902	2.220	8.989	850.833	782.110	0	840	771	0	21	21	0
136	136	136	39	34680	255	0	255	255	255	1024.728	779.824	0	6.145	1.016	6.306	1024.729	779.824	0	1017	773	0	15	14	0
98	98	98	29	24990	255	0	255	255	255	1105.122	778.878	0	5.146	0.291	5.171	1105.123	778.877	0	1100	774	0	11	11	0
185	185	185	47	47175	255	0	255	255	255	730.487	783.854	0	7.414	1.473	7.162	730.487	783.854	0	721	777	0	20	15	0
95	95	95	29	24225	255	0	255	255	255	1092.390	781.842	0	5.058	0.348	5.090	1092.390	781.842	0	1087	777	0	12	11	0
287	287	287	66	73185	255	0	255	255	255	875.136	789.470	0	9.585	2.785	9.185	875.137	789.471	0	864	780	0	27	19	0
10	10	10	8	2550	255	0	255	255	255	1186.000	783.200	0	1.341	0.278	1.281	1186.000	783.200	0	1185	782	0	3	4	0
432	432	432	69	110160	255	0	255	255	255	990.995	795.143	0	11.320	1.284	11.360	990.996	795.144	0	979	783	0	26	24	0
89	89	89	33	22695	255	0	255	255	255	1235.955	789.876	0	4.929	1.725	5.126	1235.956	789.877	0	1232	783	0	8	15	0
482	482	482	82	122910	255	0	255	255	255	400.998	800.052	0	11.931	1.956	12.226	400.999	800.051	0	388	787	0	26	27	0
308	308	308	62	78540	255	0	255	255	255	665.929	795.870	0	9.452	1.520	9.262	665.930	795.870	0	656	787	0	21	19	0
197	197	197	48	50235	255	0	255	255	255	1176.503	796.944	0	7.634	1.660	7.388	1176.503	796.944	0	1170	787	0	14	21	0
160	160	160	41	40800	255	0	255	255	255	1086.488	796.131	0	6.876	1.510	6.888	1086.488	796.131	0	1080	788	0	14	17	0
271	271	271	52	69105	255	0	255	255	255	1301.675	799.351	0	8.931	1.086	8.766	1301.676	799.351	0	1293	789	0	18	22	0
119	119	119	37	30345	255	0	255	255	255	559.185	797.983	0	5.827	1.684	6.185	559.185	797.983	0	552	792	0	15	13	0
121	121	121	33	30855	255	0	255	255	255	595.132	798.422	0	5.772	0.330	5.744	595.132	798.422	0	589	793	0	13	12	0
194	194	194	49	49470	255	0	255	255	255	1339.722	799.526	0	7.456	1.897	7.512	1339.723	799.526	0	1330	793	0	21	13	0
476	476	476	84	121380	255	0	255	255	255	1200.706	808.240	0	11.802	2.360	12.317	1200.707	808.238	0	1187	794	0	28	28	0
294	294	294	56	74970	255	0	255	255	255	1119.412	803.017	0	9.290	1.416	8.957	1119.413	803.017	0	1108	795	0	23	18	0
282	282	282	53	71910	255	0	255	255	255	532.454	808.106	0	9.081	1.007	9.027	532.455	808.106	0	523	799	0	20	19	0
164	164	164	42	41820	255	0	255	255	255	614.719	804.939	0	6.806	1.571	6.966	614.720	804.939	0	606	799	0	18	12	0
93	93	93	36	23715	255	0	255	255	255	894.000	803.226	0	5.391	1.881	5.227	894.000	803.226	0	886	799	0	17	9	0
821	821	821	145	209355	255	0	255	255	255	1255.780	817.605	0	16.492	6.267	16.362	1255.779	817.602	0	1232	800	0	50	34	0
1327	1327	1327	183	338385	255	0	255	255	255	856.132	825.213	0	18.537	7.273	19.232	856.132	825.210	0	838	801	0	40	53	0
1102	1102	1102	159	281010	255	0	255	255	255	1027.368	823.796	0	17.114	5.950	19.384	1027.370	823.799	0	1007	801	0	43	43	0
473	473	473	82	120615	255	0	255	255	255	934.564	815.309	0	12.048	3.272	12.194	934.566	815.309	0	918	803	0	31	24	0
212	212	212	49	54060	255	0	255	255	255	1100.019	811.759	0	7.777	1.428	7.929	1100.020	811.760	0	1090	805	0	20	14	0
146	146	146	42	37230	255	0	255	255	255	1049.671	813.493	0	6.401	1.343	6.555	1049.672	813.493	0	1045	806	0	11	16	0
146	146	146	41	37230	255	0	255	255	255	763.363	816.390	0	6.480	1.594	6.422	763.364	816.390	0	758	807	0	11	19	0
86	86	86	31	21930	255	0	255	255	255	1385.000	811.337	0	4.849	1.299	5.209	1385.001	811.337	0	1379	807	0	13	10	0
119	119	119	36	30345	255	0	255	255	255	901.109	813.277	0	5.725	1.019	6.117	901.110	813.277	0	895	808	0	14	11	0
150	150	150	42	38250	255	0	255	255	255	1150.267	818.960	0	6.527	1.599	6.940	1150.267	818.960	0	1145	811	0	12	17	0
727	727	727	100	185385	255	0	255	255	255	979.096	822.710	0	14.881	3.996	15.756	979.097	822.709	0	959	812	0	40	24	0
221	221	221	59	56355	255	0	255	255	255	704.674	820.656	0	8.276	3.149	8.486	704.675	820.657	0	694	813	0	24	17	0
151	151	151	41	38505	255	0	255	255	255	1406.974	820.033	0	6.477	1.050	6.726	1406.975	820.033	0	1400	814	0	16	12	0
36	36	36	17	9180	255	0	255	255	255	1366.389	818.139	0	2.940	0.301	2.926	1366.389	818.139	0	1364	815	0	6	7	0
178	178	178	46	45390	255	0	255	255	255	1340.017	824.101	0	7.121	1.887	7.841	1340.018	824.101	0	1331	817	0	19	15	0
136	136	136	37	34680	255	0	255	255	255	565.728	824.801	0	6.251	1.335	6.646	565.728	824.801	0	559	818	0	14	15	0
1262	1262	1262	220	321810	255	0	255	255	255	1109.326	842.134	0	22.195	10.018	22.677	1109.327	842.137	0	1065	818	0	75	40	0
165	165	165	41	42075	255	0	255	255	255	626.279	824.770	0	6.828	1.152	7.183	626.279	824.770	0	618	819	0	17	13	0
342	342	342	77	87210	255	0	255	255	255	1178.687	836.132	0	9.999	3.399	10.294	1178.688	836.131	0	1170	820	0	17	30	0
78	78	78	29	19890	255	0	255	255	255	791.192	827.705	0	4.568	0.874	4.588	791.192	827.705	0	788	822	0	8	12	0
44	44	44	19	11220	255	0	255	255	255	1293.932	825.750	0	3.305	0.330	3.313	1293.932	825.750	0	1291	822	0	7	8	0
299	299	299	58	76245	255	0	255	255	255	725.050	833.622	0	9.452	1.727	9.466	725.051	833.622	0	714	823	0	22	22	0
391	391	391	68	99705	255	0	255	255	255	1432.673	835.156	0	10.833	1.711	10.509	1432.675	835.156	0	1423	823	0	21	27	0
159	159	159	41	40545	255	0	255	255	255	772.516	833.453	0	6.691	1.188	6.697	772.517	833.453	0	766	825	0	14	17	0
62	62	62	23	15810	255	0	255	255	255	1357.000	831.274	0	4.004	0.274	4.053	1357.000	831.274	0	1353	827	0	9	9	0
421	421	421	73	107355	255	0	255	255	255	1204.135	843.221	0	11.253	2.315	11.052	1204.137	843.222	0	1192	830	0	25	26	0
111	111	111	35	28305	255	0	255	255	255	644.243	837.351	0	5.684	1.827	5.913	644.243	837.351	0	638	831	0	14	14	0
45	45	45	19	11475	255	0	255	255	255	818.600	834.467	0	3.362	0.370	3.490	818.600	834.467	0	815	831	0	8	8	0
484	484	484	99	123420	255	0	255	255	255	564.791	847.665	0	11.883	4.380	12.656	564.793	847.665	0	547	835	0	32	30	0
90	90	90	31	22950	255	0	255	255	255	1251.833	841.656	0	4.919	0.981	5.087	1251.834	841.655	0	1248	836	0	9	13	0
757	757	757	143	193035	255	0	255	255	255	741.292	856.033	0	14.846	5.676	15.419	741.293	856.035	0	717	839	0	46	34	0
87	87	87	31	22185	255	0	255	255	255	1403.184	844.230	0	4.845	1.189	5.294	1403.185	844.230	0	1397	839	0	13	10	0
65	65	65	23	16575	255	0	255	255	255	667.815	845.431	0	4.126	0.331	4.092	667.815	845.431	0	664	841	0	9	10	0
333	333	333	61	84915	255	0	255	255	255	1155.009	849.453	0	9.929	1.815	9.742	1155.010	849.453	0	1143	841	0	25	17	0
185	185	185	47	47175	255	0	255	255	255	1362.924	849.681	0	7.271	1.231	7.293	1362.925	849.682	0	1355	843	0	16	16	0
256	256	256	57	65280	255	0	255	255	255	818.270	854.613	0	8.525	1.746	8.820	818.270	854.613	0	810	845	0	19	21	0
474	474	474	96	120870	255	0	255	255	255	1220.494	862.435	0	11.923	3.795	12.110	1220.494	862.435	0	1205	846	0	29	30	0
65	65	65	26	16575	255	0	255	255	255	1318.185	848.877	0	4.170	0.898	4.272	1318.185	848.877	0	1313	846	0	11	8	0
65	65	65	23	16575	255	0	255	255	255	1455.154	850.138	0	4.124	0.311	4.156	1455.154	850.138	0	1451	846	0	10	9	0
120	120	120	33	30600	255	0	255	255	255	797.050	852.683	0	5.800	0.656	5.989	797.051	852.683	0	791	847	0	13	12	0
1022	1022	1022	187	260610	255	0	255	255	255	1273.268	863.667	0	19.603	9.031	18.012	1273.268	863.668	0	1237	847	0	69	33	0
140	140	140	37	35700	255	0	255	255	255	685.136	857.757	0	6.292	0.909	6.302	685.136	857.757	0	678	852	0	15	13	0
614	614	614	112	156570	255	0	255	255	255	1337.487	872.998	0	13.077	4.508	14.120	1337.488	872.998	0	1321	853	0	32	36	0
274	274	274	55	69870	255	0	255	255	255	777.504	865.018	0	9.011	1.604	9.165	777.505	865.018	0	768	854	0	18	22	0
207	207	207	51	52785	255	0	255	255	255	1179.758	860.758	0	7.944	2.091	7.496	1179.760	860.759	0	1169	855	0	23	13	0
189	189	189	50	48195	255	0	255	255	255	1411.799	863.370	0	7.487	1.994	8.025	1411.800	863.370	0	1404	856	0	19	15	0
106	106	106	31	27030	255	0	255	255	255	519.981	862.641	0	5.356	0.497	5.395	519.981	862.641	0	514	858	0	13	11	0
121	121	121	37	30855	255	0	255	255	255	1449.512	872.248	0	5.784	1.268	6.197	1449.513	872.248	0	1445	865	0	10	15	0
400	400	400	79	102000	255	0	255	255	255	1304.473	875.362	0	11.376	3.661	11.643	1304.474	875.363	0	1287	866	0	33	19	0
409	409	409	90	104295	255	0	255	255	255	1382.976	877.658	0	12.609	4.935	12.523	1382.977	877.659	0	1362	868	0	36	24	0
57	57	57	26	14535	255	0	255	255	255	1435.561	872.667	0	4.141	1.392	4.647	1435.562	872.667	0	1431	868	0	10	10	0
519	519	519	91	132345	255	0	255	255	255	1421.813	886.222	0	13.601	4.537	13.867	1421.814	886.221	0	1404	872	0	39	28	0
81	81	81	26	20655	255	0	255	255	255	764.728	877.444	0	4.645	0.228	4.618	764.728	877.445	0	760	873	0	10	10	0
123	123	123	34	31365	255	0	255	255	255	615.959	881.114	0	6.087	1.538	6.172	615.960	881.114	0	609	875	0	15	14	0
116	116	116	35	29580	255	0	255	255	255	686.198	881.578	0	5.814	1.472	6.359	686.198	881.578	0	680	875	0	13	15	0
381	381	381	68	97155	255	0	255	255	255	790.076	887.276	0	10.641	2.061	11.305	790.078	887.276	0	779	876	0	24	24	0
255	255	255	55	65025	255	0	255	255	255	745.255	892.078	0	8.808	1.813	8.613	745.256	892.079	0	738	880	0	16	23	0
1685	1685	1685	261	429675	255	0	255	255	255	838.998	919.620	0	23.067	11.379	22.150	838.996	919.625	0	813	882	0	59	71	0
94	94	94	29	23970	255	0	255	255	255	521.851	894.798	0	5.102	0.687	5.257	521.851	894.798	0	517	889	0	11	12	0
133	133	133	47	33915	255	0	255	255	255	630.534	897.534	0	6.128	2.855	6.711	630.534	897.534	0	624	889	0	14	18	0
117	117	117	32	29835	255	0	255	255	255	720.009	897.513	0	5.754	0.732	5.852	720.009	897.513	0	714	892	0	13	12	0
475	475	475	80	121125	255	0	255	255	255	684.282	915.206	0	12.260	3.796	12.867	684.283	915.206	0	673	899	0	24	34	0
637	637	637	90	162435	255	0	255	255	255	749.651	921.133	0	14.105	2.877	13.129	749.653	921.135	0	737	905	0	27	34	0
298	298	298	64	75990	255	0	255	255	255	800.621	915.376	0	9.301	2.110	9.302	800.622	915.375	0	787	907	0	26	19	0
284	284	284	72	72420	255	0	255	255	255	772.423	928.331	0	10.062	4.362	10.082	772.424	928.331	0	766	912	0	13	33	0
412	412	412	80	105060	255	0	255	255	255	707.813	931.396	0	11.689	4.417	11.826	707.814	931.396	0	701	913	0	16	37	0
175	175	175	42	44625	255	0	255	255	255	634.549	920.880	0	7.049	1.000	7.053	634.549	920.880	0	627	914	0	16	16	0
191	191	191	45	48705	255	0	255	255	255	498.414	931.173	0	7.378	1.117	7.416	498.414	931.173	0	492	922	0	13	19	0
216	216	216	48	55080	255	0	255	255	255	588.810	933.102	0	7.905	1.428	7.875	588.811	933.102	0	582	924	0	14	20	0
63	63	63	24	16065	255	0	255	255	255	558.524	932.413	0	4.070	0.848	4.055	558.524	932.413	0	555	927	0	8	11	0
182	182	182	49	46410	255	0	255	255	255	646.720	951.973	0	7.469	2.752	7.834	646.721	951.972	0	640	942	0	15	21	0
224	224	224	47	57120	255	0	255	255	255	682.795	953.326	0	8.038	0.885	7.938	682.796	953.325	0	674	945	0	19	17	0
219	219	219	50	55845	255	0	255	255	255	545.260	954.466	0	7.935	1.384	8.017	545.261	954.466	0	535	948	0	19	15	0
1905	1905	1905	306	485775	255	0	255	255	255	742.393	993.254	0	27.540	12.812	25.290	742.389	993.254	0	721	951	0	53	94	0
179	179	179	44	45645	255	0	255	255	255	660.955	961.637	0	7.176	1.288	7.404	660.956	961.637	0	653	956	0	18	14	0
368	368	368	76	93840	255	0	255	255	255	797.524	969.486	0	10.412	3.593	11.424	797.526	969.487	0	786	957	0	22	28	0
541	541	541	87	137955	255	0	255	255	255	875.706	969.091	0	13.039	3.738	13.001	875.708	969.089	0	857	960	0	37	20	0
146	146	146	38	37230	255	0	255	255	255	575.637	968.959	0	6.450	1.074	6.940	575.637	968.959	0	569	962	0	14	15	0
30	30	30	23	7650	255	0	255	255	255	717.567	967.400	0	3.046	1.335	3.025	717.567	967.400	0	714	963	0	7	10	0
159	159	159	38	40545	255	0	255	255	255	508.264	972.535	0	6.669	0.296	6.686	508.264	972.535	0	502	966	0	14	14	0
72	72	72	24	18360	255	0	255	255	255	619.472	974.097	0	4.379	0.393	4.423	619.472	974.097	0	615	970	0	10	10	0
1260	1260	1260	176	321300	255	0	255	255	255	838.777	1000.433	0	22.055	10.188	23.438	838.779	1000.432	0	808	975	0	66	51	0
246	246	246	51	62730	255	0	255	255	255	899.358	987.346	0	8.469	1.079	8.649	899.359	987.346	0	891	979	0	18	19	0
143	143	143	39	36465	255	0	255	255	255	784.070	988.154	0	6.525	1.721	6.909	784.071	988.154	0	777	981	0	15	16	0
847	847	847	194	215985	255	0	255	255	255	591.574	1013.037	0	16.833	7.559	16.767	591.575	1013.036	0	575	985	0	32	58	0
177	177	177	44	45135	255	0	255	255	255	651.294	990.322	0	7.069	1.046	7.084	651.294	990.323	0	643	985	0	18	12	0
157	157	157	48	40035	255	0	255	255	255	682.153	996.994	0	6.696	2.746	7.033	682.153	996.994	0	674	988	0	18	18	0
123	123	123	34	31365	255	0	255	255	255	630.732	996.431	0	5.916	1.032	6.284	630.732	996.431	0	625	990	0	13	14	0
244	244	244	52	62220	255	0	255	255	255	881.447	998.225	0	8.410	1.179	8.490	881.448	998.226	0	873	990	0	17	19	0
154	154	154	39	39270	255	0	255	255	255	807.851	1001.974	0	6.597	1.233	7.073	807.852	1001.974	0	800	996	0	17	14	0
217	217	217	62	55335	255	0	255	255	255	708.083	1004.539	0	8.422	3.451	8.662	708.084	1004.539	0	697	998	0	25	17	0
75	75	75	27	19125	255	0	255	255	255	659.253	1008.347	0	4.427	0.655	4.571	659.253	1008.347	0	654	1005	0	11	8	0
199	199	199	46	50745	255	0	255	255	255	916.151	1013.774	0	7.653	1.646	7.810	916.152	1013.775	0	908	1006	0	18	16	0
106	106	106	31	27030	255	0	255	255	255	550.679	1024.075	0	5.372	0.501	5.244	550.679	1024.075	0	545	1019	0	12	11	0
129	129	129	35	32895	255	0	255	255	255	679.109	1025.853	0	5.957	0.874	6.220	679.109	1025.853	0	674	1019	0	11	15	0
68	68	68	25	17340	255	0	255	255	255	604.926	1026.706	0	4.199	0.517	4.247	604.926	1026.706	0	600	1023	0	10	9	0
229	229	229	47	58395	255	0	255	255	255	630.943	1031.039	0	8.137	0.715	8.094	630.944	1031.040	0	623	1023	0	17	18	0
89	89	89	28	22695	255	0	255	255	255	793.640	1028.146	0	4.899	0.609	4.882	793.641	1028.146	0	788	1024	0	12	10	0
251	251	251	73	64005	255	0	255	255	255	892.267	1031.271	0	9.583	4.354	10.280	892.268	1031.271	0	878	1024	0	29	19	0
340	340	340	65	86700	255	0	255	255	255	817.762	1035.526	0	10.205	2.760	10.738	817.763	1035.528	0	805	1027	0	27	19	0
104	104	104	33	26520	255	0	255	255	255	649.558	1034.654	0	5.401	1.259	5.718	649.558	1034.654	0	644	1029	0	12	13	0
662	662	662	141	168810	255	0	255	255	255	931.514	1044.181	0	15.941	7.075	17.062	931.516	1044.182	0	912	1029	0	47	37	0
40	40	40	18	10200	255	0	255	255	255	840.925	1035.275	0	3.124	0.285	3.123	840.925	1035.275	0	838	1032	0	7	7	0
86	86	86	30	21930	255	0	255	255	255	531.721	1038.570	0	4.807	0.967	4.796	531.721	1038.570	0	528	1033	0	8	13	0
86	86	86	29	21930	255	0	255	255	255	656.465	1045.791	0	4.772	0.448	4.774	656.465	1045.791	0	652	1041	0	11	10	0
108	108	108	31	27540	255	0	255	255	255	702.454	1046.028	0	5.426	0.409	5.454	702.454	1046.028	0	697	1041	0	12	12	0
103	103	103	34	26265	255	0	255	255	255	614.194	1050.417	0	5.268	0.755	5.466	614.194	1050.418	0	610	1045	0	10	12	0
255	255	255	54	65025	255	0	255	255	255	863.420	1057.051	0	8.656	1.746	8.853	863.420	1057.051	0	856	1046	0	15	23	0
97	97	97	30	24735	255	0	255	255	255	732.722	1051.680	0	5.115	0.323	5.077	732.722	1051.680	0	728	1047	0	11	11	0
61	61	61	25	15555	255	0	255	255	255	964.885	1055.328	0	3.988	0.692	4.104	964.885	1055.328	0	962	1051	0	7	10	0
76	76	76	25	19380	255	0	255	255	255	943.645	1058.579	0	4.496	0.284	4.468	943.645	1058.579	0	939	1054	0	10	10	0
130	130	130	37	33150	255	0	255	255	255	889.146	1064.254	0	6.038	1.253	6.273	889.147	1064.254	0	882	1059	0	16	12	0
32	32	32	20	8160	255	0	255	255	255	542.781	1063.469	0	2.967	1.011	2.878	542.781	1063.469	0	541	1060	0	5	9	0
71	71	71	27	18105	255	0	255	255	255	844.563	1066.676	0	4.375	0.730	4.356	844.563	1066.676	0	840	1062	0	10	10	0
351	351	351	72	89505	255	0	255	255	255	577.618	1081.168	0	9.882	2.506	10.035	577.619	1081.168	0	566	1068	0	25	23	0
51	51	51	23	13005	255	0	255	255	255	929.118	1073.863	0	3.731	0.978	4.021	929.118	1073.863	0	925	1070	0	10	8	0
266	266	266	60	67830	255	0	255	255	255	966.259	1081.064	0	8.799	1.246	8.841	966.261	1081.064	0	957	1070	0	18	21	0
177	177	177	45	45135	255	0	255	255	255	620.734	1078.836	0	7.065	1.108	7.375	620.735	1078.836	0	615	1071	0	12	17	0
44	44	44	20	11220	255	0	255	255	255	987.409	1080.727	0	3.304	0.539	3.386	987.409	1080.727	0	984	1077	0	8	8	0
140	140	140	40	35700	255	0	255	255	255	684.050	1083.186	0	6.323	1.666	6.476	684.051	1083.185	0	676	1078	0	17	11	0
