Volume (pixel^3)	Surface (pixel^2)	Nb of obj. voxels	Nb of surf. voxels	IntDen	Mean	StdDev	Median	Min	Max	X	Y	Z	Mean dist. to surf. (pixel)	SD dist. to surf. (pixel)	Median dist. to surf. (pixel)	XM	YM	ZM	BX	BY	BZ	B-width	B-height	B-depth
17666	17666	17666	10187	4504830	255	0	255	255	255	725.056	563.039	0	724.344	108.646	735.160	725.081	563.049	0	0	0	0	1454	1140	0
363	363	363	94	92565	255	0	255	255	255	611.102	65.928	0	11.060	2.787	10.771	611.103	65.928	0	593	54	0	32	23	0
12856	12856	12856	613	3278280	255	0	255	255	255	425.188	152.220	0	71.107	20.658	71.573	425.181	152.220	0	336	79	0	180	163	0
3504	3504	3504	348	893520	255	0	255	255	255	601.054	123.196	0	36.182	8.556	34.422	601.056	123.196	0	570	79	0	66	99	0
11	11	11	9	2805	255	0	255	255	255	628.636	146.818	0	1.483	0.687	1.590	628.636	146.818	0	627	145	0	4	5	0
4177	4177	4177	470	1065135	255	0	255	255	255	704.873	203.537	0	36.589	16.072	37.307	704.870	203.538	0	659	153	0	104	102	0
1791	1791	1791	188	456705	255	0	255	255	255	792.678	179.541	0	24.901	8.449	24.790	792.677	179.541	0	758	159	0	71	43	0
68	68	68	35	17340	255	0	255	255	255	643.279	176.176	0	4.543	1.552	4.652	643.279	176.176	0	638	168	0	11	14	0
1965	1965	1965	301	501075	255	0	255	255	255	582.575	206.798	0	25.340	10.709	24.931	582.576	206.798	0	535	184	0	89	44	0
198	198	198	49	50490	255	0	255	255	255	789.182	201.687	0	7.545	1.638	7.694	789.183	201.687	0	779	196	0	20	16	0
455	455	455	85	116025	255	0	255	255	255	815.884	215.198	0	12.052	4.071	12.436	815.885	215.198	0	799	202	0	34	28	0
86	86	86	36	21930	255	0	255	255	255	749.640	213.372	0	5.043	1.816	5.054	749.640	213.372	0	742	209	0	15	11	0
182	182	182	58	46410	255	0	255	255	255	515.522	223.495	0	7.739	1.923	7.118	515.522	223.495	0	507	213	0	16	24	0
18139	18139	18139	1309	4625445	255	0	255	255	255	758.547	334.436	0	75.106	27.845	78.019	758.542	334.449	0	665	216	0	220	218	0
1025	1025	1025	202	261375	255	0	255	255	255	798.751	232.621	0	20.848	10.564	20.222	798.753	232.621	0	756	216	0	75	37	0
38	38	38	19	9690	255	0	255	255	255	543.237	224.711	0	3.138	0.891	2.979	543.237	224.711	0	539	222	0	9	7	0
25	25	25	15	6375	255	0	255	255	255	605.800	237.920	0	2.350	0.306	2.264	605.800	237.920	0	603	236	0	6	5	0
868	868	868	129	221340	255	0	255	255	255	626.031	260.622	0	16.106	3.739	16.880	626.032	260.622	0	607	243	0	42	32	0
32	32	32	16	8160	255	0	255	255	255	781.344	249.625	0	2.805	0.453	2.723	781.344	249.625	0	778	246	0	7	7	0
25	25	25	15	6375	255	0	255	255	255	654.880	256.560	0	2.375	0.627	2.443	654.880	256.560	0	652	255	0	7	4	0
25	25	25	15	6375	255	0	255	255	255	820.360	259.120	0	2.360	0.377	2.363	820.360	259.120	0	818	257	0	6	5	0
10	10	10	7	2550	255	0	255	255	255	836.700	261.700	0	1.438	0.255	1.476	836.700	261.700	0	835	260	0	4	4	0
2648	2648	2648	287	675240	255	0	255	255	255	515.321	320.798	0	35.864	14.210	36.285	515.321	320.797	0	487	261	0	70	107	0
5792	5792	5792	313	1476960	255	0	255	255	255	416.016	314.671	0	43.399	8.780	43.531	416.020	314.673	0	367	273	0	102	81	0
23	23	23	13	5865	255	0	255	255	255	844.739	280.043	0	2.299	0.292	2.261	844.739	280.043	0	842	278	0	6	5	0
4546	4546	4546	342	1159230	255	0	255	255	255	612.786	331.996	0	38.320	8.320	39.221	612.788	331.998	0	562	281	0	102	92	0
80	80	80	30	20400	255	0	255	255	255	895.250	292.938	0	4.620	0.727	4.697	895.250	292.938	0	891	288	0	10	11	0
65	65	65	24	16575	255	0	255	255	255	659.323	301.215	0	4.104	0.472	4.113	659.323	301.215	0	655	298	0	10	8	0
26	26	26	14	6630	255	0	255	255	255	883.077	304.577	0	2.482	0.390	2.502	883.077	304.577	0	880	302	0	6	6	0
111	111	111	31	28305	255	0	255	255	255	868.306	308.378	0	5.508	0.303	5.535	868.307	308.378	0	863	303	0	12	12	0
383	383	383	70	97665	255	0	255	255	255	894.433	319.564	0	10.721	1.790	10.630	894.434	319.564	0	883	308	0	23	24	0
37	37	37	18	9435	255	0	255	255	255	831.054	319.432	0	2.970	0.315	3.042	831.054	319.432	0	828	317	0	7	6	0
296	296	296	68	75480	255	0	255	255	255	865.831	325.953	0	9.911	2.753	8.987	865.832	325.953	0	851	320	0	31	15	0
142	142	142	46	36210	255	0	255	255	255	816.500	341.944	0	6.827	2.175	6.103	816.501	341.944	0	808	335	0	19	13	0
4150	4150	4150	241	1058250	255	0	255	255	255	335.892	374.237	0	36.159	5.393	35.862	335.894	374.241	0	289	344	0	88	65	0
18	18	18	12	4590	255	0	255	255	255	898.500	346.000	0	1.955	0.323	1.932	898.500	346.000	0	897	344	0	4	5	0
71	71	71	26	18105	255	0	255	255	255	915.085	347.366	0	4.358	0.813	4.273	915.085	347.366	0	910	344	0	11	8	0
15	15	15	11	3825	255	0	255	255	255	848.400	349.600	0	1.719	0.250	1.649	848.400	349.600	0	847	348	0	4	4	0
31	31	31	16	7905	255	0	255	255	255	896.677	355.032	0	2.727	0.375	2.656	896.677	355.032	0	894	352	0	6	7	0
79	79	79	26	20145	255	0	255	255	255	873.430	359.937	0	4.571	0.357	4.611	873.430	359.937	0	868	355	0	11	10	0
43	43	43	19	10965	255	0	255	255	255	838.907	359.163	0	3.287	0.375	3.204	838.907	359.163	0	836	356	0	7	8	0
86	86	86	31	21930	255	0	255	255	255	859.198	363.186	0	4.840	1.096	4.730	859.198	363.186	0	853	359	0	14	9	0
138	138	138	37	35190	255	0	255	255	255	897.804	371.558	0	6.258	1.276	6.411	897.805	371.558	0	890	366	0	16	12	0
76	76	76	33	19380	255	0	255	255	255	821.013	372.737	0	4.772	1.978	4.836	821.013	372.737	0	814	370	0	16	7	0
71	71	71	34	18105	255	0	255	255	255	923.155	373.451	0	4.031	1.103	4.107	923.155	373.451	0	918	370	0	11	8	0
122	122	122	47	31110	255	0	255	255	255	596.139	387.566	0	6.495	2.603	5.952	596.140	387.566	0	589	379	0	17	18	0
48	48	48	23	12240	255	0	255	255	255	607.354	386.500	0	3.493	0.816	3.559	607.354	386.500	0	604	383	0	8	9	0
299	299	299	126	76245	255	0	255	255	255	416.090	400.084	0	8.700	2.632	9.116	416.091	400.084	0	405	387	0	24	26	0
78	78	78	28	19890	255	0	255	255	255	910.910	391.192	0	4.553	0.810	4.562	910.910	391.192	0	905	387	0	12	9	0
1693	1693	1693	182	431715	255	0	255	255	255	506.392	418.923	0	23.150	4.972	23.177	506.393	418.923	0	474	393	0	66	49	0
42	42	42	20	10710	255	0	255	255	255	896.405	396.238	0	3.351	0.897	3.448	896.405	396.238	0	893	393	0	8	9	0
215	215	215	55	54825	255	0	255	255	255	570.702	402.330	0	8.041	2.520	9.116	570.703	402.330	0	561	394	0	22	17	0
486	486	486	104	123930	255	0	255	255	255	906.502	417.527	0	13.299	5.349	12.635	906.503	417.527	0	884	409	0	45	20	0
226	226	226	49	57630	255	0	255	255	255	871.367	419.283	0	8.274	1.512	7.924	871.368	419.283	0	861	412	0	21	17	0
466	466	466	113	118830	255	0	255	255	255	752.991	432.906	0	11.284	4.441	12.583	752.992	432.905	0	737	419	0	33	30	0
21	21	21	14	5355	255	0	255	255	255	672.238	426.571	0	2.217	0.643	2.274	672.238	426.571	0	669	425	0	7	4	0
295	295	295	63	75225	255	0	255	255	255	704.210	438.478	0	9.367	2.222	9.007	704.211	438.478	0	693	426	0	21	22	0
2793	2793	2793	274	712215	255	0	255	255	255	800.347	462.212	0	32.605	10.517	33.056	800.347	462.211	0	755	432	0	94	56	0
498	498	498	98	126990	255	0	255	255	255	893.733	440.988	0	13.699	5.663	13.728	893.734	440.987	0	871	432	0	44	20	0
20	20	20	13	5100	255	0	255	255	255	746.300	456.750	0	2.105	0.497	2.110	746.300	456.750	0	744	455	0	6	4	0
46	46	46	21	11730	255	0	255	255	255	506.826	460.761	0	3.432	0.774	3.407	506.826	460.761	0	503	458	0	10	7	0
17	17	17	12	4335	255	0	255	255	255	738.412	463.059	0	1.898	0.395	1.915	738.412	463.059	0	737	461	0	4	5	0
219	219	219	61	55845	255	0	255	255	255	516.571	471.219	0	8.226	2.934	8.470	516.572	471.219	0	503	464	0	26	14	0
169	169	169	45	43095	255	0	255	255	255	643.805	480.876	0	7.032	1.632	6.861	643.805	480.876	0	635	474	0	18	15	0
1492	1492	1492	160	380460	255	0	255	255	255	883.532	498.327	0	21.829	3.893	21.733	883.535	498.325	0	852	474	0	60	51	0
74	74	74	32	18870	255	0	255	255	255	561.392	481.730	0	4.785	1.616	5.152	561.392	481.730	0	556	477	0	14	10	0
219	219	219	58	55845	255	0	255	255	255	672.858	486.708	0	7.827	2.517	7.794	672.859	486.708	0	661	479	0	22	17	0
54	54	54	22	13770	255	0	255	255	255	934.037	490.148	0	3.702	0.490	3.730	934.037	490.148	0	930	487	0	9	8	0
35	35	35	17	8925	255	0	255	255	255	756.886	491.971	0	2.906	0.361	2.974	756.886	491.971	0	754	489	0	7	7	0
11	11	11	10	2805	255	0	255	255	255	790.000	490.636	0	1.476	0.540	1.274	790.000	490.636	0	788	490	0	5	3	0
30	30	30	15	7650	255	0	255	255	255	660.367	497.367	0	2.659	0.215	2.708	660.367	497.367	0	658	495	0	6	6	0
26	26	26	17	6630	255	0	255	255	255	539.731	497.538	0	2.544	1.037	2.316	539.731	497.538	0	536	496	0	9	4	0
77	77	77	39	19635	255	0	255	255	255	828.896	504.922	0	5.628	2.881	5.511	828.896	504.922	0	821	501	0	20	8	0
1018	1018	1018	116	259590	255	0	255	255	255	587.008	519.151	0	18.175	3.941	17.470	587.009	519.151	0	562	503	0	52	31	0
430	430	430	66	109650	255	0	255	255	255	686.930	517.330	0	11.339	1.163	11.405	686.931	517.330	0	673	507	0	26	23	0
10	10	10	8	2550	255	0	255	255	255	507.100	512.200	0	1.419	0.462	1.282	507.100	512.200	0	505	511	0	5	3	0
238	238	238	57	60690	255	0	255	255	255	737.592	522.786	0	8.615	2.207	8.575	737.593	522.786	0	725	515	0	24	16	0
43	43	43	19	10965	255	0	255	255	255	511.349	524.674	0	3.253	0.421	3.344	511.349	524.674	0	508	522	0	8	7	0
28	28	28	15	7140	255	0	255	255	255	615.571	525.821	0	2.538	0.297	2.578	615.571	525.821	0	613	523	0	6	6	0
251	251	251	70	64005	255	0	255	255	255	834.271	536.359	0	8.608	2.653	8.776	834.272	536.359	0	822	524	0	22	22	0
93	93	93	34	23715	255	0	255	255	255	524.226	529.581	0	5.278	1.779	5.509	524.226	529.581	0	517	525	0	15	10	0
188	188	188	55	47940	255	0	255	255	255	875.027	532.787	0	7.737	2.553	8.012	875.027	532.787	0	864	526	0	22	15	0
254	254	254	57	64770	255	0	255	255	255	758.484	546.083	0	8.594	1.913	8.977	758.485	546.083	0	747	538	0	22	18	0
5380	5380	5380	721	1371900	255	0	255	255	255	582.014	592.330	0	46.563	17.960	45.927	582.008	592.320	0	517	540	0	143	122	0
14	14	14	9	3570	255	0	255	255	255	681.643	541.786	0	1.731	0.274	1.821	681.643	541.786	0	680	540	0	4	5	0
292	292	292	64	74460	255	0	255	255	255	722.702	554.130	0	9.927	3.668	9.640	722.703	554.130	0	707	546	0	30	18	0
169	169	169	52	43095	255	0	255	255	255	866.976	560.095	0	7.162	1.892	7.162	866.977	560.094	0	857	551	0	18	17	0
3089	3089	3089	374	787695	255	0	255	255	255	841.021	599.396	0	34.739	14.929	33.554	841.023	599.397	0	787	553	0	91	97	0
49	49	49	21	12495	255	0	255	255	255	881.306	562.061	0	3.550	0.576	3.472	881.306	562.061	0	877	559	0	9	7	0
43	43	43	22	10965	255	0	255	255	255	682.186	563.023	0	3.408	0.965	3.386	682.186	563.023	0	678	560	0	10	6	0
148	148	148	40	37740	255	0	255	255	255	515.595	570.493	0	6.447	0.854	6.431	515.595	570.493	0	510	563	0	13	15	0
152	152	152	37	38760	255	0	255	255	255	533.934	572.855	0	6.647	0.997	7.028	533.935	572.855	0	527	566	0	15	15	0
51	51	51	23	13005	255	0	255	255	255	887.392	576.157	0	3.632	1.044	3.584	887.392	576.157	0	882	573	0	11	7	0
5951	5951	5951	684	1517505	255	0	255	255	255	717.917	646.550	0	44.227	16.460	44.349	717.911	646.557	0	653	576	0	115	142	0
758	758	758	118	193290	255	0	255	255	255	762.825	595.321	0	16.015	4.232	16.520	762.825	595.320	0	747	576	0	29	42	0
30	30	30	17	7650	255	0	255	255	255	787.233	579.200	0	2.705	0.718	2.522	787.233	579.200	0	784	577	0	8	5	0
15	15	15	10	3825	255	0	255	255	255	515.733	588.333	0	1.767	0.307	1.793	515.733	588.333	0	514	586	0	4	5	0
45	45	45	20	11475	255	0	255	255	255	496.933	595.644	0	3.402	0.795	3.418	496.933	595.644	0	494	592	0	7	9	0
662	662	662	150	168810	255	0	255	255	255	636.964	606.761	0	16.838	6.990	14.403	636.965	606.762	0	613	596	0	58	25	0
131	131	131	46	33405	255	0	255	255	255	823.649	602.221	0	6.464	2.082	5.886	823.650	602.221	0	814	596	0	19	13	0
47	47	47	20	11985	255	0	255	255	255	483.447	612.936	0	3.436	0.314	3.412	483.447	612.936	0	480	610	0	8	7	0
23	23	23	14	5865	255	0	255	255	255	827.478	612.739	0	2.261	0.425	2.311	827.478	612.739	0	825	611	0	6	5	0
58	58	58	26	14790	255	0	255	255	255	736.138	618.500	0	3.965	1.264	3.988	736.138	618.500	0	733	613	0	7	12	0
245	245	245	71	62475	255	0	255	255	255	784.033	627.853	0	9.130	3.729	9.069	784.034	627.853	0	778	613	0	14	29	0
30	30	30	15	7650	255	0	255	255	255	515.367	617.367	0	2.659	0.215	2.708	515.367	617.367	0	513	615	0	6	6	0
89	89	89	30	22695	255	0	255	255	255	530.753	620.483	0	4.886	0.646	4.732	530.753	620.483	0	526	615	0	10	11	0
20	20	20	14	5100	255	0	255	255	255	896.250	620.850	0	2.097	0.591	2.129	896.250	620.850	0	895	618	0	4	6	0
78	78	78	26	19890	255	0	255	255	255	489.462	629.320	0	4.546	0.258	4.555	489.462	629.320	0	485	625	0	10	10	0
42	42	42	19	10710	255	0	255	255	255	497.190	635.405	0	3.210	0.362	3.231	497.190	635.405	0	494	632	0	8	7	0
79	79	79	29	20145	255	0	255	255	255	508.443	641.089	0	4.621	0.935	4.685	508.443	641.089	0	503	637	0	12	11	0
1378	1378	1378	187	351390	255	0	255	255	255	514.665	659.719	0	21.546	7.322	21.232	514.666	659.718	0	479	638	0	62	46	0
11	11	11	9	2805	255	0	255	255	255	895.455	649.091	0	1.524	0.644	1.548	895.455	649.091	0	893	648	0	5	4	0
910	910	910	118	232050	255	0	255	255	255	802.287	663.841	0	17.397	4.133	16.594	802.288	663.842	0	782	649	0	47	34	0
78	78	78	28	19890	255	0	255	255	255	623.128	655.705	0	4.590	0.594	4.484	623.128	655.705	0	618	650	0	11	11	0
70	70	70	26	17850	255	0	255	255	255	636.457	656.086	0	4.293	0.832	4.159	636.457	656.086	0	633	651	0	8	11	0
47	47	47	20	11985	255	0	255	255	255	887.787	654.936	0	3.416	0.345	3.389	887.787	654.936	0	884	652	0	8	7	0
129	129	129	38	32895	255	0	255	255	255	876.760	662.078	0	6.040	1.391	5.836	876.760	662.077	0	872	654	0	11	17	0
1436	1436	1436	206	366180	255	0	255	255	255	639.943	678.655	0	24.546	9.822	25.755	639.944	678.653	0	598	655	0	78	44	0
2515	2515	2515	284	641325	255	0	255	255	255	863.009	688.436	0	27.563	11.089	29.109	863.008	688.434	0	822	655	0	86	68	0
321	321	321	59	81855	255	0	255	255	255	556.816	671.212	0	9.684	1.338	9.633	556.817	671.212	0	545	661	0	24	20	0
58	58	58	27	14790	255	0	255	255	255	580.310	671.172	0	4.019	1.397	3.781	580.310	671.172	0	575	669	0	13	6	0
302	302	302	67	77010	255	0	255	255	255	568.613	693.053	0	9.208	1.959	9.078	568.614	693.053	0	556	684	0	25	18	0
17	17	17	11	4335	255	0	255	255	255	682.412	686.118	0	1.895	0.277	1.927	682.412	686.118	0	681	684	0	4	5	0
80	80	80	29	20400	255	0	255	255	255	825.075	698.237	0	4.677	0.937	4.372	825.075	698.237	0	820	692	0	10	12	0
703	703	703	96	179265	255	0	255	255	255	794.967	708.886	0	14.325	2.032	14.650	794.968	708.886	0	781	694	0	30	32	0
78	78	78	26	19890	255	0	255	255	255	760.500	709.462	0	4.545	0.402	4.549	760.500	709.462	0	756	705	0	10	10	0
679	679	679	102	173145	255	0	255	255	255	614.711	725.113	0	13.930	4.021	14.270	614.712	725.114	0	597	711	0	34	31	0
109	109	109	35	27795	255	0	255	255	255	711.468	720.064	0	5.448	1.066	5.547	711.468	720.064	0	705	714	0	14	12	0
950	950	950	112	242250	255	0	255	255	255	834.779	729.635	0	17.087	3.426	16.956	834.779	729.636	0	812	716	0	46	31	0
167	167	167	40	42585	255	0	255	255	255	761.162	725.665	0	6.874	0.701	6.753	761.162	725.664	0	755	719	0	15	14	0
37	37	37	21	9435	255	0	255	255	255	724.487	727.595	0	3.132	1.102	2.977	724.487	727.595	0	720	725	0	10	6	0
88	88	88	33	22440	255	0	255	255	255	783.455	732.580	0	4.908	1.237	5.150	783.455	732.580	0	778	729	0	13	8	0
598	598	598	94	152490	255	0	255	255	255	673.594	741.441	0	13.339	3.646	13.678	673.595	741.442	0	655	731	0	38	25	0
776	776	776	154	197880	255	0	255	255	255	644.416	756.124	0	16.854	6.130	15.733	644.418	756.125	0	615	743	0	55	35	0
34	34	34	17	8670	255	0	255	255	255	690.412	754.676	0	2.830	0.285	2.751	690.412	754.676	0	688	752	0	6	7	0
75	75	75	25	19125	255	0	255	255	255	700.120	770.360	0	4.449	0.297	4.448	700.120	770.360	0	696	766	0	9	10	0
17	17	17	12	4335	255	0	255	255	255	651.588	779.294	0	1.876	0.352	1.780	651.588	779.294	0	650	777	0	4	5	0
16	16	16	11	4080	255	0	255	255	255	696.812	778.625	0	1.873	0.400	1.817	696.812	778.625	0	695	777	0	5	4	0
31	31	31	15	7905	255	0	255	255	255	658.710	782.871	0	2.728	0.358	2.731	658.710	782.871	0	656	780	0	6	7	0
