Volume (pixel^3)	Surface (pixel^2)	Nb of obj. voxels	Nb of surf. voxels	IntDen	Mean	StdDev	Median	Min	Max	X	Y	Z	Mean dist. to surf. (pixel)	SD dist. to surf. (pixel)	Median dist. to surf. (pixel)	XM	YM	ZM	BX	BY	BZ	B-width	B-height	B-depth
688	688	688	684	175440	255	0	255	255	255	1243.507	0.536	0	85.544	49.460	85.501	1243.509	0.536	0	1069	0	0	347	4	0
243	243	243	241	61965	255	0	255	255	255	0.519	64.728	0	30.140	17.419	30.275	0.519	64.728	0	0	4	0	3	121	0
550	550	550	550	140250	255	0	255	255	255	142.122	4.485	0	68.878	39.930	68.880	142.122	4.485	0	5	4	0	283	2	0
147	147	147	147	37485	255	0	255	255	255	541.646	4.401	0	20.556	12.829	20.358	541.647	4.401	0	493	4	0	88	2	0
191	191	191	187	48705	255	0	255	255	255	1414.351	59.220	0	23.564	13.798	23.229	1414.349	59.220	0	1412	12	0	4	99	0
215	215	215	48	54825	255	0	255	255	255	546.195	27.488	0	7.881	1.264	7.736	546.196	27.488	0	539	18	0	15	21	0
43	43	43	19	10965	255	0	255	255	255	456.442	24.047	0	3.292	0.499	3.339	456.442	24.047	0	453	21	0	8	7	0
66	66	66	29	16830	255	0	255	255	255	479.621	25.773	0	4.307	1.491	4.371	479.621	25.773	0	473	23	0	13	7	0
89	89	89	32	22695	255	0	255	255	255	439.225	36.247	0	4.927	1.359	5.291	439.225	36.247	0	434	30	0	11	13	0
39	39	39	18	9945	255	0	255	255	255	565.538	34.282	0	3.077	0.408	3.076	565.538	34.282	0	563	31	0	6	8	0
245	245	245	52	62475	255	0	255	255	255	418.629	41.555	0	8.631	2.071	8.707	418.629	41.555	0	409	32	0	20	20	0
359	359	359	61	91545	255	0	255	255	255	464.858	52.109	0	10.343	1.207	10.202	464.859	52.109	0	454	40	0	22	23	0
109	109	109	35	27795	255	0	255	255	255	519.991	49.651	0	5.627	1.463	5.540	519.991	49.651	0	512	45	0	16	10	0
20	20	20	14	5100	255	0	255	255	255	395.750	55.750	0	2.263	0.901	1.904	395.750	55.750	0	393	53	0	7	6	0
257	257	257	55	65535	255	0	255	255	255	493.700	64.891	0	8.821	2.146	8.952	493.701	64.891	0	484	54	0	19	22	0
104	104	104	39	26520	255	0	255	255	255	538.106	61.298	0	5.446	2.250	6.035	538.106	61.298	0	532	55	0	14	15	0
23	23	23	13	5865	255	0	255	255	255	417.913	58.783	0	2.275	0.251	2.229	417.913	58.783	0	416	56	0	5	6	0
55	55	55	21	14025	255	0	255	255	255	512.927	82.127	0	3.766	0.332	3.752	512.927	82.127	0	509	78	0	9	9	0
372	372	372	100	94860	255	0	255	255	255	344.481	97.543	0	13.424	6.672	12.975	344.482	97.543	0	327	79	0	38	36	0
174	174	174	43	44370	255	0	255	255	255	429.356	88.310	0	7.103	1.041	7.319	429.356	88.310	0	422	81	0	15	17	0
417	417	417	68	106335	255	0	255	255	255	488.415	94.456	0	11.117	1.299	11.394	488.416	94.456	0	476	82	0	26	23	0
97	97	97	36	24735	255	0	255	255	255	400.412	88.701	0	5.073	2.003	5.471	400.412	88.701	0	393	83	0	15	13	0
58	58	58	30	14790	255	0	255	255	255	319.638	105.672	0	4.151	1.601	4.394	319.638	105.672	0	313	101	0	12	10	0
74	74	74	34	18870	255	0	255	255	255	403.703	115.851	0	4.656	1.932	4.828	403.703	115.851	0	397	111	0	14	10	0
250	250	250	62	63750	255	0	255	255	255	429.556	122.880	0	9.683	3.154	8.983	429.557	122.880	0	422	113	0	18	27	0
187	187	187	47	47685	255	0	255	255	255	456.529	128.401	0	7.624	1.973	7.640	456.530	128.401	0	447	121	0	20	16	0
95	95	95	29	24225	255	0	255	255	255	289.947	128.379	0	5.193	0.936	5.379	289.947	128.379	0	285	123	0	11	12	0
223	223	223	50	56865	255	0	255	255	255	401.381	137.372	0	8.043	1.156	8.028	401.382	137.372	0	394	128	0	17	19	0
115	115	115	34	29325	255	0	255	255	255	319.096	137.530	0	5.600	0.899	5.647	319.096	137.530	0	312	132	0	14	12	0
219	219	219	50	55845	255	0	255	255	255	368.023	142.338	0	8.054	1.532	7.727	368.023	142.338	0	358	135	0	21	16	0
197	197	197	44	50235	255	0	255	255	255	438.985	145.934	0	7.636	1.357	7.555	438.985	145.934	0	432	138	0	16	19	0
254	254	254	52	64770	255	0	255	255	255	288.937	160.886	0	8.562	0.828	8.651	288.937	160.886	0	280	152	0	19	19	0
20	20	20	12	5100	255	0	255	255	255	272.400	160.000	0	2.138	0.455	2.064	272.400	160.000	0	270	158	0	6	5	0
251	251	251	54	64005	255	0	255	255	255	232.916	172.307	0	8.831	2.159	8.434	232.916	172.307	0	221	164	0	23	17	0
203	203	203	46	51765	255	0	255	255	255	254.773	173.251	0	7.704	1.290	7.663	254.773	173.251	0	247	165	0	17	18	0
284	284	284	81	72420	255	0	255	255	255	340.764	175.250	0	10.559	4.848	10.974	340.765	175.250	0	326	165	0	34	23	0
33	33	33	16	8415	255	0	255	255	255	400.485	178.909	0	2.817	0.360	2.728	400.485	178.909	0	398	176	0	6	7	0
184	184	184	178	46920	255	0	255	255	255	1410.473	223.543	0	22.275	12.879	22.462	1410.471	223.543	0	1408	180	0	5	90	0
13	13	13	10	3315	255	0	255	255	255	202.000	184.000	0	1.613	0.470	1.414	202.000	184.000	0	200	183	0	5	3	0
43	43	43	19	10965	255	0	255	255	255	311.209	191.860	0	3.261	0.347	3.238	311.209	191.860	0	308	189	0	8	7	0
129	129	129	39	32895	255	0	255	255	255	335.837	197.620	0	5.974	1.135	5.623	335.837	197.620	0	331	190	0	11	16	0
204	204	204	58	52020	255	0	255	255	255	251.373	204.328	0	8.340	2.970	7.769	251.373	204.328	0	244	191	0	14	25	0
104	104	104	38	26520	255	0	255	255	255	365.019	201.279	0	5.522	2.092	6.006	365.019	201.279	0	358	195	0	15	13	0
50	50	50	21	12750	255	0	255	255	255	302.420	207.500	0	3.568	0.412	3.548	302.420	207.500	0	299	203	0	8	9	0
48	48	48	27	12240	255	0	255	255	255	56.083	212.021	0	3.876	1.825	4.048	56.083	212.021	0	50	209	0	13	7	0
206	206	206	52	52530	255	0	255	255	255	27.262	216.718	0	7.850	1.818	7.785	27.262	216.718	0	18	211	0	21	13	0
125	125	125	36	31875	255	0	255	255	255	359.976	216.880	0	6.071	1.433	6.053	359.976	216.880	0	353	211	0	15	13	0
50	50	50	25	12750	255	0	255	255	255	75.000	218.140	0	3.769	1.409	4.002	75.000	218.140	0	70	215	0	12	7	0
250	250	250	64	63750	255	0	255	255	255	162.476	226.832	0	8.572	2.522	8.082	162.476	226.832	0	154	216	0	19	23	0
246	246	246	49	62730	255	0	255	255	255	318.447	226.220	0	8.429	0.823	8.450	318.447	226.220	0	310	217	0	17	19	0
259	259	259	58	66045	255	0	255	255	255	256.815	226.954	0	8.987	2.268	8.701	256.815	226.954	0	246	218	0	24	18	0
71	71	71	27	18105	255	0	255	255	255	221.803	226.296	0	4.468	1.357	4.812	221.803	226.296	0	217	221	0	11	11	0
75	75	75	32	19125	255	0	255	255	255	95.187	225.560	0	4.748	1.982	4.812	95.187	225.560	0	88	222	0	16	8	0
17	17	17	10	4335	255	0	255	255	255	187.353	225.000	0	1.948	0.226	1.979	187.353	225.000	0	185	223	0	5	5	0
1863	1863	1863	316	475065	255	0	255	255	255	342.197	256.750	0	26.592	11.559	26.286	342.198	256.750	0	298	223	0	93	56	0
77	77	77	30	19635	255	0	255	255	255	118.675	231.312	0	4.647	1.728	4.733	118.675	231.312	0	112	228	0	15	8	0
101	101	101	39	25755	255	0	255	255	255	198.277	233.733	0	5.458	2.252	5.743	198.277	233.733	0	190	230	0	17	9	0
45	45	45	20	11475	255	0	255	255	255	235.178	234.978	0	3.330	0.339	3.284	235.178	234.978	0	232	232	0	8	7	0
36	36	36	17	9180	255	0	255	255	255	21.806	244.944	0	2.959	0.291	2.998	21.806	244.944	0	19	242	0	7	7	0
378	378	378	76	96390	255	0	255	255	255	261.146	255.794	0	10.987	3.614	10.892	261.146	255.793	0	247	247	0	29	22	0
72	72	72	31	18360	255	0	255	255	255	55.361	251.222	0	4.495	1.820	4.656	55.361	251.222	0	48	248	0	15	7	0
470	470	470	93	119850	255	0	255	255	255	145.296	263.126	0	12.651	4.586	12.277	145.296	263.126	0	128	253	0	39	22	0
155	155	155	51	39525	255	0	255	255	255	208.065	261.748	0	7.196	2.777	7.207	208.065	261.748	0	196	257	0	23	11	0
217	217	217	49	55335	255	0	255	255	255	107.724	266.811	0	7.858	1.043	7.945	107.724	266.811	0	100	259	0	17	16	0
142	142	142	38	36210	255	0	255	255	255	409.155	264.444	0	6.316	0.987	6.584	409.155	264.444	0	402	259	0	15	14	0
31	31	31	17	7905	255	0	255	255	255	22.516	262.129	0	2.820	0.769	2.614	22.516	262.129	0	19	260	0	9	5	0
153	153	153	57	39015	255	0	255	255	255	70.052	271.850	0	6.957	2.743	6.423	70.052	271.850	0	62	264	0	19	18	0
339	339	339	78	86445	255	0	255	255	255	278.012	273.855	0	10.251	2.897	9.891	278.012	273.855	0	264	265	0	30	20	0
62	62	62	22	15810	255	0	255	255	255	433.016	269.081	0	4.038	0.447	4.085	433.016	269.081	0	429	265	0	9	10	0
1575	1575	1575	311	401625	255	0	255	255	255	533.551	277.451	0	30.519	15.343	29.836	533.552	277.451	0	480	265	0	117	36	0
137	137	137	43	34935	255	0	255	255	255	51.796	272.234	0	6.250	2.008	6.594	51.796	272.234	0	43	267	0	18	12	0
595	595	595	109	151725	255	0	255	255	255	468.576	283.129	0	14.581	5.014	13.591	468.578	283.129	0	450	268	0	39	33	0
109	109	109	38	27795	255	0	255	255	255	229.404	280.642	0	5.554	2.104	6.164	229.404	280.642	0	225	273	0	10	16	0
621	621	621	121	158355	255	0	255	255	255	624.855	283.353	0	14.789	4.817	14.608	624.857	283.353	0	603	274	0	46	22	0
303	303	303	77	77265	255	0	255	255	255	336.548	290.290	0	9.469	3.428	9.633	336.548	290.290	0	325	277	0	24	25	0
1476	1476	1476	224	376380	255	0	255	255	255	421.640	308.604	0	25.931	11.970	25.426	421.641	308.604	0	383	277	0	69	71	0
219	219	219	52	55845	255	0	255	255	255	714.580	281.922	0	8.090	2.158	7.673	714.581	281.922	0	704	277	0	23	12	0
289	289	289	56	73695	255	0	255	255	255	436.512	286.958	0	9.335	1.912	9.500	436.513	286.959	0	426	278	0	22	21	0
329	329	329	75	83895	255	0	255	255	255	692.219	289.799	0	10.757	3.819	10.848	692.220	289.799	0	677	278	0	29	24	0
202	202	202	45	51510	255	0	255	255	255	771.391	285.886	0	7.594	0.985	7.590	771.392	285.886	0	762	280	0	19	14	0
974	974	974	162	248370	255	0	255	255	255	801.869	301.964	0	17.761	6.954	17.949	801.869	301.964	0	772	282	0	55	39	0
169	169	169	55	43095	255	0	255	255	255	300.811	294.988	0	7.036	2.469	6.947	300.811	294.988	0	294	284	0	14	21	0
135	135	135	38	34425	255	0	255	255	255	186.644	292.385	0	6.109	0.978	6.167	186.644	292.385	0	181	285	0	13	14	0
210	210	210	45	53550	255	0	255	255	255	740.681	293.533	0	7.779	1.047	7.627	740.682	293.533	0	732	286	0	19	15	0
32	32	32	18	8160	255	0	255	255	255	832.719	288.969	0	2.850	0.787	2.897	832.719	288.969	0	828	287	0	9	5	0
63	63	63	26	16065	255	0	255	255	255	658.016	292.873	0	4.025	0.995	4.208	658.016	292.873	0	655	288	0	7	11	0
1983	1983	1983	285	505665	255	0	255	255	255	872.768	307.112	0	33.088	15.388	33.333	872.768	307.113	0	820	288	0	113	48	0
263	263	263	55	67065	255	0	255	255	255	557.973	299.703	0	8.845	1.615	8.297	557.974	299.703	0	550	289	0	18	21	0
611	611	611	104	155805	255	0	255	255	255	953.498	299.462	0	15.290	5.734	14.697	953.499	299.462	0	928	289	0	48	21	0
158	158	158	40	40290	255	0	255	255	255	720.209	298.386	0	6.679	1.047	6.987	720.210	298.386	0	714	291	0	13	17	0
297	297	297	56	75735	255	0	255	255	255	281.747	304.303	0	9.263	0.850	9.282	281.748	304.303	0	271	295	0	22	19	0
276	276	276	66	70380	255	0	255	255	255	635.373	306.652	0	8.942	2.225	8.991	635.374	306.652	0	628	296	0	17	24	0
238	238	238	51	60690	255	0	255	255	255	230.655	305.021	0	8.225	0.702	8.215	230.655	305.021	0	223	297	0	16	17	0
407	407	407	76	103785	255	0	255	255	255	1039.754	305.518	0	11.782	3.373	11.157	1039.756	305.518	0	1021	297	0	34	19	0
24	24	24	14	6120	255	0	255	255	255	155.875	304.000	0	2.326	0.303	2.239	155.875	304.000	0	153	302	0	6	5	0
119	119	119	38	30345	255	0	255	255	255	313.025	308.538	0	5.692	1.162	5.842	313.025	308.538	0	306	302	0	13	14	0
419	419	419	69	106845	255	0	255	255	255	588.556	314.410	0	11.258	1.557	10.965	588.557	314.410	0	574	303	0	28	23	0
97	97	97	39	24735	255	0	255	255	255	49.247	308.062	0	5.447	2.369	5.594	49.247	308.062	0	41	304	0	18	9	0
190	190	190	43	48450	255	0	255	255	255	1073.832	309.784	0	7.402	1.508	7.237	1073.833	309.784	0	1064	304	0	20	13	0
342	342	342	68	87210	255	0	255	255	255	542.711	318.304	0	10.277	3.025	10.525	542.712	318.304	0	531	305	0	23	26	0
46	46	46	45	11730	255	0	255	255	255	4.283	318.457	0	7.200	4.614	6.550	4.283	318.457	0	3	306	0	3	31	0
403	403	403	92	102765	255	0	255	255	255	372.221	316.275	0	10.918	4.877	11.568	372.222	316.276	0	356	306	0	33	23	0
59	59	59	23	15045	255	0	255	255	255	758.407	309.763	0	3.895	0.373	3.809	758.407	309.763	0	754	306	0	9	8	0
366	366	366	66	93330	255	0	255	255	255	1149.754	313.822	0	10.630	2.583	10.309	1149.755	313.822	0	1135	306	0	29	17	0
209	209	209	62	53295	255	0	255	255	255	118.033	316.684	0	8.427	3.026	8.808	118.033	316.684	0	106	311	0	26	12	0
20	20	20	14	5100	255	0	255	255	255	298.800	313.600	0	2.049	0.432	2.118	298.800	313.600	0	297	312	0	5	5	0
163	163	163	46	41565	255	0	255	255	255	501.773	317.258	0	6.811	1.724	7.286	501.773	317.258	0	494	312	0	18	11	0
88	88	88	32	22440	255	0	255	255	255	699.182	320.955	0	4.946	1.564	5.155	699.182	320.955	0	694	315	0	12	13	0
479	479	479	82	122145	255	0	255	255	255	404.578	334.238	0	12.151	2.881	11.647	404.579	334.238	0	395	316	0	21	35	0
92	92	92	34	23460	255	0	255	255	255	327.326	321.913	0	5.042	1.607	5.341	327.326	321.913	0	321	317	0	14	11	0
14	14	14	10	3570	255	0	255	255	255	866.500	318.500	0	1.689	0.228	1.581	866.500	318.500	0	865	317	0	4	4	0
102	102	102	35	26010	255	0	255	255	255	618.029	323.363	0	5.269	1.687	5.557	618.029	323.363	0	611	319	0	15	10	0
133	133	133	36	33915	255	0	255	255	255	767.639	325.038	0	6.228	1.179	5.865	767.640	325.038	0	759	320	0	17	12	0
106	106	106	32	27030	255	0	255	255	255	1029.689	326.358	0	5.393	0.867	5.274	1029.689	326.358	0	1025	320	0	10	14	0
56	56	56	22	14280	255	0	255	255	255	360.786	326.393	0	3.767	0.318	3.806	360.786	326.393	0	357	322	0	8	9	0
274	274	274	59	69870	255	0	255	255	255	483.438	332.022	0	9.007	1.610	8.877	483.439	332.022	0	474	322	0	19	20	0
90	90	90	28	22950	255	0	255	255	255	1100.289	327.744	0	4.967	0.655	4.861	1100.289	327.744	0	1096	322	0	10	12	0
402	402	402	82	102510	255	0	255	255	255	70.903	332.271	0	11.449	3.657	11.189	70.903	332.271	0	54	323	0	36	19	0
124	124	124	37	31620	255	0	255	255	255	26.040	331.177	0	5.898	1.094	5.823	26.040	331.177	0	21	324	0	14	14	0
985	985	985	151	251175	255	0	255	255	255	1106.264	350.846	0	21.142	9.925	20.890	1106.265	350.845	0	1077	325	0	62	46	0
412	412	412	64	105060	255	0	255	255	255	655.468	336.738	0	11.034	0.832	11.025	655.470	336.738	0	643	326	0	26	24	0
262	262	262	59	66810	255	0	255	255	255	862.279	333.275	0	8.615	2.275	8.730	862.280	333.275	0	851	326	0	24	18	0
37	37	37	18	9435	255	0	255	255	255	273.297	329.946	0	2.971	0.379	3.020	273.297	329.946	0	270	327	0	7	7	0
1501	1501	1501	244	382755	255	0	255	255	255	519.638	365.795	0	22.865	7.581	23.277	519.639	365.796	0	491	327	0	61	64	0
82	82	82	30	20910	255	0	255	255	255	1180.427	331.866	0	4.711	0.813	4.612	1180.427	331.866	0	1175	327	0	11	11	0
228	228	228	52	58140	255	0	255	255	255	888.820	336.325	0	8.258	1.837	7.784	888.821	336.324	0	880	328	0	19	18	0
160	160	160	44	40800	255	0	255	255	255	996.675	332.875	0	6.832	1.726	6.804	996.676	332.875	0	987	328	0	20	11	0
210	210	210	51	53550	255	0	255	255	255	164.329	336.357	0	7.923	1.624	7.430	164.329	336.357	0	154	329	0	22	15	0
89	89	89	31	22695	255	0	255	255	255	695.292	333.674	0	4.952	1.105	5.302	695.292	333.674	0	690	329	0	12	11	0
56	56	56	27	14280	255	0	255	255	255	116.786	334.179	0	3.998	1.589	4.376	116.786	334.179	0	111	331	0	12	8	0
747	747	747	129	190485	255	0	255	255	255	246.348	346.507	0	15.767	6.253	16.417	246.349	346.507	0	218	331	0	51	28	0
208	208	208	47	53040	255	0	255	255	255	755.769	340.433	0	7.712	1.275	8.063	755.770	340.433	0	746	332	0	18	18	0
66	66	66	31	16830	255	0	255	255	255	596.182	338.652	0	4.047	1.634	4.613	596.182	338.652	0	593	333	0	7	13	0
344	344	344	62	87720	255	0	255	255	255	793.209	343.547	0	10.104	1.779	9.441	793.211	343.547	0	781	334	0	26	19	0
82	82	82	28	20910	255	0	255	255	255	382.012	340.829	0	4.653	0.408	4.725	382.012	340.829	0	377	336	0	11	10	0
36	36	36	18	9180	255	0	255	255	255	565.000	338.750	0	2.947	0.370	3.010	565.000	338.750	0	562	336	0	7	6	0
373	373	373	85	95115	255	0	255	255	255	332.702	343.783	0	11.660	4.395	10.414	332.703	343.783	0	315	337	0	39	17	0
282	282	282	64	71910	255	0	255	255	255	721.309	346.837	0	9.180	1.689	8.915	721.310	346.837	0	712	337	0	19	23	0
523	523	523	79	133365	255	0	255	255	255	673.470	353.151	0	12.672	2.190	12.968	673.472	353.151	0	659	340	0	30	27	0
1204	1204	1204	180	307020	255	0	255	255	255	1027.266	358.903	0	22.798	10.436	22.389	1027.268	358.902	0	988	341	0	76	32	0
333	333	333	73	84915	255	0	255	255	255	466.132	355.721	0	9.743	2.306	10.017	466.133	355.721	0	454	344	0	25	22	0
1905	1905	1905	287	485775	255	0	255	255	255	863.965	365.077	0	30.677	14.244	28.585	863.969	365.078	0	810	345	0	112	37	0
273	273	273	76	69615	255	0	255	255	255	1244.623	357.330	0	10.755	4.448	11.186	1244.624	357.330	0	1229	346	0	34	22	0
244	244	244	53	62220	255	0	255	255	255	425.070	356.189	0	8.449	1.290	8.403	425.070	356.189	0	417	347	0	18	19	0
154	154	154	39	39270	255	0	255	255	255	1161.435	354.649	0	6.604	0.897	6.511	1161.436	354.649	0	1155	347	0	13	16	0
183	183	183	52	46665	255	0	255	255	255	621.366	359.087	0	7.050	2.526	7.358	621.367	359.087	0	614	350	0	16	20	0
30	30	30	16	7650	255	0	255	255	255	926.267	352.633	0	2.650	0.381	2.666	926.267	352.633	0	924	350	0	6	6	0
56	56	56	56	14280	255	0	255	255	255	1406.429	364.786	0	7.326	4.484	7.018	1406.429	364.786	0	1406	351	0	2	32	0
446	446	446	70	113730	255	0	255	255	255	946.702	366.845	0	11.921	2.845	12.324	946.703	366.845	0	933	354	0	30	25	0
119	119	119	35	30345	255	0	255	255	255	973.815	361.336	0	5.711	0.848	5.829	973.816	361.336	0	967	357	0	14	10	0
338	338	338	75	86190	255	0	255	255	255	592.240	365.257	0	10.506	4.052	11.307	592.241	365.257	0	578	358	0	32	16	0
10	10	10	10	2550	255	0	255	255	255	5.000	363.500	0	2.500	1.491	2.500	5.000	363.500	0	5	359	0	1	10	0
1813	1813	1813	272	462315	255	0	255	255	255	363.982	390.137	0	22.343	8.580	24.025	363.983	390.137	0	329	359	0	62	62	0
47	47	47	20	11985	255	0	255	255	255	771.553	362.936	0	3.436	0.314	3.412	771.553	362.936	0	768	360	0	8	7	0
950	950	950	173	242250	255	0	255	255	255	721.145	371.833	0	22.933	11.247	22.176	721.147	371.833	0	680	361	0	83	20	0
246	246	246	51	62730	255	0	255	255	255	787.707	371.289	0	8.479	1.648	8.220	787.708	371.288	0	776	364	0	23	15	0
115	115	115	37	29325	255	0	255	255	255	286.887	368.861	0	5.757	1.844	5.895	286.887	368.861	0	279	365	0	17	10	0
230	230	230	56	58650	255	0	255	255	255	444.561	373.026	0	8.470	2.587	8.217	444.561	373.026	0	432	367	0	26	13	0
492	492	492	112	125460	255	0	255	255	255	647.081	375.868	0	14.610	7.069	14.409	647.083	375.868	0	620	368	0	52	16	0
622	622	622	131	158610	255	0	255	255	255	309.770	389.797	0	15.971	7.923	15.779	309.771	389.798	0	281	372	0	52	32	0
142	142	142	42	36210	255	0	255	255	255	106.085	377.500	0	6.443	1.649	6.173	106.085	377.500	0	97	373	0	19	10	0
71	71	71	25	18105	255	0	255	255	255	482.606	377.803	0	4.302	0.355	4.399	482.606	377.803	0	478	374	0	10	9	0
146	146	146	43	37230	255	0	255	255	255	607.294	380.151	0	6.513	1.742	6.518	607.295	380.151	0	599	376	0	18	9	0
139	139	139	38	35445	255	0	255	255	255	556.281	383.388	0	6.253	1.074	6.301	556.281	383.388	0	550	377	0	15	13	0
187	187	187	48	47685	255	0	255	255	255	151.711	383.059	0	7.512	2.417	7.451	151.711	383.059	0	141	378	0	22	12	0
280	280	280	69	71400	255	0	255	255	255	275.614	385.611	0	9.697	3.489	9.275	275.615	385.611	0	261	378	0	31	16	0
396	396	396	81	100980	255	0	255	255	255	244.657	394.927	0	10.826	3.271	11.719	244.657	394.927	0	235	380	0	24	30	0
171	171	171	42	43605	255	0	255	255	255	130.982	390.386	0	7.108	1.578	7.418	130.982	390.386	0	123	383	0	17	16	0
546	546	546	135	139230	255	0	255	255	255	171.456	395.603	0	14.542	7.259	14.487	171.457	395.603	0	143	383	0	51	28	0
38	38	38	24	9690	255	0	255	255	255	430.368	386.895	0	3.249	1.333	3.306	430.368	386.895	0	426	385	0	11	6	0
38	38	38	18	9690	255	0	255	255	255	452.000	387.500	0	3.009	0.302	3.041	452.000	387.500	0	449	385	0	7	6	0
94	94	94	42	23970	255	0	255	255	255	35.340	393.149	0	4.916	1.823	5.243	35.340	393.149	0	30	387	0	14	12	0
106	106	106	102	27030	255	0	255	255	255	1406.236	419.406	0	13.336	8.223	12.607	1406.237	419.406	0	1404	390	0	4	61	0
42	42	42	21	10710	255	0	255	255	255	212.500	399.357	0	3.473	1.278	3.559	212.500	399.357	0	208	396	0	10	8	0
2338	2338	2338	261	596190	255	0	255	255	255	432.059	418.275	0	28.415	12.316	29.233	432.061	418.276	0	383	397	0	92	48	0
235	235	235	50	59925	255	0	255	255	255	314.157	408.957	0	8.187	0.661	8.173	314.158	408.958	0	306	401	0	18	16	0
258	258	258	55	65790	255	0	255	255	255	271.291	413.198	0	8.588	1.264	8.618	271.291	413.198	0	261	405	0	21	18	0
183	183	183	46	46665	255	0	255	255	255	79.448	415.989	0	7.238	1.331	7.282	79.448	415.989	0	71	408	0	18	16	0
284	284	284	61	72420	255	0	255	255	255	484.391	420.690	0	9.197	1.512	9.223	484.392	420.690	0	475	410	0	19	24	0
410	410	410	80	104550	255	0	255	255	255	232.737	429.076	0	11.138	2.388	11.078	232.737	429.075	0	221	417	0	26	24	0
225	225	225	48	57375	255	0	255	255	255	293.320	428.880	0	8.069	1.060	7.933	293.320	428.880	0	283	421	0	21	16	0
117	117	117	37	29835	255	0	255	255	255	105.897	425.906	0	5.683	1.529	5.872	105.897	425.906	0	98	422	0	16	9	0
181	181	181	54	46155	255	0	255	255	255	510.801	430.713	0	7.643	2.577	7.219	510.802	430.713	0	504	422	0	16	21	0
22	22	22	14	5610	255	0	255	255	255	149.409	425.636	0	2.206	0.465	2.221	149.409	425.636	0	147	423	0	5	6	0
434	434	434	90	110670	255	0	255	255	255	347.406	432.304	0	12.823	4.994	12.876	347.407	432.304	0	329	424	0	42	18	0
614	614	614	95	156570	255	0	255	255	255	534.958	437.735	0	13.677	2.696	13.680	534.959	437.735	0	519	424	0	33	29	0
75	75	75	43	19125	255	0	255	255	255	40.547	431.827	0	4.535	1.776	4.841	40.547	431.827	0	33	428	0	14	10	0
123	123	123	52	31365	255	0	255	255	255	198.602	434.236	0	5.366	1.735	5.639	198.602	434.236	0	193	428	0	13	14	0
153	153	153	41	39015	255	0	255	255	255	256.320	438.091	0	6.614	0.954	6.677	256.320	438.091	0	250	431	0	15	14	0
1805	1805	1805	253	460275	255	0	255	255	255	559.640	473.911	0	26.413	9.595	27.891	559.642	473.911	0	539	431	0	42	80	0
143	143	143	42	36465	255	0	255	255	255	96.993	439.559	0	6.375	1.680	6.795	96.993	439.559	0	89	434	0	17	13	0
241	241	241	79	61455	255	0	255	255	255	164.660	445.734	0	8.759	3.222	8.759	164.660	445.735	0	151	434	0	25	25	0
327	327	327	80	83385	255	0	255	255	255	123.664	456.235	0	9.874	4.217	9.783	123.664	456.236	0	114	439	0	19	33	0
201	201	201	69	51255	255	0	255	255	255	307.642	444.905	0	8.624	4.253	8.245	307.642	444.905	0	291	440	0	31	11	0
605	605	605	113	154275	255	0	255	255	255	613.144	457.281	0	13.634	5.190	12.761	613.145	457.282	0	590	443	0	43	27	0
35	35	35	17	8925	255	0	255	255	255	411.029	446.714	0	2.902	0.295	2.985	411.029	446.714	0	408	444	0	7	7	0
521	521	521	106	132855	255	0	255	255	255	471.455	464.382	0	13.911	5.571	14.554	471.456	464.382	0	453	445	0	35	38	0
137	137	137	37	34935	255	0	255	255	255	203.095	451.752	0	6.150	0.691	6.151	203.095	451.752	0	197	446	0	14	13	0
71	71	71	28	18105	255	0	255	255	255	240.394	451.183	0	4.351	1.187	4.434	240.394	451.183	0	236	446	0	11	11	0
213	213	213	57	54315	255	0	255	255	255	393.610	452.859	0	8.084	2.703	8.337	393.611	452.859	0	383	447	0	23	13	0
62	62	62	31	15810	255	0	255	255	255	427.339	450.984	0	4.071	1.619	4.661	427.339	450.984	0	421	448	0	13	7	0
198	198	198	45	50490	255	0	255	255	255	180.343	460.045	0	7.694	1.343	8.053	180.343	460.045	0	172	452	0	17	19	0
3931	3931	3931	506	1002405	255	0	255	255	255	354.414	491.846	0	42.965	20.304	41.831	354.415	491.849	0	297	455	0	146	75	0
793	793	793	151	202215	255	0	255	255	255	640.101	477.705	0	16.548	5.946	16.104	640.102	477.704	0	616	457	0	46	39	0
141	141	141	52	35955	255	0	255	255	255	528.298	466.957	0	6.025	1.869	6.139	528.298	466.957	0	520	460	0	18	14	0
401	401	401	67	102255	255	0	255	255	255	233.185	473.713	0	10.932	1.530	10.958	233.185	473.713	0	220	462	0	26	24	0
93	93	93	34	23715	255	0	255	255	255	359.978	468.183	0	5.061	1.618	5.388	359.978	468.183	0	353	464	0	15	9	0
168	168	168	42	42840	255	0	255	255	255	39.958	472.798	0	6.869	1.062	6.969	39.958	472.797	0	31	465	0	16	16	0
165	165	165	46	42075	255	0	255	255	255	444.618	471.212	0	7.007	1.375	6.386	444.618	471.212	0	436	465	0	19	13	0
84	84	84	46	21420	255	0	255	255	255	166.238	474.940	0	4.938	2.141	4.652	166.238	474.940	0	160	468	0	14	15	0
14	14	14	10	3570	255	0	255	255	255	312.929	469.857	0	1.698	0.488	1.750	312.929	469.857	0	311	468	0	5	4	0
125	125	125	40	31875	255	0	255	255	255	260.816	475.336	0	5.928	1.778	6.256	260.816	475.336	0	253	471	0	17	10	0
124	124	124	37	31620	255	0	255	255	255	135.452	478.266	0	5.993	1.781	6.455	135.452	478.266	0	128	472	0	16	13	0
711	711	711	117	181305	255	0	255	255	255	509.293	488.850	0	13.780	5.536	15.457	509.294	488.850	0	491	473	0	38	33	0
284	284	284	65	72420	255	0	255	255	255	589.232	485.320	0	9.345	2.516	8.876	589.233	485.321	0	582	473	0	15	26	0
417	417	417	82	106335	255	0	255	255	255	690.703	485.175	0	11.457	2.962	11.254	690.704	485.175	0	679	474	0	30	23	0
285	285	285	75	72675	255	0	255	255	255	91.284	487.021	0	9.690	3.737	9.763	91.284	487.021	0	80	476	0	21	28	0
165	165	165	52	42075	255	0	255	255	255	207.558	485.473	0	7.190	2.519	7.047	207.558	485.473	0	198	478	0	21	16	0
15	15	15	11	3825	255	0	255	255	255	183.200	483.400	0	1.755	0.504	1.844	183.200	483.400	0	181	482	0	5	4	0
28	28	28	15	7140	255	0	255	255	255	249.964	488.393	0	2.556	0.420	2.594	249.964	488.393	0	247	486	0	7	6	0
139	139	139	46	35445	255	0	255	255	255	449.662	494.338	0	6.102	1.882	6.525	449.662	494.338	0	443	486	0	15	16	0
158	158	158	40	40290	255	0	255	255	255	480.835	496.462	0	6.666	0.704	6.751	480.836	496.462	0	474	489	0	14	15	0
84	84	84	28	21420	255	0	255	255	255	724.905	494.310	0	4.787	0.666	4.872	724.905	494.310	0	720	489	0	11	11	0
61	61	61	26	15555	255	0	255	255	255	264.344	494.508	0	4.050	1.083	4.513	264.344	494.508	0	260	490	0	10	10	0
272	272	272	74	69360	255	0	255	255	255	146.772	501.132	0	8.969	2.967	8.620	146.772	501.133	0	138	491	0	24	24	0
130	130	130	45	33150	255	0	255	255	255	66.623	497.123	0	6.163	2.479	6.553	66.623	497.123	0	58	492	0	18	12	0
40	40	40	19	10200	255	0	255	255	255	213.800	500.875	0	3.125	0.348	3.115	213.800	500.875	0	210	498	0	8	7	0
1447	1447	1447	210	368985	255	0	255	255	255	749.601	527.281	0	19.476	7.115	19.997	749.602	527.278	0	721	501	0	54	51	0
259	259	259	52	66045	255	0	255	255	255	126.811	509.996	0	8.758	1.590	8.054	126.811	509.996	0	116	502	0	23	17	0
543	543	543	123	138465	255	0	255	255	255	630.280	513.908	0	14.187	6.775	14.181	630.281	513.908	0	608	502	0	50	21	0
75	75	75	27	19125	255	0	255	255	255	591.187	508.200	0	4.585	1.437	4.735	591.187	508.200	0	585	504	0	13	10	0
58	58	58	23	14790	255	0	255	255	255	199.259	509.948	0	4.134	1.267	4.363	199.259	509.948	0	194	505	0	11	10	0
335	335	335	61	85425	255	0	255	255	255	246.185	515.848	0	9.858	1.261	9.987	246.185	515.848	0	234	506	0	23	20	0
351	351	351	85	89505	255	0	255	255	255	709.487	520.251	0	9.756	4.136	10.062	709.488	520.251	0	700	506	0	20	30	0
33	33	33	16	8415	255	0	255	255	255	264.242	513.818	0	2.835	0.427	2.852	264.242	513.818	0	261	511	0	7	7	0
406	406	406	75	103530	255	0	255	255	255	680.709	523.069	0	11.242	2.151	10.600	680.711	523.069	0	665	514	0	30	20	0
150	150	150	45	38250	255	0	255	255	255	785.613	519.853	0	6.696	2.226	6.696	785.614	519.853	0	777	514	0	20	12	0
324	324	324	317	82620	255	0	255	255	255	1402.543	596.488	0	39.633	22.898	39.515	1402.546	596.488	0	1402	518	0	3	158	0
82	82	82	27	20910	255	0	255	255	255	188.695	525.219	0	4.670	0.439	4.700	188.695	525.219	0	184	520	0	11	11	0
114	114	114	32	29070	255	0	255	255	255	352.289	525.377	0	5.593	0.278	5.622	352.289	525.377	0	347	520	0	12	12	0
133	133	133	42	33915	255	0	255	255	255	160.571	526.158	0	6.089	2.066	6.531	160.571	526.158	0	152	521	0	18	12	0
328	328	328	73	83640	255	0	255	255	255	271.152	533.695	0	10.047	2.765	10.652	271.153	533.696	0	260	522	0	28	23	0
985	985	985	151	251175	255	0	255	255	255	822.334	543.191	0	17.869	8.495	18.667	822.335	543.191	0	797	523	0	56	40	0
367	367	367	74	93585	255	0	255	255	255	98.891	540.223	0	10.864	3.453	11.106	98.891	540.224	0	89	524	0	20	32	0
50	50	50	22	12750	255	0	255	255	255	72.260	530.880	0	3.594	0.626	3.456	72.260	530.880	0	68	528	0	10	7	0
63	63	63	27	16065	255	0	255	255	255	205.206	532.048	0	4.121	1.039	4.134	205.206	532.048	0	200	529	0	11	8	0
21	21	21	12	5355	255	0	255	255	255	244.000	532.000	0	2.157	0.116	2.236	244.000	532.000	0	242	530	0	5	5	0
63	63	63	23	16065	255	0	255	255	255	789.063	534.302	0	4.042	0.254	4.075	789.063	534.302	0	785	530	0	9	9	0
95	95	95	39	24225	255	0	255	255	255	51.400	535.800	0	5.229	2.155	5.692	51.400	535.800	0	44	532	0	16	9	0
2118	2118	2118	352	540090	255	0	255	255	255	362.068	567.774	0	25.155	10.982	27.712	362.068	567.770	0	331	532	0	67	75	0
417	417	417	90	106335	255	0	255	255	255	190.230	546.751	0	10.643	3.874	11.704	190.230	546.750	0	177	534	0	24	29	0
11837	11837	11837	1751	3018435	255	0	255	255	255	411.032	633.969	0	94.473	55.420	86.973	411.018	633.999	0	208	539	0	365	174	0
552	552	552	102	140760	255	0	255	255	255	304.272	558.632	0	13.531	3.618	13.470	304.273	558.632	0	286	539	0	34	33	0
561	561	561	113	143055	255	0	255	255	255	785.374	558.364	0	12.744	4.968	13.378	785.375	558.363	0	770	541	0	30	38	0
83	83	83	34	21165	255	0	255	255	255	126.181	546.795	0	5.240	2.283	5.229	126.181	546.795	0	118	542	0	17	10	0
92	92	92	28	23460	255	0	255	255	255	323.989	548.685	0	4.988	0.337	5.028	323.989	548.685	0	319	544	0	11	11	0
855	855	855	142	218025	255	0	255	255	255	221.367	565.851	0	16.274	5.757	15.438	221.368	565.851	0	203	546	0	39	45	0
256	256	256	54	65280	255	0	255	255	255	762.094	562.211	0	8.769	1.653	8.838	762.095	562.211	0	752	553	0	20	19	0
517	517	517	82	131835	255	0	255	255	255	87.213	567.971	0	12.499	2.280	12.548	87.213	567.971	0	75	554	0	26	30	0
113	113	113	38	28815	255	0	255	255	255	862.469	559.637	0	5.689	1.903	6.042	862.470	559.637	0	855	554	0	16	12	0
869	869	869	149	221595	255	0	255	255	255	821.314	577.031	0	15.071	5.303	16.282	821.313	577.032	0	803	557	0	41	42	0
238	238	238	66	60690	255	0	255	255	255	415.924	566.857	0	8.863	3.670	9.504	415.925	566.857	0	403	558	0	26	19	0
932	932	932	136	237660	255	0	255	255	255	146.980	579.030	0	17.546	6.357	19.201	146.981	579.031	0	126	563	0	50	37	0
172	172	172	62	43860	255	0	255	255	255	29.942	570.529	0	7.521	2.378	7.183	29.942	570.529	0	17	564	0	24	14	0
49	49	49	21	12495	255	0	255	255	255	66.449	572.939	0	3.488	0.334	3.450	66.449	572.939	0	63	570	0	8	7	0
246	246	246	58	62730	255	0	255	255	255	894.496	580.081	0	8.646	2.281	8.271	894.497	580.082	0	884	572	0	24	17	0
176	176	176	56	44880	255	0	255	255	255	869.335	581.017	0	7.073	2.262	7.376	869.336	581.017	0	860	573	0	21	16	0
51	51	51	26	13005	255	0	255	255	255	113.255	582.353	0	3.752	1.489	4.226	113.255	582.353	0	108	578	0	10	10	0
232	232	232	54	59160	255	0	255	255	255	196.099	588.625	0	8.310	2.081	8.316	196.099	588.625	0	184	582	0	25	14	0
132	132	132	41	33660	255	0	255	255	255	382.909	590.599	0	6.169	1.377	5.541	382.909	590.598	0	376	584	0	14	14	0
28	28	28	15	7140	255	0	255	255	255	74.036	588.393	0	2.556	0.420	2.594	74.036	588.393	0	71	586	0	7	6	0
307	307	307	60	78285	255	0	255	255	255	919.306	598.349	0	9.551	1.620	9.406	919.308	598.348	0	911	586	0	17	25	0
466	466	466	76	118830	255	0	255	255	255	851.721	599.487	0	11.888	2.315	12.147	851.722	599.488	0	838	588	0	27	25	0
28	28	28	15	7140	255	0	255	255	255	882.071	591.143	0	2.543	0.422	2.396	882.071	591.143	0	879	589	0	7	5	0
188	188	188	65	47940	255	0	255	255	255	951.830	600.729	0	8.615	4.404	8.203	951.831	600.729	0	938	594	0	29	16	0
287	287	287	60	73185	255	0	255	255	255	159.822	605.481	0	9.157	1.455	9.131	159.822	605.481	0	151	596	0	20	21	0
48	48	48	21	12240	255	0	255	255	255	89.438	601.979	0	3.505	0.538	3.364	89.438	601.979	0	85	599	0	9	7	0
339	339	339	76	86445	255	0	255	255	255	881.785	613.339	0	10.117	2.809	9.982	881.786	613.339	0	868	601	0	25	25	0
274	274	274	72	69870	255	0	255	255	255	275.467	618.956	0	9.610	3.620	8.839	275.467	618.956	0	265	608	0	24	24	0
90	90	90	32	22950	255	0	255	255	255	83.589	614.389	0	4.944	1.396	5.463	83.589	614.389	0	77	610	0	14	10	0
346	346	346	61	88230	255	0	255	255	255	973.642	621.410	0	10.291	1.684	9.957	973.643	621.411	0	964	610	0	20	27	0
298	298	298	80	75990	255	0	255	255	255	183.211	618.312	0	10.179	4.478	10.029	183.211	618.312	0	165	611	0	33	16	0
62	62	62	23	15810	255	0	255	255	255	137.113	615.597	0	3.992	0.307	4.006	137.113	615.597	0	133	612	0	9	8	0
27	27	27	15	6885	255	0	255	255	255	995.074	619.593	0	2.475	0.309	2.507	995.074	619.593	0	993	617	0	5	6	0
34	34	34	17	8670	255	0	255	255	255	51.824	620.441	0	2.873	0.419	2.816	51.824	620.441	0	49	618	0	7	6	0
56	56	56	22	14280	255	0	255	255	255	430.625	623.018	0	3.824	0.603	3.966	430.625	623.018	0	427	619	0	8	9	0
58	58	58	25	14790	255	0	255	255	255	904.172	624.207	0	3.916	0.830	3.833	904.172	624.207	0	900	620	0	9	9	0
348	348	348	66	88740	255	0	255	255	255	85.583	631.336	0	10.805	3.368	10.889	85.583	631.337	0	72	621	0	29	22	0
171	171	171	42	43605	255	0	255	255	255	236.503	627.725	0	7.011	1.083	6.750	236.503	627.725	0	228	621	0	18	14	0
62	62	62	26	15810	255	0	255	255	255	103.710	626.371	0	4.075	1.200	4.308	103.710	626.371	0	99	622	0	11	9	0
472	472	472	102	120360	255	0	255	255	255	946.610	633.943	0	11.969	3.400	12.245	946.611	633.944	0	930	622	0	32	25	0
1512	1512	1512	261	385560	255	0	255	255	255	1029.799	645.835	0	19.906	8.222	20.616	1029.801	645.835	0	1001	622	0	61	56	0
236	236	236	50	60180	255	0	255	255	255	173.949	634.038	0	8.205	0.643	8.123	173.949	634.038	0	166	626	0	17	17	0
503	503	503	86	128265	255	0	255	255	255	292.930	639.575	0	12.874	3.820	11.912	292.931	639.574	0	273	628	0	39	21	0
309	309	309	66	78795	255	0	255	255	255	227.220	645.566	0	9.923	2.759	9.444	227.220	645.567	0	215	636	0	27	19	0
432	432	432	98	110160	255	0	255	255	255	470.664	652.097	0	10.783	4.413	12.046	470.665	652.098	0	460	637	0	21	32	0
187	187	187	78	47685	255	0	255	255	255	133.193	646.604	0	7.415	2.670	7.535	133.193	646.604	0	122	638	0	22	20	0
289	289	289	67	73695	255	0	255	255	255	974.813	647.311	0	9.698	2.421	9.275	974.814	647.311	0	962	638	0	27	20	0
192	192	192	45	48960	255	0	255	255	255	259.490	647.281	0	7.380	0.807	7.299	259.490	647.281	0	253	640	0	15	17	0
50	50	50	20	12750	255	0	255	255	255	77.740	645.540	0	3.574	0.350	3.589	77.740	645.540	0	74	642	0	8	8	0
106	106	106	37	27030	255	0	255	255	255	1068.198	654.076	0	5.539	1.949	5.964	1068.199	654.076	0	1063	646	0	10	16	0
96	96	96	37	24480	255	0	255	255	255	163.719	655.115	0	5.165	1.932	5.608	163.719	655.115	0	158	648	0	12	15	0
126	126	126	40	32130	255	0	255	255	255	1104.913	655.881	0	6.047	1.871	6.444	1104.914	655.881	0	1097	650	0	17	12	0
20	20	20	12	5100	255	0	255	255	255	993.350	654.900	0	2.114	0.455	2.069	993.350	654.900	0	991	653	0	6	5	0
36	36	36	18	9180	255	0	255	255	255	202.694	656.500	0	2.934	0.335	2.820	202.694	656.500	0	200	654	0	7	6	0
32	32	32	16	8160	255	0	255	255	255	248.562	657.562	0	2.744	0.309	2.727	248.562	657.562	0	246	655	0	6	7	0
191	191	191	55	48705	255	0	255	255	255	286.822	663.707	0	7.798	2.474	7.928	286.822	663.707	0	275	657	0	22	15	0
43	43	43	21	10965	255	0	255	255	255	1143.744	661.000	0	3.208	0.811	3.396	1143.744	661.000	0	1141	657	0	7	9	0
103	103	103	38	26265	255	0	255	255	255	184.786	662.000	0	5.457	2.166	5.912	184.786	662.000	0	177	658	0	17	9	0
38	38	38	18	9690	255	0	255	255	255	1012.447	664.500	0	3.036	0.427	2.943	1012.447	664.500	0	1010	661	0	6	8	0
272	272	272	57	69360	255	0	255	255	255	116.438	672.324	0	8.967	1.873	9.530	116.438	672.323	0	106	663	0	21	21	0
135	135	135	36	34425	255	0	255	255	255	157.763	670.941	0	6.139	0.721	6.088	157.763	670.941	0	151	665	0	13	14	0
29	29	29	15	7395	255	0	255	255	255	38.586	668.138	0	2.615	0.281	2.590	38.586	668.138	0	36	666	0	6	6	0
34	34	34	16	8670	255	0	255	255	255	337.706	668.500	0	2.859	0.263	2.783	337.706	668.500	0	335	666	0	7	6	0
236	236	236	47	60180	255	0	255	255	255	1057.780	676.229	0	8.304	0.825	8.290	1057.781	676.229	0	1048	667	0	19	18	0
112	112	112	32	28560	255	0	255	255	255	63.652	673.875	0	5.587	0.845	5.700	63.652	673.875	0	57	669	0	14	12	0
424	424	424	90	108120	255	0	255	255	255	144.163	687.639	0	11.061	3.802	11.571	144.163	687.639	0	134	671	0	23	33	0
220	220	220	66	56100	255	0	255	255	255	258.341	684.441	0	8.972	4.134	9.587	258.341	684.441	0	252	671	0	14	29	0
80	80	80	28	20400	255	0	255	255	255	52.588	681.000	0	4.645	0.674	4.641	52.588	681.000	0	48	677	0	11	10	0
523	523	523	93	133365	255	0	255	255	255	321.319	691.501	0	12.808	3.683	13.050	321.320	691.501	0	303	677	0	36	28	0
142	142	142	38	36210	255	0	255	255	255	352.958	685.014	0	6.357	1.111	6.347	352.958	685.014	0	346	679	0	15	13	0
201	201	201	47	51255	255	0	255	255	255	93.637	687.627	0	7.591	1.160	7.801	93.637	687.627	0	87	680	0	17	17	0
61	61	61	27	15555	255	0	255	255	255	32.016	687.393	0	4.119	1.293	4.502	32.016	687.393	0	28	682	0	9	11	0
543	543	543	87	138465	255	0	255	255	255	204.081	700.372	0	13.294	3.075	13.269	204.082	700.373	0	190	683	0	28	33	0
2278	2278	2278	343	580890	255	0	255	255	255	176.489	739.512	0	28.100	12.707	27.071	176.490	739.513	0	154	689	0	55	105	0
1312	1312	1312	215	334560	255	0	255	255	255	600.559	714.989	0	20.642	8.227	20.003	600.560	714.989	0	570	694	0	69	42	0
177	177	177	45	45135	255	0	255	255	255	283.684	703.831	0	7.103	1.087	7.183	283.684	703.831	0	275	696	0	18	17	0
3335	3335	3335	539	850425	255	0	255	255	255	568.633	742.391	0	37.780	18.292	38.404	568.632	742.397	0	502	696	0	130	95	0
78	78	78	27	19890	255	0	255	255	255	562.500	699.936	0	4.524	0.333	4.596	562.500	699.936	0	558	696	0	10	9	0
545	545	545	96	138975	255	0	255	255	255	387.035	715.464	0	14.254	5.686	14.469	387.036	715.464	0	372	697	0	33	40	0
198	198	198	46	50490	255	0	255	255	255	351.071	705.667	0	7.474	0.670	7.505	351.071	705.667	0	344	698	0	16	16	0
142	142	142	38	36210	255	0	255	255	255	98.507	710.239	0	6.435	1.184	6.404	98.507	710.240	0	93	703	0	14	16	0
73	73	73	25	18615	255	0	255	255	255	239.123	706.945	0	4.384	0.314	4.337	239.123	706.945	0	234	703	0	11	9	0
1139	1139	1139	218	290445	255	0	255	255	255	119.687	736.138	0	19.179	6.343	19.934	119.687	736.138	0	93	707	0	55	52	0
85	85	85	30	21675	255	0	255	255	255	34.188	715.824	0	4.748	0.697	4.729	34.188	715.824	0	29	712	0	12	9	0
103	103	103	35	26265	255	0	255	255	255	75.738	720.408	0	5.303	1.432	5.921	75.738	720.408	0	71	714	0	10	14	0
805	805	805	174	205275	255	0	255	255	255	238.376	743.036	0	15.768	5.556	16.308	238.377	743.037	0	213	723	0	46	38	0
279	279	279	63	71145	255	0	255	255	255	304.620	733.878	0	9.007	1.554	8.926	304.620	733.878	0	295	725	0	22	20	0
20869	20869	20869	2026	5321595	255	0	255	255	255	875.055	884.222	0	139.545	88.849	126.564	875.083	884.117	0	620	732	0	546	292	0
401	401	401	81	102255	255	0	255	255	255	278.474	745.975	0	11.381	4.088	11.520	278.474	745.976	0	264	734	0	31	26	0
110	110	110	35	28050	255	0	255	255	255	360.682	741.827	0	5.671	1.843	6.271	360.682	741.827	0	354	736	0	15	13	0
322	322	322	64	82110	255	0	255	255	255	72.522	750.680	0	9.957	2.136	10.553	72.522	750.681	0	60	739	0	25	25	0
300	300	300	61	76500	255	0	255	255	255	393.217	751.057	0	9.363	1.719	9.320	393.217	751.057	0	382	741	0	24	20	0
1315	1315	1315	218	335325	255	0	255	255	255	448.700	771.018	0	24.735	13.061	24.084	448.701	771.018	0	413	745	0	81	57	0
290	290	290	60	73950	255	0	255	255	255	315.841	758.024	0	9.205	1.547	8.769	315.842	758.024	0	306	749	0	21	19	0
206	206	206	198	52530	255	0	255	255	255	1406.403	805.913	0	24.948	14.621	24.918	1406.400	805.913	0	1404	751	0	5	105	0
176	176	176	57	44880	255	0	255	255	255	47.864	764.966	0	7.572	2.744	7.532	47.864	764.966	0	42	754	0	13	24	0
37	37	37	17	9435	255	0	255	255	255	370.027	760.757	0	3.004	0.316	3.023	370.027	760.757	0	367	758	0	7	7	0
130	130	130	42	33150	255	0	255	255	255	346.431	767.646	0	6.167	2.207	6.812	346.431	767.646	0	340	760	0	14	17	0
36	36	36	17	9180	255	0	255	255	255	414.861	762.611	0	2.940	0.301	2.926	414.861	762.611	0	412	760	0	7	6	0
56	56	56	26	14280	255	0	255	255	255	116.518	772.000	0	3.983	1.508	4.326	116.518	772.000	0	112	767	0	10	11	0
137	137	137	39	34935	255	0	255	255	255	392.650	774.971	0	6.219	1.267	6.153	392.650	774.971	0	384	769	0	17	13	0
432	432	432	78	110160	255	0	255	255	255	283.674	780.268	0	11.523	3.243	11.266	283.674	780.269	0	268	771	0	34	19	0
96	96	96	30	24480	255	0	255	255	255	61.417	781.219	0	5.193	1.075	5.414	61.417	781.219	0	56	776	0	12	12	0
33	33	33	22	8415	255	0	255	255	255	138.364	783.242	0	3.030	1.293	3.284	138.364	783.242	0	135	779	0	8	10	0
2076	2076	2076	350	529380	255	0	255	255	255	94.868	832.869	0	30.714	15.540	29.909	94.869	832.869	0	61	781	0	67	113	0
854	854	854	178	217770	255	0	255	255	255	349.227	802.662	0	18.955	8.615	18.737	349.229	802.662	0	325	781	0	59	43	0
179	179	179	44	45645	255	0	255	255	255	448.207	790.391	0	7.125	0.940	7.251	448.207	790.391	0	440	784	0	17	15	0
31	31	31	21	7905	255	0	255	255	255	56.258	789.226	0	2.992	1.180	2.872	56.258	789.226	0	53	785	0	8	8	0
75	75	75	32	19125	255	0	255	255	255	117.347	789.467	0	4.637	1.791	4.792	117.347	789.467	0	111	785	0	14	10	0
166	166	166	54	42330	255	0	255	255	255	390.892	790.675	0	7.501	2.874	7.231	390.892	790.674	0	381	786	0	23	11	0
13	13	13	9	3315	255	0	255	255	255	407.385	789.615	0	1.627	0.169	1.661	407.385	789.615	0	406	788	0	4	4	0
29	29	29	25	7395	255	0	255	255	255	8.862	799.069	0	3.705	2.234	3.072	8.862	799.069	0	8	791	0	3	17	0
192	192	192	46	48960	255	0	255	255	255	299.974	803.807	0	7.838	2.334	8.145	299.974	803.808	0	291	795	0	19	18	0
11	11	11	11	2805	255	0	255	255	255	15.182	798.909	0	1.556	0.770	1.491	15.182	798.909	0	13	798	0	5	4	0
15	15	15	10	3825	255	0	255	255	255	428.467	799.867	0	1.754	0.271	1.807	428.467	799.867	0	427	798	0	4	5	0
800	800	800	123	204000	255	0	255	255	255	756.411	814.609	0	17.376	6.354	17.100	756.412	814.609	0	735	800	0	51	31	0
935	935	935	160	238425	255	0	255	255	255	197.757	837.934	0	19.490	8.035	19.173	197.758	837.934	0	181	801	0	36	62	0
21	21	21	13	5355	255	0	255	255	255	457.571	803.619	0	2.140	0.450	2.159	457.571	803.619	0	456	801	0	4	6	0
382	382	382	67	97410	255	0	255	255	255	412.848	813.660	0	10.661	2.032	10.810	412.849	813.659	0	401	802	0	26	23	0
83	83	83	33	21165	255	0	255	255	255	53.554	809.301	0	4.894	1.280	4.851	53.554	809.301	0	49	803	0	11	13	0
61	61	61	24	15555	255	0	255	255	255	179.410	806.000	0	3.974	0.751	3.958	179.410	806.000	0	174	803	0	11	7	0
185	185	185	45	47175	255	0	255	255	255	126.897	814.086	0	7.231	1.166	7.158	126.897	814.086	0	120	805	0	14	19	0
628	628	628	130	160140	255	0	255	255	255	460.726	821.174	0	15.358	6.326	15.758	460.728	821.173	0	437	806	0	45	33	0
458	458	458	81	116790	255	0	255	255	255	163.969	821.672	0	11.803	2.705	11.803	163.970	821.672	0	149	808	0	32	25	0
54	54	54	21	13770	255	0	255	255	255	315.648	814.093	0	3.711	0.319	3.759	315.648	814.093	0	312	810	0	8	9	0
87	87	87	87	22185	255	0	255	255	255	8.287	847.736	0	15.711	8.682	15.738	8.287	847.736	0	8	813	0	2	62	0
546	546	546	81	139230	255	0	255	255	255	507.780	826.822	0	13.178	2.847	12.385	507.782	826.823	0	493	813	0	33	27	0
191	191	191	81	48705	255	0	255	255	255	23.419	830.079	0	7.495	3.265	7.487	23.419	830.078	0	16	817	0	14	25	0
283	283	283	66	72165	255	0	255	255	255	340.293	831.258	0	10.496	3.741	10.841	340.294	831.258	0	327	822	0	31	19	0
85	85	85	43	21675	255	0	255	255	255	53.165	830.553	0	4.632	1.741	4.867	53.165	830.553	0	48	824	0	12	13	0
303	303	303	61	77265	255	0	255	255	255	125.525	847.300	0	9.611	2.425	10.023	125.525	847.300	0	117	834	0	18	27	0
1025	1025	1025	178	261375	255	0	255	255	255	397.055	860.154	0	21.769	9.837	20.591	397.056	860.155	0	370	834	0	67	47	0
34	34	34	22	8670	255	0	255	255	255	404.029	844.118	0	3.064	1.315	3.051	404.029	844.118	0	402	840	0	5	10	0
263	263	263	64	67065	255	0	255	255	255	481.875	850.323	0	8.767	2.574	8.908	481.875	850.323	0	473	841	0	21	23	0
397	397	397	69	101235	255	0	255	255	255	457.914	858.940	0	10.917	2.305	10.955	457.915	858.940	0	447	847	0	21	28	0
498	498	498	105	126990	255	0	255	255	255	153.934	863.245	0	13.020	4.917	12.013	153.934	863.245	0	137	853	0	42	23	0
18	18	18	13	4590	255	0	255	255	255	54.667	856.833	0	1.933	0.397	1.863	54.667	856.833	0	53	855	0	4	5	0
1475	1475	1475	245	376125	255	0	255	255	255	530.215	887.209	0	24.648	10.948	27.358	530.216	887.208	0	502	855	0	64	74	0
63	63	63	27	16065	255	0	255	255	255	506.032	868.222	0	4.280	1.461	4.658	506.032	868.222	0	501	863	0	11	11	0
201	201	201	54	51255	255	0	255	255	255	223.269	879.154	0	8.236	3.148	8.137	223.269	879.154	0	216	867	0	15	25	0
101	101	101	48	25755	255	0	255	255	255	60.020	877.446	0	5.409	2.064	5.573	60.020	877.446	0	53	869	0	15	15	0
134	134	134	37	34170	255	0	255	255	255	468.403	876.851	0	6.139	1.319	6.162	468.403	876.851	0	462	871	0	15	14	0
338	338	338	79	86190	255	0	255	255	255	186.399	885.459	0	10.693	3.940	11.937	186.399	885.458	0	172	873	0	29	25	0
71	71	71	32	18105	255	0	255	255	255	93.451	880.521	0	4.658	2.138	4.945	93.451	880.521	0	87	876	0	14	11	0
196	196	196	50	49980	255	0	255	255	255	428.918	886.010	0	7.734	2.428	7.811	428.919	886.011	0	418	880	0	23	13	0
160	160	160	48	40800	255	0	255	255	255	584.500	888.650	0	6.786	1.742	6.743	584.500	888.650	0	577	881	0	14	18	0
201	201	201	49	51255	255	0	255	255	255	143.786	891.234	0	7.724	1.712	7.802	143.786	891.234	0	136	882	0	17	19	0
86	86	86	34	21930	255	0	255	255	255	557.826	889.233	0	5.007	1.856	4.967	557.826	889.233	0	550	886	0	16	8	0
187	187	187	54	47685	255	0	255	255	255	487.850	894.059	0	7.091	2.150	7.441	487.851	894.059	0	480	887	0	17	18	0
168	168	168	166	42840	255	0	255	255	255	8.464	932.464	0	20.775	12.011	20.542	8.464	932.464	0	7	890	0	3	84	0
143	143	143	38	36465	255	0	255	255	255	31.189	903.853	0	6.388	1.250	6.434	31.189	903.853	0	26	896	0	12	17	0
343	343	343	60	87465	255	0	255	255	255	170.761	906.950	0	10.087	1.305	10.092	170.761	906.951	0	160	897	0	25	21	0
215	215	215	47	54825	255	0	255	255	255	545.633	906.214	0	7.919	1.211	7.595	545.633	906.214	0	539	897	0	15	20	0
980	980	980	154	249900	255	0	255	255	255	603.613	920.769	0	16.475	4.034	17.024	603.615	920.769	0	584	899	0	42	45	0
216	216	216	64	55080	255	0	255	255	255	70.236	913.560	0	7.918	1.833	7.717	70.236	913.560	0	63	902	0	15	23	0
228	228	228	54	58140	255	0	255	255	255	99.456	912.961	0	8.227	1.862	7.572	99.456	912.960	0	92	902	0	15	23	0
323	323	323	81	82365	255	0	255	255	255	455.300	911.124	0	11.059	5.126	10.540	455.301	911.124	0	439	902	0	36	17	0
304	304	304	75	77520	255	0	255	255	255	144.707	922.375	0	10.521	4.351	10.021	144.707	922.375	0	132	908	0	26	29	0
413	413	413	96	105315	255	0	255	255	255	239.983	927.271	0	12.721	5.672	12.483	239.984	927.271	0	226	909	0	27	39	0
31	31	31	19	7905	255	0	255	255	255	47.452	917.710	0	2.801	0.970	2.712	47.452	917.710	0	46	914	0	4	9	0
436	436	436	77	111180	255	0	255	255	255	562.539	931.743	0	11.371	1.636	11.294	562.540	931.743	0	552	918	0	25	27	0
322	322	322	66	82110	255	0	255	255	255	111.311	931.199	0	10.182	2.591	9.699	111.311	931.198	0	100	920	0	24	24	0
196	196	196	49	49980	255	0	255	255	255	473.265	927.903	0	7.523	1.823	7.784	473.266	927.903	0	464	923	0	20	12	0
604	604	604	99	154020	255	0	255	255	255	219.424	938.450	0	13.913	3.800	14.302	219.425	938.450	0	200	926	0	36	30	0
196	196	196	60	49980	255	0	255	255	255	635.811	935.934	0	8.307	3.169	8.222	635.812	935.933	0	627	926	0	22	20	0
211	211	211	205	53805	255	0	255	255	255	1410.360	986.621	0	25.877	15.216	25.623	1410.359	986.621	0	1408	929	0	5	109	0
342	342	342	79	87210	255	0	255	255	255	163.070	952.731	0	10.893	3.930	11.176	163.070	952.732	0	155	936	0	21	33	0
29	29	29	15	7395	255	0	255	255	255	33.448	939.586	0	2.609	0.266	2.618	33.448	939.586	0	31	937	0	6	6	0
110	110	110	34	28050	255	0	255	255	255	512.591	947.409	0	5.482	0.991	5.606	512.591	947.409	0	506	943	0	14	11	0
176	176	176	43	44880	255	0	255	255	255	563.562	954.790	0	7.033	0.966	6.925	563.563	954.790	0	557	947	0	14	17	0
175	175	175	50	44625	255	0	255	255	255	661.194	959.760	0	7.573	2.557	7.675	661.195	959.759	0	655	948	0	15	22	0
200	200	200	49	51000	255	0	255	255	255	199.595	960.235	0	7.627	1.488	7.372	199.595	960.235	0	191	951	0	16	20	0
353	353	353	61	90015	255	0	255	255	255	528.864	962.411	0	10.193	1.222	10.443	528.865	962.411	0	518	951	0	22	22	0
434	434	434	76	110670	255	0	255	255	255	248.654	965.323	0	11.281	1.756	11.545	248.655	965.322	0	237	952	0	24	27	0
538	538	538	92	137190	255	0	255	255	255	632.907	971.480	0	13.007	3.796	13.251	632.908	971.480	0	622	952	0	24	37	0
25	25	25	14	6375	255	0	255	255	255	647.560	954.920	0	2.381	0.296	2.458	647.560	954.920	0	645	953	0	6	5	0
155	155	155	44	39525	255	0	255	255	255	216.497	968.568	0	6.636	1.273	6.519	216.497	968.568	0	210	961	0	14	16	0
148	148	148	40	37740	255	0	255	255	255	553.507	968.959	0	6.661	1.579	6.813	553.507	968.960	0	547	961	0	14	18	0
488	488	488	111	124440	255	0	255	255	255	601.941	975.951	0	12.857	4.337	12.118	601.942	975.951	0	584	963	0	34	33	0
408	408	408	69	104040	255	0	255	255	255	183.733	980.770	0	11.391	2.602	10.641	183.733	980.769	0	171	969	0	24	27	0
1319	1319	1319	219	336345	255	0	255	255	255	698.963	1003.462	0	23.790	10.532	21.682	698.963	1003.460	0	666	973	0	71	59	0
481	481	481	90	122655	255	0	255	255	255	261.755	996.680	0	12.085	3.470	11.766	261.755	996.679	0	251	981	0	22	34	0
201	201	201	48	51255	255	0	255	255	255	548.960	988.836	0	7.735	1.787	7.902	548.961	988.836	0	540	981	0	18	18	0
103	103	103	32	26265	255	0	255	255	255	590.835	989.107	0	5.315	0.729	5.211	590.835	989.107	0	585	984	0	13	11	0
455	455	455	83	116025	255	0	255	255	255	581.727	1005.275	0	12.360	3.912	13.139	581.729	1005.276	0	568	988	0	28	33	0
11	11	11	9	2805	255	0	255	255	255	663.727	988.909	0	1.512	0.486	1.311	663.727	988.909	0	662	988	0	5	3	0
29	29	29	15	7395	255	0	255	255	255	221.138	993.414	0	2.615	0.281	2.590	221.138	993.414	0	219	991	0	6	6	0
47	47	47	19	11985	255	0	255	255	255	233.702	998.787	0	3.455	0.370	3.493	233.702	998.787	0	230	995	0	8	8	0
288	288	288	59	73440	255	0	255	255	255	619.531	1006.892	0	9.258	1.805	8.578	619.532	1006.892	0	609	997	0	21	21	0
117	117	117	36	29835	255	0	255	255	255	89.769	1006.769	0	5.721	1.119	5.666	89.769	1006.769	0	85	1000	0	10	16	0
112	112	112	36	28560	255	0	255	255	255	669.920	1012.482	0	5.669	1.791	6.343	669.920	1012.482	0	664	1005	0	13	15	0
554	554	554	128	141270	255	0	255	255	255	213.635	1025.439	0	13.196	5.259	13.366	213.636	1025.440	0	196	1010	0	32	38	0
76	76	76	26	19380	255	0	255	255	255	280.816	1019.895	0	4.598	1.101	4.890	280.816	1019.895	0	275	1015	0	12	11	0
715	715	715	138	182325	255	0	255	255	255	273.543	1037.706	0	15.692	6.651	14.621	273.544	1037.706	0	253	1016	0	47	39	0
569	569	569	96	145095	255	0	255	255	255	615.873	1034.663	0	14.282	5.443	13.997	615.874	1034.660	0	598	1017	0	33	37	0
141	141	141	39	35955	255	0	255	255	255	169.227	1025.610	0	6.263	1.016	6.282	169.227	1025.610	0	163	1018	0	13	16	0
98	98	98	36	24990	255	0	255	255	255	649.694	1028.000	0	5.174	1.298	5.380	649.694	1028.000	0	643	1023	0	14	10	0
252	252	252	59	64260	255	0	255	255	255	671.754	1033.246	0	8.477	2.073	8.546	671.755	1033.246	0	660	1023	0	22	20	0
199	199	199	49	50745	255	0	255	255	255	88.734	1039.482	0	8.086	2.683	8.487	88.734	1039.483	0	81	1029	0	16	22	0
148	148	148	42	37740	255	0	255	255	255	639.223	1043.432	0	6.522	1.526	6.378	639.223	1043.433	0	633	1035	0	14	16	0
367	367	367	73	93585	255	0	255	255	255	723.392	1045.815	0	10.547	2.538	11.048	723.394	1045.814	0	710	1036	0	29	19	0
30	30	30	19	7650	255	0	255	255	255	667.000	1047.800	0	2.792	0.990	2.417	667.000	1047.800	0	664	1044	0	7	8	0
98	98	98	33	24990	255	0	255	255	255	757.663	1050.112	0	5.239	1.136	5.451	757.663	1050.113	0	752	1045	0	14	10	0
2809	2809	2809	2783	716295	255	0	255	255	255	708.231	1058.491	0	354.900	201.257	355.231	708.232	1058.464	0	7	1057	0	1406	3	0
